	17Networks_LH_VisCent_ExStr_1	17Networks_LH_VisCent_ExStr_2	17Networks_LH_VisCent_ExStr_3	17Networks_LH_VisCent_ExStr_4	17Networks_LH_VisCent_ExStr_5	17Networks_LH_VisCent_ExStr_6	17Networks_LH_VisCent_Striate_1	17Networks_LH_VisCent_ExStr_7	17Networks_LH_VisCent_ExStr_8	17Networks_LH_VisCent_ExStr_9	17Networks_LH_VisCent_ExStr_10	17Networks_LH_VisCent_ExStr_11	17Networks_LH_VisPeri_ExStrInf_1	17Networks_LH_VisPeri_ExStrInf_2	17Networks_LH_VisPeri_ExStrInf_3	17Networks_LH_VisPeri_ExStrInf_4	17Networks_LH_VisPeri_ExStrInf_5	17Networks_LH_VisPeri_StriCal_1	17Networks_LH_VisPeri_StriCal_2	17Networks_LH_VisPeri_ExStrSup_1	17Networks_LH_VisPeri_ExStrSup_2	17Networks_LH_VisPeri_ExStrSup_3	17Networks_LH_VisPeri_ExStrSup_4	17Networks_LH_VisPeri_ExStrSup_5	17Networks_LH_SomMotA_1	17Networks_LH_SomMotA_2	17Networks_LH_SomMotA_3	17Networks_LH_SomMotA_4	17Networks_LH_SomMotA_5	17Networks_LH_SomMotA_6	17Networks_LH_SomMotA_7	17Networks_LH_SomMotA_8	17Networks_LH_SomMotA_9	17Networks_LH_SomMotA_10	17Networks_LH_SomMotA_11	17Networks_LH_SomMotA_12	17Networks_LH_SomMotA_13	17Networks_LH_SomMotA_14	17Networks_LH_SomMotA_15	17Networks_LH_SomMotA_16	17Networks_LH_SomMotA_17	17Networks_LH_SomMotA_18	17Networks_LH_SomMotA_19	17Networks_LH_SomMotB_Aud_1	17Networks_LH_SomMotB_Aud_2	17Networks_LH_SomMotB_Ins_1	17Networks_LH_SomMotB_S2_1	17Networks_LH_SomMotB_S2_2	17Networks_LH_SomMotB_Aud_3	17Networks_LH_SomMotB_Aud_4	17Networks_LH_SomMotB_S2_3	17Networks_LH_SomMotB_S2_4	17Networks_LH_SomMotB_S2_5	17Networks_LH_SomMotB_S2_6	17Networks_LH_SomMotB_Cent_1	17Networks_LH_SomMotB_Cent_2	17Networks_LH_SomMotB_Cent_3	17Networks_LH_SomMotB_Cent_4	17Networks_LH_SomMotB_Cent_5	17Networks_LH_DorsAttnA_TempOcc_1	17Networks_LH_DorsAttnA_TempOcc_2	17Networks_LH_DorsAttnA_TempOcc_3	17Networks_LH_DorsAttnA_TempOcc_4	17Networks_LH_DorsAttnA_ParOcc_1	17Networks_LH_DorsAttnA_ParOcc_2	17Networks_LH_DorsAttnA_SPL_1	17Networks_LH_DorsAttnA_SPL_2	17Networks_LH_DorsAttnA_SPL_3	17Networks_LH_DorsAttnA_SPL_4	17Networks_LH_DorsAttnA_SPL_5	17Networks_LH_DorsAttnA_SPL_6	17Networks_LH_DorsAttnA_SPL_7	17Networks_LH_DorsAttnB_PostC_1	17Networks_LH_DorsAttnB_PostC_2	17Networks_LH_DorsAttnB_PostC_3	17Networks_LH_DorsAttnB_PostC_4	17Networks_LH_DorsAttnB_PostC_5	17Networks_LH_DorsAttnB_PostC_6	17Networks_LH_DorsAttnB_PostC_7	17Networks_LH_DorsAttnB_PostC_8	17Networks_LH_DorsAttnB_PostC_9	17Networks_LH_DorsAttnB_FEF_1	17Networks_LH_DorsAttnB_FEF_2	17Networks_LH_DorsAttnB_FEF_3	17Networks_LH_DorsAttnB_PrCv_1	17Networks_LH_SalVentAttnA_ParOper_1	17Networks_LH_SalVentAttnA_ParOper_2	17Networks_LH_SalVentAttnA_ParOper_3	17Networks_LH_SalVentAttnA_Ins_1	17Networks_LH_SalVentAttnA_Ins_2	17Networks_LH_SalVentAttnA_Ins_3	17Networks_LH_SalVentAttnA_Ins_4	17Networks_LH_SalVentAttnA_FrOper_1	17Networks_LH_SalVentAttnA_FrOper_2	17Networks_LH_SalVentAttnA_ParMed_1	17Networks_LH_SalVentAttnA_ParMed_2	17Networks_LH_SalVentAttnA_ParMed_3	17Networks_LH_SalVentAttnA_FrMed_1	17Networks_LH_SalVentAttnA_FrMed_2	17Networks_LH_SalVentAttnA_FrMed_3	17Networks_LH_SalVentAttnB_PFCl_1	17Networks_LH_SalVentAttnB_PFCl_2	17Networks_LH_SalVentAttnB_PFCl_3	17Networks_LH_SalVentAttnB_Ins_1	17Networks_LH_SalVentAttnB_Ins_2	17Networks_LH_SalVentAttnB_Ins_3	17Networks_LH_SalVentAttnB_OFC_1	17Networks_LH_SalVentAttnB_PFCmp_1	17Networks_LH_LimbicB_OFC_1	17Networks_LH_LimbicB_OFC_2	17Networks_LH_LimbicB_OFC_3	17Networks_LH_LimbicB_OFC_4	17Networks_LH_LimbicB_OFC_5	17Networks_LH_LimbicA_TempPole_1	17Networks_LH_LimbicA_TempPole_2	17Networks_LH_LimbicA_TempPole_3	17Networks_LH_LimbicA_TempPole_4	17Networks_LH_LimbicA_TempPole_5	17Networks_LH_LimbicA_TempPole_6	17Networks_LH_LimbicA_TempPole_7	17Networks_LH_ContA_Temp_1	17Networks_LH_ContA_IPS_1	17Networks_LH_ContA_IPS_2	17Networks_LH_ContA_IPS_3	17Networks_LH_ContA_IPS_4	17Networks_LH_ContA_IPS_5	17Networks_LH_ContA_PFCd_1	17Networks_LH_ContA_PFClv_1	17Networks_LH_ContA_PFClv_2	17Networks_LH_ContA_PFCl_1	17Networks_LH_ContA_PFCl_2	17Networks_LH_ContA_PFCl_3	17Networks_LH_ContA_Cingm_1	17Networks_LH_ContB_Temp_1	17Networks_LH_ContB_Temp_2	17Networks_LH_ContB_IPL_1	17Networks_LH_ContB_IPL_2	17Networks_LH_ContB_IPL_3	17Networks_LH_ContB_PFCd_1	17Networks_LH_ContB_PFClv_1	17Networks_LH_ContB_PFClv_2	17Networks_LH_ContB_PFClv_3	17Networks_LH_ContB_PFCmp_1	17Networks_LH_ContC_pCun_1	17Networks_LH_ContC_pCun_2	17Networks_LH_ContC_pCun_3	17Networks_LH_ContC_Cingp_1	17Networks_LH_ContC_Cingp_2	17Networks_LH_DefaultA_IPL_1	17Networks_LH_DefaultA_IPL_2	17Networks_LH_DefaultA_PFCd_1	17Networks_LH_DefaultA_PFCd_2	17Networks_LH_DefaultA_PFCd_3	17Networks_LH_DefaultA_pCunPCC_1	17Networks_LH_DefaultA_pCunPCC_2	17Networks_LH_DefaultA_pCunPCC_3	17Networks_LH_DefaultA_pCunPCC_4	17Networks_LH_DefaultA_pCunPCC_5	17Networks_LH_DefaultA_pCunPCC_6	17Networks_LH_DefaultA_pCunPCC_7	17Networks_LH_DefaultA_PFCm_1	17Networks_LH_DefaultA_PFCm_2	17Networks_LH_DefaultA_PFCm_3	17Networks_LH_DefaultA_PFCm_4	17Networks_LH_DefaultA_PFCm_5	17Networks_LH_DefaultA_PFCm_6	17Networks_LH_DefaultB_Temp_1	17Networks_LH_DefaultB_Temp_2	17Networks_LH_DefaultB_Temp_3	17Networks_LH_DefaultB_Temp_4	17Networks_LH_DefaultB_Temp_5	17Networks_LH_DefaultB_Temp_6	17Networks_LH_DefaultB_IPL_1	17Networks_LH_DefaultB_IPL_2	17Networks_LH_DefaultB_PFCd_1	17Networks_LH_DefaultB_PFCd_2	17Networks_LH_DefaultB_PFCd_3	17Networks_LH_DefaultB_PFCd_4	17Networks_LH_DefaultB_PFCd_5	17Networks_LH_DefaultB_PFCd_6	17Networks_LH_DefaultB_PFCl_1	17Networks_LH_DefaultB_PFCl_2	17Networks_LH_DefaultB_PFCv_1	17Networks_LH_DefaultB_PFCv_2	17Networks_LH_DefaultB_PFCv_3	17Networks_LH_DefaultB_PFCv_4	17Networks_LH_DefaultB_PFCv_5	17Networks_LH_DefaultC_IPL_1	17Networks_LH_DefaultC_Rsp_1	17Networks_LH_DefaultC_Rsp_2	17Networks_LH_DefaultC_Rsp_3	17Networks_LH_DefaultC_PHC_1	17Networks_LH_DefaultC_PHC_2	17Networks_LH_DefaultC_PHC_3	17Networks_LH_TempPar_1	17Networks_LH_TempPar_2	17Networks_LH_TempPar_3	17Networks_LH_TempPar_4	17Networks_LH_TempPar_5	17Networks_LH_TempPar_6	17Networks_RH_VisCent_ExStr_1	17Networks_RH_VisCent_ExStr_2	17Networks_RH_VisCent_ExStr_3	17Networks_RH_VisCent_ExStr_4	17Networks_RH_VisCent_ExStr_5	17Networks_RH_VisCent_ExStr_6	17Networks_RH_VisCent_Striate_1	17Networks_RH_VisCent_ExStr_7	17Networks_RH_VisCent_ExStr_8	17Networks_RH_VisCent_ExStr_9	17Networks_RH_VisCent_ExStr_10	17Networks_RH_VisCent_ExStr_11	17Networks_RH_VisPeri_ExStrInf_1	17Networks_RH_VisPeri_ExStrInf_2	17Networks_RH_VisPeri_ExStrInf_3	17Networks_RH_VisPeri_ExStrInf_4	17Networks_RH_VisPeri_ExStrInf_5	17Networks_RH_VisPeri_StriCal_1	17Networks_RH_VisPeri_StriCal_2	17Networks_RH_VisPeri_ExStrSup_1	17Networks_RH_VisPeri_ExStrSup_2	17Networks_RH_VisPeri_ExStrSup_3	17Networks_RH_VisPeri_ExStrSup_4	17Networks_RH_SomMotA_1	17Networks_RH_SomMotA_2	17Networks_RH_SomMotA_3	17Networks_RH_SomMotA_4	17Networks_RH_SomMotA_5	17Networks_RH_SomMotA_6	17Networks_RH_SomMotA_7	17Networks_RH_SomMotA_8	17Networks_RH_SomMotA_9	17Networks_RH_SomMotA_10	17Networks_RH_SomMotA_11	17Networks_RH_SomMotA_12	17Networks_RH_SomMotA_13	17Networks_RH_SomMotA_14	17Networks_RH_SomMotA_15	17Networks_RH_SomMotA_16	17Networks_RH_SomMotA_17	17Networks_RH_SomMotA_18	17Networks_RH_SomMotA_19	17Networks_RH_SomMotA_20	17Networks_RH_SomMotB_Aud_1	17Networks_RH_SomMotB_Aud_2	17Networks_RH_SomMotB_Ins_1	17Networks_RH_SomMotB_S2_1	17Networks_RH_SomMotB_S2_2	17Networks_RH_SomMotB_Aud_3	17Networks_RH_SomMotB_S2_3	17Networks_RH_SomMotB_S2_4	17Networks_RH_SomMotB_S2_5	17Networks_RH_SomMotB_S2_6	17Networks_RH_SomMotB_S2_7	17Networks_RH_SomMotB_S2_8	17Networks_RH_SomMotB_Cent_1	17Networks_RH_SomMotB_Cent_2	17Networks_RH_SomMotB_Cent_3	17Networks_RH_DorsAttnA_TempOcc_1	17Networks_RH_DorsAttnA_TempOcc_2	17Networks_RH_DorsAttnA_TempOcc_3	17Networks_RH_DorsAttnA_ParOcc_1	17Networks_RH_DorsAttnA_ParOcc_2	17Networks_RH_DorsAttnA_ParOcc_3	17Networks_RH_DorsAttnA_SPL_1	17Networks_RH_DorsAttnA_SPL_2	17Networks_RH_DorsAttnA_SPL_3	17Networks_RH_DorsAttnA_SPL_4	17Networks_RH_DorsAttnA_SPL_5	17Networks_RH_DorsAttnA_SPL_6	17Networks_RH_DorsAttnA_SPL_7	17Networks_RH_DorsAttnA_SPL_8	17Networks_RH_DorsAttnB_TempOcc_1	17Networks_RH_DorsAttnB_PostC_1	17Networks_RH_DorsAttnB_PostC_2	17Networks_RH_DorsAttnB_PostC_3	17Networks_RH_DorsAttnB_PostC_4	17Networks_RH_DorsAttnB_PostC_5	17Networks_RH_DorsAttnB_PostC_6	17Networks_RH_DorsAttnB_PostC_7	17Networks_RH_DorsAttnB_PostC_8	17Networks_RH_DorsAttnB_FEF_1	17Networks_RH_DorsAttnB_FEF_2	17Networks_RH_DorsAttnB_FEF_3	17Networks_RH_SalVentAttnA_ParOper_1	17Networks_RH_SalVentAttnA_ParOper_2	17Networks_RH_SalVentAttnA_ParOper_3	17Networks_RH_SalVentAttnA_PrC_1	17Networks_RH_SalVentAttnA_Ins_1	17Networks_RH_SalVentAttnA_Ins_2	17Networks_RH_SalVentAttnA_Ins_3	17Networks_RH_SalVentAttnA_Ins_4	17Networks_RH_SalVentAttnA_FrOper_1	17Networks_RH_SalVentAttnA_FrOper_2	17Networks_RH_SalVentAttnA_FrOper_3	17Networks_RH_SalVentAttnA_FrMed_1	17Networks_RH_SalVentAttnA_ParMed_1	17Networks_RH_SalVentAttnA_ParMed_2	17Networks_RH_SalVentAttnA_FrMed_2	17Networks_RH_SalVentAttnA_ParMed_3	17Networks_RH_SalVentAttnA_ParMed_4	17Networks_RH_SalVentAttnA_FrMed_3	17Networks_RH_SalVentAttnA_FrMed_4	17Networks_RH_SalVentAttnB_IPL_1	17Networks_RH_SalVentAttnB_PFClv_1	17Networks_RH_SalVentAttnB_PFCl_1	17Networks_RH_SalVentAttnB_PFCl_2	17Networks_RH_SalVentAttnB_PFCl_3	17Networks_RH_SalVentAttnB_Ins_1	17Networks_RH_SalVentAttnB_Ins_2	17Networks_RH_SalVentAttnB_PFCmp_1	17Networks_RH_SalVentAttnB_PFCmp_2	17Networks_RH_LimbicB_OFC_1	17Networks_RH_LimbicB_OFC_2	17Networks_RH_LimbicB_OFC_3	17Networks_RH_LimbicB_OFC_4	17Networks_RH_LimbicB_OFC_5	17Networks_RH_LimbicB_OFC_6	17Networks_RH_LimbicA_TempPole_1	17Networks_RH_LimbicA_TempPole_2	17Networks_RH_LimbicA_TempPole_3	17Networks_RH_LimbicA_TempPole_4	17Networks_RH_LimbicA_TempPole_5	17Networks_RH_LimbicA_TempPole_6	17Networks_RH_ContA_IPS_1	17Networks_RH_ContA_IPS_2	17Networks_RH_ContA_IPS_3	17Networks_RH_ContA_IPS_4	17Networks_RH_ContA_PFCd_1	17Networks_RH_ContA_PFCl_1	17Networks_RH_ContA_PFCl_2	17Networks_RH_ContA_PFCl_3	17Networks_RH_ContA_PFCl_4	17Networks_RH_ContA_PFCl_5	17Networks_RH_ContA_Cingm_1	17Networks_RH_ContB_Temp_1	17Networks_RH_ContB_Temp_2	17Networks_RH_ContB_IPL_1	17Networks_RH_ContB_IPL_2	17Networks_RH_ContB_IPL_3	17Networks_RH_ContB_IPL_4	17Networks_RH_ContB_PFCld_1	17Networks_RH_ContB_PFCld_2	17Networks_RH_ContB_PFCld_3	17Networks_RH_ContB_PFCld_4	17Networks_RH_ContB_PFClv_1	17Networks_RH_ContB_PFClv_2	17Networks_RH_ContB_PFClv_3	17Networks_RH_ContB_PFClv_4	17Networks_RH_ContB_PFCmp_1	17Networks_RH_ContC_pCun_1	17Networks_RH_ContC_pCun_2	17Networks_RH_ContC_pCun_3	17Networks_RH_ContC_pCun_4	17Networks_RH_ContC_pCun_5	17Networks_RH_ContC_Cingp_1	17Networks_RH_ContC_Cingp_2	17Networks_RH_DefaultA_Temp_1	17Networks_RH_DefaultA_IPL_1	17Networks_RH_DefaultA_IPL_2	17Networks_RH_DefaultA_PFCd_1	17Networks_RH_DefaultA_PFCd_2	17Networks_RH_DefaultA_pCunPCC_1	17Networks_RH_DefaultA_pCunPCC_2	17Networks_RH_DefaultA_pCunPCC_3	17Networks_RH_DefaultA_pCunPCC_4	17Networks_RH_DefaultA_pCunPCC_5	17Networks_RH_DefaultA_PFCm_1	17Networks_RH_DefaultA_PFCm_2	17Networks_RH_DefaultA_PFCm_3	17Networks_RH_DefaultA_PFCm_4	17Networks_RH_DefaultA_PFCm_5	17Networks_RH_DefaultA_PFCm_6	17Networks_RH_DefaultB_Temp_1	17Networks_RH_DefaultB_Temp_2	17Networks_RH_DefaultB_AntTemp_1	17Networks_RH_DefaultB_PFCd_1	17Networks_RH_DefaultB_PFCd_2	17Networks_RH_DefaultB_PFCd_3	17Networks_RH_DefaultB_PFCd_4	17Networks_RH_DefaultB_PFCd_5	17Networks_RH_DefaultB_PFCv_1	17Networks_RH_DefaultB_PFCv_2	17Networks_RH_DefaultB_PFCv_3	17Networks_RH_DefaultC_IPL_1	17Networks_RH_DefaultC_IPL_2	17Networks_RH_DefaultC_Rsp_1	17Networks_RH_DefaultC_Rsp_2	17Networks_RH_DefaultC_PHC_1	17Networks_RH_DefaultC_PHC_2	17Networks_RH_TempPar_1	17Networks_RH_TempPar_2	17Networks_RH_TempPar_3	17Networks_RH_TempPar_4	17Networks_RH_TempPar_5	17Networks_RH_TempPar_6	17Networks_RH_TempPar_7	17Networks_RH_TempPar_8	17Networks_RH_TempPar_9	17Networks_RH_TempPar_10	aHIP-lh	pHIP-lh	lAMY-lh	mAMY-lh	THA-DP-lh	THA-VP-lh	THA-VA-lh	THA-DA-lh	NAc-shell-lh	NAc-core-lh	pGP-lh	aGP-lh	aPUT-lh	pPUT-lh	aCAU-lh	pCAU-lh	aHIP-rh	pHIP-rh	lAMY-rh	mAMY-rh	THA-DP-rh	THA-VP-rh	THA-VA-rh	THA-DA-rh	NAc-shell-rh	NAc-core-rh	pGP-rh	aGP-rh	aPUT-rh	pPUT-rh	aCAU-rh	pCAU-rh	region1	region2	region3	region4	region5	region6	region7	region8	region9	region10	region11	region12	region13	region14	region15	region16	region17	region18	region19	region20	region21	region22	region23	region24	region25	region26	region27	region28	region29	region30	region31	region32
17Networks_LH_VisCent_ExStr_1	1.10613465	0.62707504	0.46139403	0.65327917	0.27686432	0.17450985	0.53976375	0.26257919	0.39810929	0.35355288	0.36755765	0.30572958	0.32927323	0.47613954	0.57737198	0.05243571	0.13585983	0.42860979	0.11776198	0.27579115	0.22480847	0.14443759	0.20943432	0.15533733	0.05407970	0.27972403	0.28309241	0.20780558	0.28092207	0.20816661	0.09523979	0.11276371	0.16048968	0.18646247	0.32617780	0.42930173	0.05344580	0.44464375	0.52470802	0.23341195	0.16228624	0.29429877	0.22459028	0.23520603	0.01506690	0.02275867	0.13694455	0.00347215	0.07638442	0.09699325	0.11676702	0.18177114	-0.07612040	0.01184813	0.10338228	-0.12401447	0.15816457	0.05538927	0.32517625	0.53747936	0.32696556	0.62725334	0.48814933	0.04401706	0.34293745	0.26748136	0.31199312	0.34450885	0.33083522	0.15580419	0.36375988	0.37806527	-0.03836311	0.17563625	0.02443242	0.16525388	0.18474089	0.13267611	0.29044134	0.23528365	0.40672700	0.38972898	0.23406733	0.20107282	0.19200150	0.02057952	0.22386815	-0.05973676	-0.02996490	-0.08826955	-0.06834250	0.03671549	0.14944921	0.23804742	0.06672200	0.08703583	0.24887152	0.10159774	0.25519906	0.55961596	-0.00414758	0.20436887	-0.07588175	0.04135336	0.13479246	-0.07168173	0.18568876	0.17906911	-0.09080415	0.30319968	0.06224503	0.11624333	0.24092293	0.05541190	0.02312932	-0.11101755	-0.23615605	0.02799584	-0.10055160	0.10500135	0.20786302	0.40905450	0.11418912	0.41412949	0.18336938	0.21295236	0.44451558	0.24068002	0.04425117	0.13728864	0.24745761	0.16961766	-0.10745931	0.37062076	0.41884093	0.42956408	0.38268657	0.20181174	0.36093074	0.26350024	0.29569658	0.28736836	0.28388778	-0.12587677	0.16448593	0.24626763	-0.13354958	-0.08162104	0.31844477	0.34132150	0.04889081	0.16435834	0.22182464	0.20998348	0.22965067	0.11895057	0.03624835	0.14980203	0.35281409	0.14008395	0.38341413	0.18861802	0.26668030	0.06578253	0.41210916	0.03786154	0.20281185	0.17936482	0.15014165	0.21205221	0.41050956	0.32509622	0.30348009	0.33729246	0.39209436	0.37498641	0.23708222	0.31202950	0.32556483	0.50302079	0.21905426	0.41087901	0.24194079	0.22729335	0.23685583	0.29997264	0.37303934	0.18082277	0.23172056	0.17515474	-0.01135854	0.20964050	0.19698505	0.01207303	0.35948673	0.28983738	0.24820391	0.12696022	0.25299328	0.13270232	0.39207101	0.56911250	0.52585012	0.60290958	0.44357561	0.25991037	0.60689841	0.27355865	0.33846717	0.36384925	0.42956221	0.47236729	0.37100522	0.03477155	0.39077888	0.34152579	0.12459896	0.31637207	0.29507932	0.26416517	0.26786828	0.03860000	0.18684318	0.15493157	0.13229911	0.22282611	0.22819866	0.02394214	0.23305358	0.12523062	0.28575653	0.24416735	0.13052827	0.02117628	0.26390143	0.32416539	0.16705032	0.15212948	0.35349519	0.21410512	0.42270999	0.28964753	0.22936741	0.21424377	0.13819628	-0.01923982	0.07318013	0.09348005	0.09750619	-0.01732275	0.10230012	0.09285853	0.09261827	0.04389490	0.17889325	0.16020518	0.19852287	0.17156570	0.20469703	0.48613443	0.42773969	0.35364518	0.25495552	0.28501152	0.40895050	0.35806691	0.27785086	0.39823707	0.35340353	0.31612413	0.25672741	0.21313048	0.15390569	0.25893747	0.13658885	0.20265942	0.14352261	0.08966606	0.13394742	0.29400186	0.32091183	0.22360336	0.18001739	0.16715686	0.03519245	0.07750956	-0.02842379	0.13475471	0.13864463	-0.13644529	-0.01785052	-0.17116397	-0.08026847	0.01655948	-0.13508366	0.05479808	0.08807561	-0.02249405	-0.00560784	0.12173824	0.05617745	0.34210875	0.24626082	-0.13237049	0.01513767	0.15554556	0.03743654	0.28959632	0.05711511	-0.10991086	0.02697367	0.08673696	0.14129313	0.29568558	0.05157621	0.07349598	0.13762162	0.12568381	0.13166303	0.06061047	0.14530916	0.13149018	0.04913851	0.12257678	0.35228729	0.12137327	0.15843329	0.26472710	0.28313987	0.21353155	0.11781799	0.22279701	0.01685758	0.14921693	0.14261555	0.27645259	0.25650096	0.23701978	0.14395698	-0.07674058	0.11921504	0.14598808	0.05071320	0.16999827	0.42099367	0.23915436	0.26024845	0.08701915	0.31570869	0.07310119	-0.14336225	0.00092581	0.26552422	0.04625439	0.06211497	0.04416362	0.07973324	0.16182573	0.26627027	0.22289443	0.26492504	0.33433986	0.25256240	0.27093269	0.00710783	0.10406462	0.08165381	0.32735696	0.25341432	0.07366029	0.28982238	0.37267423	0.09368866	0.25566428	0.17187769	0.12000170	0.38934801	0.12897983	0.28028525	0.28302832	0.22916642	0.20603981	0.15594199	-0.07937050	0.04051332	0.02276025	0.22672799	0.01568089	0.13566929	0.15000139	0.12310448	0.02939433	0.12749451	0.27081870	0.10722481	-0.03442371	0.01601638	-0.00246999	0.27592768	-0.00567094	-0.00679516	0.09450810	0.13463196	0.01980753	0.05520255	-0.04856212	0.13635928	-0.05980273	0.20498997	0.08048488	0.01431958	0.01927249	0.11421626	0.02247421	0.19128609	0.27913058	-0.12094118	0.02901987	0.05408657	0.14326459	0.04124039	-0.15290608	0.07597209	0.01880179	0.18143624	-0.04796961	0.12090906	0.13596132	0.20574342	0.14453315	0.25729397	0.30736632	0.46615501	0.29859632	0.26738597	0.07280441	0.07269332	0.35671459	0.18744421	0.18331829	0.53194383	0.48414794	0.61930799	0.60536767	0.60593864	0.52294649	0.46265285	0.53992759	0.43263102	0.31732043	0.23469871	0.07382773	0.10064434	0.23580607	0.22649880	0.12939366	0.47716436	0.47481652	0.62738903	0.61550346	0.59317941	0.45115922	0.55135126	0.43341413
17Networks_LH_VisCent_ExStr_2	0.62707504	1.04219471	0.38649250	0.66954538	0.27851699	0.07725001	0.45785493	0.30379350	0.26212317	0.39827302	0.49406474	0.45267339	0.44793938	0.54501888	0.70249405	0.16892612	0.28224295	0.59049330	0.40053545	0.41107625	0.50996923	0.32375657	0.47492698	0.37985306	0.06319456	0.20980934	0.17580494	0.26891958	0.10715898	0.11906032	0.05699172	0.02556920	0.15743163	0.18526705	0.31501209	0.40114452	0.02945911	0.42203290	0.48926321	0.23368635	0.15644324	0.36459403	0.29082675	0.24402638	0.11871636	0.06612395	0.04306452	0.01513199	0.03539794	0.14346354	0.14985217	0.02926490	0.06798663	0.06223141	0.07473075	-0.15103681	0.12678163	-0.00860303	0.17905527	0.40609066	0.44333964	0.52013362	0.41841837	-0.04643723	0.44709070	0.17958066	0.37240251	0.35374010	0.33770640	0.17672643	0.33515786	0.39645872	0.01741023	0.19046335	0.03870864	0.14126459	0.17766179	0.25598326	0.36498131	0.37121325	0.42516639	0.27281969	0.21845894	0.26487196	0.25622445	0.12638824	0.17431575	-0.11275209	0.02223488	-0.08125251	-0.06734602	0.00920538	0.17466882	0.20147518	0.02697659	0.18324458	0.29753700	0.16139913	0.22924555	0.49490961	0.04743911	0.33139803	-0.04626987	-0.04572154	0.06951691	0.03252161	0.21524912	0.30235534	-0.09076707	0.24971908	-0.09543062	-0.04846771	0.14453364	-0.03725375	-0.06723862	-0.21445020	-0.06789577	-0.03790918	-0.19748103	0.07567846	0.22738718	0.30480289	0.07754285	0.33030034	0.12566381	0.15281910	0.38514210	0.16143296	-0.00063069	0.17596055	0.16461409	0.20672276	0.00285118	0.22544122	0.40938817	0.33236583	0.28926117	0.20190165	0.30132533	0.24543511	0.22488701	0.32819716	0.29070658	-0.08878098	0.17941040	0.23695496	-0.10994056	-0.01830143	0.22036409	0.28099594	0.19401702	0.23896411	0.19345456	0.20105655	0.21651446	0.07791946	0.07296078	0.14854147	0.31855690	0.07712359	0.31037514	0.11559380	0.32464245	0.18391194	0.31490834	0.07206436	0.01158935	0.12651934	0.07720343	0.11467809	0.31929204	0.17494020	0.18172532	0.26152698	0.34329534	0.37841746	0.35718162	0.34974875	0.33514555	0.47696898	0.27266750	0.38186601	0.18234843	0.15625006	0.20464775	0.26687735	0.28217250	0.18583895	0.27690646	0.13473703	-0.02616889	0.26777357	0.34397121	0.10172159	0.26282910	0.17163147	0.19741566	0.02460509	0.12501357	0.11312860	0.40382543	0.52565429	0.63445026	0.49775641	0.36403022	0.23950028	0.53044596	0.20681019	0.27024884	0.27903692	0.45185501	0.53350308	0.51644178	0.17147551	0.52870334	0.46483538	0.30990894	0.55196553	0.41406734	0.51540215	0.52908815	0.29816296	0.39795717	0.23082280	0.11356275	0.16789332	0.21994480	0.06592165	0.18333339	0.12609124	0.28466589	0.31436489	0.16717907	0.06083204	0.36112556	0.41429758	0.14555598	0.16258778	0.35748510	0.30698572	0.40814021	0.38405358	0.26611547	0.29659511	0.25312373	0.13389990	0.07892839	0.15848035	0.13874848	-0.02485804	0.17375546	0.08241946	0.05326381	0.17358507	0.18572305	0.17356619	0.13547428	0.19340552	0.28845458	0.46748586	0.47793313	0.30593618	0.20032299	0.41366417	0.49994981	0.33772785	0.29722501	0.44248221	0.41943387	0.34951937	0.37085346	0.33671423	0.24105816	0.19883735	0.21963397	0.27731510	0.21285010	0.14861082	0.31781271	0.46781008	0.37943960	0.29977393	0.25595941	0.20103683	0.05092922	0.17787440	0.04768463	0.16511853	0.20486440	-0.09122001	0.11835285	-0.11478774	-0.01491434	0.07638817	-0.13568900	0.19279150	0.20022536	0.09730663	0.09014262	0.20202376	0.12771532	0.37560518	0.22752196	-0.18124707	0.05429522	0.14610291	0.06943396	0.31647670	-0.01759660	-0.10237643	0.06062958	0.16734285	-0.00271610	0.23050067	-0.14574793	0.07025695	-0.00606891	0.13247313	0.01261781	0.02704214	-0.01450032	0.09455335	-0.06772123	0.14957651	0.33301145	0.04680107	0.18997426	0.30703632	0.25103962	0.15967280	0.09676596	0.16960795	0.01557574	0.08657138	0.13151983	0.28016556	0.29783150	0.18212469	0.08947291	-0.06466402	0.10966297	0.18925965	0.06511218	0.11780246	0.35777026	0.16602912	0.21082644	0.10325655	0.25672890	0.03805547	-0.03506565	0.06307560	0.29011348	0.06494719	0.13864580	-0.02768003	0.08686762	0.18838631	0.19775232	0.18821919	0.29215932	0.30956369	0.18395844	0.23409810	-0.05677186	0.13971785	0.12094281	0.21027060	0.12981802	0.13519284	0.26301697	0.38931147	0.04575227	0.22036624	0.02374167	0.04798789	0.33586317	0.14275466	0.22544111	0.21800072	0.26606921	0.20166719	0.08792499	-0.11236112	0.02559184	0.05536196	0.28117317	0.07226305	0.22876355	0.20475699	0.11492831	0.01220077	0.11399411	0.20013454	0.01819302	-0.14334581	-0.02888158	-0.08458651	0.16067997	-0.07211591	-0.02602853	0.18286507	0.09093652	-0.04777838	0.15677826	-0.09151117	0.07692605	-0.01754150	0.08178707	-0.02953374	-0.00223039	0.01979024	-0.02202771	0.00332287	0.14262627	0.25605257	-0.02832395	0.08872968	0.03850360	0.01679205	0.11110707	-0.18446424	0.03646543	0.04715763	0.02793044	-0.08970176	0.13487895	0.09186409	0.02715492	0.10428557	0.22887727	0.25997574	0.48484222	0.36683385	0.28119555	0.19434118	0.17433898	0.46235228	0.35830327	0.28368364	0.49034632	0.50916031	0.57750408	0.52850053	0.54728577	0.49787685	0.32453551	0.51787004	0.44007787	0.34830356	0.28971101	0.19460671	0.17548803	0.31674995	0.30510982	0.25489959	0.44534225	0.37594586	0.58184926	0.47491377	0.49384074	0.35890556	0.40932983	0.34517037
17Networks_LH_VisCent_ExStr_3	0.46139403	0.38649250	1.02665178	0.64441166	0.00464366	0.11641771	0.43972580	0.14240039	0.28373713	0.17232923	0.26239646	0.12845302	0.09221520	0.33336918	0.44397601	-0.13199425	-0.14810816	0.27500556	-0.05765739	0.02303995	0.08392060	-0.07416013	-0.02204619	-0.03856409	-0.06776752	-0.00427947	0.12808877	0.08048612	0.11267581	0.00918315	0.01714551	0.11257077	0.07142912	0.16360816	0.13111207	0.36585139	-0.16035138	0.33897277	0.38584961	0.21124152	-0.03936242	0.07779820	0.10639853	0.42460282	0.22530901	0.06756694	0.12481804	-0.06697849	0.19142462	0.27535101	0.15696086	0.25858226	0.02146240	0.09900984	0.10542055	-0.01943477	0.16812092	-0.02855853	0.25904484	0.22869220	0.06022731	0.34216511	0.26072490	0.04762833	0.11435672	0.10040377	0.11211601	0.13150113	0.05023344	0.03634843	0.21194513	0.26767670	0.09684285	0.25618999	0.04724448	0.17586332	0.07825527	-0.03477895	0.28247024	0.11758145	0.27741781	0.28634035	0.18728786	0.12275774	0.15224831	0.12248796	0.19840705	-0.03415848	0.03911715	-0.05812873	0.05255040	0.03246268	0.14228770	0.25858799	0.09393420	0.04684264	0.07124499	0.06200195	0.35331506	0.44159374	-0.03385537	0.12425307	-0.04223473	0.17267204	0.12562225	0.00747406	0.11120133	0.12658448	0.00453586	0.20891049	-0.00072283	-0.02340169	0.36458424	0.03077376	-0.07066037	-0.05605508	-0.04731294	0.19066735	-0.04419335	0.09834186	0.23212976	0.10497143	0.00521810	0.16026038	0.14816841	0.14003331	0.40232391	0.30706652	0.06064588	0.15834038	0.27606326	0.13556820	-0.01979629	0.38930068	0.42196771	0.33770284	0.23407648	0.09298247	0.18144557	0.36897357	0.38573939	0.19839526	0.33077441	-0.06843984	0.16864698	0.16780130	-0.16592537	-0.05260048	0.29471850	0.22544773	0.08796835	0.11181896	0.19684056	0.16390171	0.23658704	0.05896374	0.00114935	0.09366012	0.29634282	0.12476792	0.26554526	0.03295193	0.24910282	0.09535466	0.33953960	0.06683052	0.08737522	0.18166016	0.20968345	0.19963284	0.37116264	0.24950818	0.17250046	0.19844931	0.37425018	0.29054260	0.21387283	0.25811914	0.25050065	0.44084404	0.12152897	0.32296556	0.17066547	0.25717339	0.30078511	0.30244013	0.27159144	0.25074950	0.08614374	0.08069753	-0.00140485	0.09316745	0.19614998	-0.04686461	0.33764729	0.33248224	0.20785640	0.04697937	0.07974326	0.20053535	0.25985265	0.41134899	0.33910049	0.65551826	0.43989219	0.46991132	0.54190886	0.08005608	0.20806682	0.21647374	0.24473320	0.30082912	0.15956793	-0.02384402	0.23021876	0.14720101	-0.13929314	0.10954934	0.04069856	0.03481948	0.14806008	-0.01931197	0.01729787	0.16137099	0.02320413	0.03656758	0.10302399	0.06072101	0.25677815	0.05714465	0.09172691	0.07386916	0.07639997	0.09946030	0.18788988	0.22482021	0.01620782	-0.07065854	0.17225165	0.10828145	0.45357136	0.29953524	0.19102899	0.15556630	0.13606891	0.13753309	0.16305166	0.12009941	0.18330919	-0.00345425	0.09890140	0.11376622	0.12852036	0.06046069	0.11070672	0.03080835	0.20710345	0.14470453	-0.00618924	0.36699934	0.40351811	0.21799493	0.26756922	0.13201147	0.20370586	0.10236763	0.09222644	0.13428024	0.13598219	0.10152821	0.06038706	0.09458255	0.13570103	0.24429429	0.12026076	0.08722513	0.19565305	-0.03320786	0.08343960	0.14799859	0.22120834	0.14277856	0.24254075	0.23717282	0.02742742	0.10933806	-0.03142962	0.16692835	0.07765213	-0.03123765	0.08379266	-0.08944191	-0.02962067	0.08445540	-0.14236069	-0.00789442	0.04341916	-0.06397823	0.08520715	-0.00841012	-0.12670216	0.32211205	0.06014295	-0.03167500	-0.02613894	0.15917373	0.01660040	0.21514106	-0.09132003	-0.08228451	0.00792681	0.08455057	0.08990520	0.05180800	-0.02964109	0.01608656	0.01886411	0.15845825	0.21619294	0.11096838	0.06234468	0.13452478	-0.01328908	0.04430519	0.06022402	-0.03939106	0.08755071	0.16340896	0.31100442	0.28378778	0.22473643	0.19065449	-0.00092339	0.12840280	0.05121278	0.37345169	0.42206754	0.20581068	0.19639134	-0.02984983	-0.03936031	0.15222347	0.12681560	0.18242963	0.36831944	0.18635648	0.21076542	0.12545239	0.20139126	0.24104923	-0.14142144	-0.07356326	0.24608694	0.08003129	0.08284567	-0.04750628	-0.08851117	0.26530321	0.27943075	0.25208624	0.21919156	0.22819490	0.17990010	0.23803323	-0.06084489	-0.03629385	0.00142891	0.19580780	0.25380748	0.02566609	0.27122440	0.34639279	0.08193775	0.21788171	0.26189867	0.09594826	0.21870068	0.02792977	0.27290374	0.09945722	0.11971131	-0.01619657	0.18051822	0.06033238	0.15706367	0.13785866	0.10918988	0.00713808	0.06019586	0.03570691	-0.09612574	0.06389086	0.07734134	0.28148465	0.06044253	0.08837118	0.11267738	0.11895022	0.23211801	-0.00275698	0.02494145	-0.09384515	0.22093507	0.05215835	-0.02062541	0.06966525	0.04600036	-0.02242812	0.17324344	0.03524192	-0.03517945	-0.02111174	0.18372787	0.15102572	0.21099595	0.27977510	0.04818391	-0.02773142	0.03881595	0.22374291	0.05197505	-0.03416485	0.13763349	0.12901730	0.08277544	-0.03735929	-0.05055760	0.07848057	0.25078833	0.12584128	0.24424019	0.27320563	0.38719458	0.29360247	0.13114500	0.22219573	0.15759498	0.29640936	0.15468026	0.26114732	0.38129505	0.51557524	0.46466306	0.45983941	0.45449110	0.47184236	0.47135532	0.51845984	0.35024635	0.25232067	0.17383174	0.06037761	0.16939145	0.14771107	0.15388052	0.18573220	0.21938091	0.38472408	0.44578389	0.45862091	0.37882860	0.35732397	0.52318305	0.45183294
17Networks_LH_VisCent_ExStr_4	0.65327917	0.66954538	0.64441166	1.16624568	0.34155182	0.01729716	0.67156896	0.20675235	0.35406976	0.27177930	0.42176136	0.26201944	0.27353726	0.56868884	0.76665391	0.05624359	0.13044544	0.50809522	0.19052145	0.22998067	0.34333277	0.17225826	0.24930409	0.17278324	0.05436211	0.19954624	0.16648905	0.25764840	0.22019864	0.14664784	0.10784917	0.11927214	0.18136287	0.26216199	0.36708250	0.46362376	-0.04769811	0.49969002	0.55395255	0.31942779	0.06734877	0.30532909	0.17844984	0.41906972	0.25645869	0.04357127	0.06946944	-0.04677540	0.20033686	0.20492431	0.14677995	0.21189332	-0.03342048	0.12715568	0.01855270	-0.19834607	0.14389501	0.01843697	0.24656499	0.43757895	0.24320977	0.56728937	0.38402542	-0.03057099	0.27579718	0.09722374	0.23977719	0.21240421	0.17503069	0.16445977	0.30923009	0.45114921	0.01876792	0.17433090	0.00273989	0.21630783	0.21879191	0.22572798	0.38109181	0.35244270	0.49771356	0.35905390	0.31218065	0.22724736	0.15617274	0.14743684	0.18000919	-0.10960112	-0.05869374	-0.15767038	-0.05450109	0.05004938	0.19617583	0.31059687	0.04156042	0.11313236	0.20780754	0.10951938	0.32892335	0.57716629	0.01433363	0.29829293	-0.03973597	0.05758122	0.09329708	-0.01955505	0.26281284	0.28425424	-0.04951374	0.23091998	-0.13047065	-0.02766416	0.28833175	-0.06559260	-0.18127164	-0.19242830	-0.07771447	0.03669773	-0.08418783	0.07262410	0.23179007	0.17742807	0.03512647	0.30018240	0.16750294	0.16564457	0.51996207	0.26627968	0.07366572	0.19372265	0.32294610	0.16581161	-0.02187192	0.36880820	0.53197045	0.41009032	0.31513292	0.08490885	0.34951653	0.40751338	0.36872393	0.28930170	0.35381658	-0.12938441	0.16409482	0.31114567	-0.18139881	0.00471822	0.33299959	0.35123726	0.15809320	0.21077847	0.30870699	0.21662992	0.26006381	0.08881674	0.05324987	0.15131944	0.36878819	0.11868412	0.32075727	0.10837510	0.30322552	0.13010882	0.42215565	0.01655665	0.07369242	0.10517748	0.12084702	0.19637697	0.34197394	0.28153564	0.22705448	0.31179522	0.38503104	0.35876000	0.29803068	0.42524775	0.38813357	0.55471428	0.20080362	0.42546309	0.21431851	0.26421862	0.29971132	0.32200842	0.35621948	0.17370475	0.23744484	0.13691515	0.02370573	0.29056428	0.28574012	-0.01322936	0.42902415	0.30488780	0.23033770	0.05700984	0.11638822	0.20152642	0.36187456	0.54946279	0.51651592	0.69127862	0.49456735	0.41434248	0.59155762	0.19368890	0.28540374	0.25826972	0.30206721	0.42990054	0.29597657	0.00668800	0.56432939	0.45664037	0.12763531	0.39560954	0.25856621	0.32687028	0.39905671	0.13521586	0.24852147	0.19776395	0.08527683	0.13257184	0.24394957	0.08024400	0.29789668	0.14286363	0.30475257	0.30290206	0.16844519	0.14287196	0.34536806	0.43578321	0.11793252	0.11916043	0.36340537	0.23619687	0.53387942	0.44680426	0.41422610	0.26911022	0.22613218	0.10473399	0.06090802	0.14713440	0.14907811	0.02504337	0.14398281	0.11600958	0.11775224	0.13480462	0.20284875	0.17064280	0.18189620	0.16274790	0.18930335	0.48469403	0.50014921	0.35663323	0.29455837	0.24701486	0.34755358	0.16040897	0.24350289	0.24721679	0.30394945	0.26416854	0.29396907	0.26476051	0.21860579	0.18892744	0.14457915	0.21575805	0.23851468	0.14025398	0.22613928	0.38675832	0.41798058	0.30375315	0.31099848	0.28451586	0.02457263	0.14952765	-0.00205504	0.20825793	0.05588362	-0.10648371	0.07238564	-0.11678182	-0.02359252	0.07940807	-0.16138540	0.06067630	0.14425249	0.01654771	0.11521732	0.12687566	0.03690296	0.45857010	0.21738635	-0.07368966	0.03119819	0.15858064	0.03540754	0.32653264	-0.08704362	-0.14388996	0.02358272	0.09965144	0.06944736	0.19098096	-0.09366667	0.03130967	0.05649085	0.13672131	0.09527782	-0.01865115	0.08469794	0.11014301	-0.07983548	0.08640271	0.19499200	-0.00644046	0.12053614	0.25101499	0.37931528	0.33188764	0.27025434	0.27575334	0.05475713	0.14892318	0.13901158	0.39052620	0.48096875	0.24544492	0.17788969	-0.05276851	0.01924401	0.19551651	0.14766842	0.23538843	0.51753049	0.30126262	0.25011921	0.10726130	0.31071944	0.16080978	-0.08587677	-0.02933042	0.39028001	0.11705841	0.17061207	-0.04484235	0.01813066	0.22209787	0.35906069	0.33999486	0.36581327	0.35906186	0.24148088	0.30874095	-0.04865212	0.08419919	0.13216200	0.28819406	0.26504650	0.06699006	0.33312732	0.44877090	0.08929468	0.30564419	0.22202939	0.14438685	0.39027676	0.10417342	0.31292780	0.27906909	0.30031155	0.10356978	0.20515421	-0.03319627	0.16693808	0.12767428	0.22929693	0.10694700	0.26083531	0.15459029	0.05261718	0.04162786	0.14367490	0.31751147	0.10205284	0.02321753	0.08778556	0.02872904	0.30970584	-0.01080792	-0.08883290	0.05405466	0.11637345	0.00600549	0.06283726	-0.05109150	0.07896955	-0.05265010	0.14371307	-0.00464671	-0.01451391	-0.00756094	0.06162253	0.08592903	0.17066307	0.20257659	-0.07825603	0.05814652	0.09779577	0.21758645	0.10856558	-0.13326650	0.06909574	0.09584525	0.03927476	-0.17652173	-0.03070822	0.08094749	0.16868331	0.12196479	0.24799807	0.27588800	0.56611081	0.41018688	0.22599793	0.16658958	0.13215097	0.41372562	0.34900103	0.27280527	0.59791688	0.64632764	0.65391260	0.64297043	0.71720408	0.63917754	0.42441100	0.61034983	0.44983588	0.27845688	0.32441232	0.22981090	0.21743292	0.33514358	0.32969609	0.21350564	0.48614343	0.52766511	0.64689049	0.61356979	0.62626551	0.47191408	0.55076080	0.39297181
17Networks_LH_VisCent_ExStr_5	0.27686432	0.27851699	0.00464366	0.34155182	1.00447061	-0.06338962	0.28954780	0.06006637	0.08847177	0.04906441	0.13615332	0.04170845	0.07992303	0.16828106	0.24232831	0.16758843	0.18832816	0.23552424	0.10705455	0.06608778	0.12064189	0.04105194	0.21153283	0.05197592	-0.02698619	0.28521695	0.07066151	0.12982947	0.16689117	-0.02813321	-0.00885849	-0.01345440	0.10158388	0.01646271	0.10925909	0.11235388	0.03633428	0.19052957	0.20448944	0.08029917	-0.02526444	0.14559256	0.03279222	0.00800042	0.02403525	-0.07671921	-0.09720560	0.08062868	0.09215072	0.03866129	0.02992673	-0.04054416	-0.06763877	0.00562603	-0.06798749	-0.06140137	0.02473689	0.10003914	0.03424315	0.13931742	0.13287506	0.28687033	0.27691376	-0.05535804	0.09815871	0.00751832	0.13638934	0.07348314	0.03158566	0.03853885	0.13262739	0.21252320	-0.02122166	0.00555620	-0.03326069	0.04253799	0.11606473	0.09929689	0.09180831	0.18242483	0.19413836	0.12608060	0.07508987	0.11359039	-0.03217423	0.06327632	0.00447057	-0.05918605	-0.12207422	-0.02200254	-0.12892302	0.11419373	-0.03186937	0.02007278	-0.03292991	-0.05277084	0.05309608	-0.00023443	-0.06935402	0.14980413	0.01723628	0.05921207	-0.05900223	-0.16678036	-0.13171519	-0.09296212	0.17957304	-0.02504641	-0.14339938	-0.05980636	-0.11829183	0.01058014	-0.04101128	0.00201640	-0.07597868	-0.04983058	0.07535233	-0.08563410	-0.09032251	-0.06673052	0.11643043	-0.01126096	-0.03592067	0.03982834	0.02326328	-0.06212353	0.11685829	-0.08497275	-0.03020953	0.03933219	-0.08396055	-0.06620824	0.03791768	0.03285219	0.07054899	0.00392333	-0.01937582	-0.03518455	0.22180623	-0.03934631	-0.01424018	0.06815959	0.00233865	-0.23161032	-0.06529313	0.14108513	-0.12489164	0.01603806	0.01224777	0.05004307	0.09510714	0.07897553	0.06613328	0.04571429	-0.00002106	-0.15838381	-0.15331964	0.02444780	0.13702138	-0.04763142	0.06554257	0.03109054	0.12301362	0.02508006	-0.02444405	-0.11289391	-0.02577446	0.03949347	-0.02047681	-0.05265145	-0.01556274	-0.05446306	0.11402466	0.09854840	0.13789184	0.15646588	0.14252134	0.22437064	0.18939176	0.12971036	0.11507097	0.06476310	0.09047818	0.04909514	-0.07047894	0.01395436	0.02873498	-0.09570475	0.07720830	0.02460389	-0.03401594	0.15628315	-0.05596970	-0.04443066	-0.00403355	-0.06366951	-0.02226846	0.03666222	0.12524743	-0.02572694	0.08333967	0.20331154	0.15611420	0.06027141	0.13970987	-0.11443473	0.07031172	0.09367906	0.08747323	0.11048668	0.08337360	0.14389853	0.05891960	-0.05494034	0.20421904	0.36193844	0.16893123	0.16985954	0.04889256	0.19734745	0.12994370	0.01673478	0.12368935	-0.00570007	0.20658177	0.11562684	0.09541235	-0.01397792	0.10451048	0.07196687	0.16546260	0.20934252	0.04695182	0.02827898	0.13172029	0.15500937	0.02315726	0.17032766	0.20202693	0.05107724	0.17934158	0.18113672	0.22388921	0.04328909	0.08721990	-0.04773832	-0.03850821	-0.11594930	0.09536626	0.03862447	0.03874737	-0.05011133	-0.01891847	0.11663184	0.12486771	0.06475334	0.03831317	0.06967711	0.12806492	0.07933130	0.16080334	0.17252033	0.04684528	0.04035633	0.16029842	0.05133030	0.08259116	0.15283137	0.12659523	0.18912509	0.21659153	0.21838240	0.04156475	-0.02993294	0.06172117	0.07142570	0.10969190	0.12110902	0.11351467	0.22548346	0.26663143	0.11665644	-0.00632108	0.06849185	0.02584496	0.05966084	-0.00418464	-0.07408883	-0.15665949	-0.08720639	-0.09504308	-0.05096184	-0.00296130	-0.08175102	-0.16065164	-0.00317437	-0.02680850	0.02976302	-0.01936668	0.14445784	0.11142104	0.08356351	0.17640136	-0.08355121	-0.04594345	0.02372705	0.04778777	0.21111435	0.02914965	-0.09938808	0.00517448	-0.07771675	-0.09496921	0.10464962	-0.09038486	-0.03486158	0.03164685	0.04124282	-0.05137488	-0.04967575	0.01239378	-0.03581237	-0.14165594	-0.15163068	0.11309310	0.06379735	-0.04758978	0.09301982	0.05205624	-0.11373098	-0.20203353	0.08723379	-0.08183926	-0.03583437	0.02097488	-0.01210657	-0.01382673	-0.06606815	-0.08992581	-0.05697635	0.02531978	0.11040627	0.00528010	-0.08062332	0.15428479	0.10013227	-0.09548296	-0.07196334	0.03960349	-0.17818169	-0.10890265	-0.12058015	0.10004425	-0.01658880	0.09916974	-0.07578084	-0.00461062	-0.07844565	0.02713442	-0.03481224	0.11431487	0.11026090	0.02076553	0.03037127	-0.17112410	0.10018575	0.00725869	0.00255388	-0.03414445	-0.06110918	0.07034881	0.15583732	0.09144877	-0.14000531	-0.22512268	-0.09303507	0.16725698	-0.02048459	0.04633749	0.07431097	0.12099464	0.06113736	-0.09475300	-0.18828533	-0.03524432	-0.00583558	-0.00715228	0.01835167	0.08153147	0.15867843	-0.03891643	-0.07501947	-0.00892160	-0.05411878	-0.06711122	-0.12436602	-0.11901953	-0.08186672	0.00964231	-0.05907830	-0.08393737	0.08257737	-0.01662072	-0.01429453	-0.03999096	-0.11650471	-0.03389401	-0.05729823	-0.01765849	-0.03982300	-0.04579754	0.05563527	-0.08695115	0.04693043	-0.11082046	-0.08043390	-0.16663663	0.01199124	0.04008930	0.00168404	0.01323272	-0.07889953	-0.12072221	-0.05255848	-0.06323527	-0.18522116	-0.02214267	0.01162204	-0.07403076	-0.08939930	-0.07952929	-0.00419474	0.15705719	0.16376327	0.13609034	0.06047044	-0.12661081	0.07485663	0.12236339	0.01715092	0.19025416	0.04384240	0.17635931	0.11814262	0.22985563	0.16827465	0.09264880	0.11089313	0.03285349	-0.02733982	0.10465596	0.01466501	-0.06042490	-0.02636074	0.12161895	-0.00100742	0.20611788	0.15220734	0.18024000	0.18409695	0.27319215	0.20120832	0.15428668	0.05843061
17Networks_LH_VisCent_ExStr_6	0.17450985	0.07725001	0.11641771	0.01729716	-0.06338962	0.90013335	0.12343119	0.26677483	0.44802553	0.31148165	0.11577929	0.13824327	0.14347333	-0.00706192	0.02848005	-0.11077875	-0.13388933	0.05492715	-0.18124137	0.01580917	-0.09895404	-0.12167924	-0.07700602	-0.06797780	-0.00648246	-0.06421185	0.07901151	-0.08063146	0.05198512	-0.12598870	0.01249839	0.05713591	0.02461331	-0.01078963	0.02278666	-0.01990368	0.08420546	-0.02009053	-0.05885787	-0.11288102	-0.07045110	-0.13360986	-0.08048075	-0.12850191	-0.12744099	-0.01402070	0.11200783	-0.09460233	0.03373383	0.10548844	-0.03945656	-0.05106158	-0.13791365	-0.23637665	0.04862521	-0.00483698	0.12158476	0.13600958	0.12106480	0.09094214	0.11320756	0.25640484	0.26338794	0.17937182	0.14695315	0.31992771	0.01641001	0.01188837	0.11975899	0.07769947	-0.04339652	-0.01342997	-0.12843364	-0.03445614	-0.06402420	0.06306122	0.03688064	-0.08488394	-0.17237092	-0.23389057	-0.13835903	0.11472104	-0.11636364	-0.02366894	0.11829504	-0.11013598	0.02874016	-0.13088237	-0.02003133	0.09634481	-0.03424355	-0.05881793	-0.07600922	-0.03114786	0.04521064	-0.18877215	-0.14413784	-0.07933831	-0.01059371	-0.04964653	-0.16900856	-0.12213885	-0.25451371	-0.00747136	0.04531086	-0.06899879	-0.12043726	-0.07225136	-0.02967503	-0.00987587	0.10742561	0.13393596	0.14210258	0.31978883	0.16812477	0.23685251	0.04201746	0.23729350	-0.01150691	0.07316120	0.11727979	0.18553736	-0.08145601	0.03917566	0.06201850	-0.12634582	-0.03695655	0.00461388	-0.15865358	-0.01123033	-0.03981464	-0.06009340	-0.03508495	0.13198892	0.07035934	0.01968523	0.04227844	-0.06932434	0.01035444	0.03187294	0.02002680	-0.06519797	0.14821689	-0.16698121	-0.09357482	-0.07658930	-0.05546041	-0.11014567	0.07931930	-0.02368097	-0.07682821	0.03999446	0.03476537	-0.06608421	0.07337786	0.00536556	-0.01030451	-0.05672376	0.12921304	0.04839846	0.04645702	-0.03898298	0.00426901	0.01466078	0.04096170	0.01121319	0.08957659	0.18147576	0.19682519	0.08960883	0.29525034	0.18441311	0.15592973	0.11239116	0.10972487	0.08208013	-0.03991743	0.01503590	0.02129241	0.01314690	0.13582198	0.08303843	0.05964961	-0.05223161	0.16506837	0.11394222	0.09665806	-0.06997598	-0.11021875	-0.15399840	-0.19309262	-0.11294925	0.05455194	0.05959733	-0.00864977	0.06416589	0.14648192	0.16857833	0.16275725	0.12984576	0.05038047	0.13447111	0.09351459	0.15680920	0.27679605	0.20619479	0.30978040	0.37393518	0.48490308	0.27115587	0.30341843	0.15134953	0.09913693	-0.09802967	-0.12241117	-0.18598311	-0.03895482	-0.08857096	0.10149151	0.00303072	-0.12162066	-0.12695070	-0.07219133	-0.01066014	-0.08352947	-0.03363821	0.03147616	-0.03030717	0.08150383	0.05101648	0.09892135	0.00945820	0.08613484	0.06315355	-0.03834144	-0.16800955	-0.05419547	-0.12136876	-0.11210374	-0.14606283	-0.04390118	-0.00740191	-0.04496032	-0.14165998	-0.20195817	-0.14732856	-0.00328966	-0.03551904	-0.21774850	0.08142068	-0.16785903	-0.07986263	-0.06192707	-0.22322864	-0.05843611	-0.03941388	0.05458987	0.04554806	-0.08464251	0.01690403	0.16747997	0.07576095	0.08503903	0.13331277	0.07229482	0.21504835	0.03186912	0.09817743	0.02677065	-0.00589795	-0.06884806	-0.09793894	0.01912761	0.08738375	-0.02492140	-0.04684995	0.01224863	-0.03178826	-0.19144658	-0.09421167	-0.10400133	-0.11034571	-0.05944214	-0.07173439	-0.06193114	-0.13691579	-0.13485063	0.05462101	0.11719066	-0.13554483	0.00103507	0.02706051	-0.14761526	-0.08343128	0.06505728	-0.06711582	-0.13795291	-0.19444164	-0.14473113	-0.15604915	-0.12413485	0.03926994	0.01715672	-0.09298895	-0.05945899	-0.08641067	0.01380529	-0.09940575	0.08360834	0.01241826	0.01918356	0.01909865	0.11569541	0.06501738	0.22756939	0.01220150	0.01614085	0.24457148	0.25396782	0.26761576	0.05186228	0.25885676	0.19368531	0.07981321	0.11433651	-0.08432351	0.04384395	0.05704447	0.02340422	0.09907746	0.09111690	0.03402097	0.05734301	0.11630996	-0.02640813	0.16798403	0.10745372	0.05448824	0.10488312	-0.09373844	-0.01943650	-0.21523830	-0.04779362	0.09653935	0.06266993	-0.06211912	0.09003450	-0.04121748	0.00699538	0.15791036	-0.13238626	-0.07272273	0.07917128	-0.04735566	-0.05583181	0.08032247	-0.04720854	0.24252756	0.09694540	0.06836069	-0.01650460	0.05338404	0.03138064	0.07209903	0.04179754	-0.06842447	0.02376373	0.02315343	0.05546470	-0.01781268	0.02218809	0.10695948	-0.10723289	0.07886060	0.22591174	0.22120149	-0.02307834	0.04209097	0.15367418	0.06841537	0.00994745	0.03333101	0.14299433	0.02778071	0.00353091	0.04562275	-0.10515143	-0.11433930	-0.09154739	-0.09503656	0.04387835	0.16464969	0.03022890	0.05053306	0.22565058	0.05555041	0.11600900	0.10860258	0.15587725	0.03016808	0.28717289	0.06948796	0.14820176	0.05167393	-0.01273563	0.07675145	0.04460723	-0.04263681	0.09498925	0.04264598	0.10532197	0.10648568	0.04668899	-0.02597670	-0.03345526	0.09255546	0.10289095	-0.08257957	0.14355447	0.04025820	0.05167569	-0.01897847	0.10588341	0.04327668	0.11066025	0.12879215	-0.06216323	0.05460000	0.11945366	-0.05047476	0.06950354	0.06078637	-0.02734488	0.02658483	0.04446193	0.16470751	0.06026140	0.02294426	-0.07721031	0.14995325	0.17696822	0.06258430	0.08929202	0.03082363	0.12556817	0.15586400	0.34956924	0.20591977	0.13358954	0.09236469	0.14056415	-0.13042582	0.00322627	0.01674813	-0.04185514	-0.07434551	0.03631107	0.04947444	0.12765111	0.17890727	0.13131977	0.18986533	0.26061444	0.26476711
17Networks_LH_VisCent_Striate_1	0.53976375	0.45785493	0.43972580	0.67156896	0.28954780	0.12343119	1.03245854	0.16281870	0.32595541	0.21001166	0.25188968	0.20216396	0.16646520	0.36281658	0.53925496	-0.02889076	0.05470406	0.38250913	0.05857998	0.18651999	0.17736491	0.07432485	0.11622183	0.13302304	0.01748188	0.12147864	0.11609715	0.09581597	0.19426790	0.12522270	0.05499055	0.10085252	0.11622434	0.11203471	0.19843023	0.31995749	0.00421548	0.35467710	0.38060831	0.18038644	0.04468768	0.14394709	0.12485640	0.30391834	0.14776994	0.03720694	0.12922203	-0.00007176	0.07474708	0.12567249	0.13405538	0.16476405	-0.03476333	0.06487145	0.02513361	-0.23289493	0.06665389	0.02070287	0.18960366	0.36540913	0.15408298	0.49292696	0.36659772	0.00778259	0.22699264	0.15212802	0.14040159	0.13227416	0.17140126	0.09961622	0.19003815	0.26227983	-0.01458709	0.15533572	-0.02206678	0.08322374	0.14091977	0.04493407	0.25903089	0.21154831	0.31910217	0.25009933	0.17671862	0.13338391	0.07903649	0.07150920	0.05056108	-0.11540986	-0.01525005	-0.02943627	0.00650293	0.07206791	0.19583461	0.12758037	0.03378305	0.06734785	0.16895404	0.09323049	0.22667463	0.43671290	-0.06739364	0.14781186	-0.02920309	0.08543297	0.04947862	-0.01143696	0.23734127	0.10122476	-0.03710740	0.11830469	-0.01711811	0.12791440	0.31253764	0.06480970	-0.11144430	-0.03664313	-0.08973711	0.13703803	-0.04669336	-0.01143953	0.21567851	0.19772107	-0.04844095	0.16675748	0.16971501	0.06529005	0.31784792	0.14092416	-0.02954124	0.08119759	0.14316027	0.00926298	-0.03017536	0.33171850	0.34398457	0.25711357	0.16376104	-0.01118637	0.24421413	0.19597476	0.26517414	0.16657784	0.23341318	-0.16445968	0.10494821	0.23124757	-0.19847607	-0.07892378	0.23206951	0.18275198	0.03757504	0.07028389	0.13200400	0.14856582	0.17430917	0.06347009	0.03000456	0.14477674	0.33609526	0.06280319	0.23105695	0.04133828	0.17761549	0.00212489	0.28996558	-0.11639793	0.10615546	0.12136920	0.10094415	0.05804961	0.23096811	0.16491113	0.19598879	0.18710639	0.32810299	0.25778283	0.18034787	0.28406048	0.20340646	0.39293031	0.09863491	0.26529595	0.10617889	0.18918813	0.21432974	0.18866390	0.24140045	0.11915728	0.14128177	0.08456095	-0.01488154	0.07629000	0.17155070	0.01578328	0.29331345	0.26904896	0.19113117	0.12192186	0.15392682	0.08116501	0.24560881	0.35211876	0.31243002	0.55450194	0.43759758	0.30908869	0.55347764	0.24940236	0.37068754	0.21825667	0.18312099	0.31627858	0.17985683	-0.00974538	0.36599170	0.22403629	0.03934040	0.19252544	0.24913215	0.21287200	0.17672729	0.04366559	0.09274057	0.11278075	0.03305487	0.08168847	0.07215974	0.02429944	0.14717161	0.05705096	0.26028368	0.16790375	0.10553845	0.03238640	0.19042799	0.24833497	0.07010338	0.08562728	0.22813488	0.13931610	0.36300057	0.28270499	0.23246703	0.19410952	0.14254065	0.04623693	0.03461866	0.12875448	0.11498426	-0.06092696	0.00843570	0.11769739	0.11734508	0.02355072	0.14495621	0.09856316	0.13179384	0.08964560	0.04657373	0.30685698	0.33608055	0.25623941	0.26393246	0.09067512	0.19898772	0.19168214	0.22131879	0.17389524	0.18526070	0.17895973	0.16734161	0.09405197	0.15355542	0.18465971	0.03149857	0.08512968	0.11003860	0.03480779	0.13996037	0.19494368	0.26239149	0.17014977	0.21998841	0.19659036	0.03943064	0.11499570	-0.04882572	0.05397996	0.01092517	-0.03093653	0.08898518	-0.04791550	-0.05904086	-0.00257027	-0.18691050	0.07616818	-0.02669209	0.00453765	0.01583662	0.11784552	0.03184117	0.35936530	0.15340319	-0.12351252	-0.02322613	0.06371807	0.04352995	0.26045882	-0.07464463	-0.20353393	-0.02306335	0.10722607	0.10881321	0.28290255	-0.00001287	-0.01838580	0.20513337	0.15219898	0.20333714	0.06185134	0.04459588	0.20247387	-0.02841747	0.09071592	0.21493352	-0.03367403	0.01741176	0.10310200	0.26864277	0.15400850	0.05296035	0.14018989	0.06545893	0.05365132	0.16328399	0.31189755	0.29943598	0.13667527	0.06837892	-0.12766684	0.00606664	0.14261600	0.07792979	0.09956764	0.35345133	0.17656096	0.15037886	-0.01214925	0.28660029	0.06164044	-0.04395750	-0.07825132	0.32969467	0.10651984	0.14650027	-0.00460249	0.00676256	0.14843033	0.24520144	0.21824641	0.24259478	0.25174370	0.17233560	0.22549430	-0.03293842	-0.00284506	0.05878687	0.19662048	0.23050774	-0.01359698	0.22743949	0.34871834	0.02631273	0.19225102	0.20491602	0.11312582	0.26893769	0.03842508	0.28585390	0.11007577	0.16698728	0.01248391	0.15251235	-0.05035564	0.08607442	0.11831698	0.09958519	0.03624103	0.29782056	-0.04161963	0.20326699	0.05181239	0.14161129	0.22264880	0.08825063	0.20071916	0.02029338	0.08464957	0.20110147	-0.02140656	0.01634023	0.06474727	0.11851956	-0.00524032	-0.00795009	-0.07467409	0.08685487	-0.04634328	0.28715134	0.08763909	0.06671835	0.03567710	0.06895497	-0.01789154	0.09656316	0.14081162	-0.12555175	0.02226695	0.09732798	0.14835093	0.10005373	-0.14156539	0.06987820	0.03306468	0.16249170	-0.03043531	-0.02665491	0.06586309	0.17996325	-0.01112734	0.17845247	0.25051340	0.42029618	0.22469294	0.11979315	0.03318550	0.04238103	0.24811307	0.15902702	0.11978480	0.40948754	0.45068695	0.46660941	0.47679872	0.51097431	0.49809093	0.42416822	0.45158377	0.34677192	0.19519695	0.25377811	0.08813540	0.07071574	0.24216640	0.20412749	0.16140979	0.32815607	0.42245565	0.48410694	0.57586564	0.49259546	0.42972547	0.52529369	0.39540079
17Networks_LH_VisCent_ExStr_7	0.26257919	0.30379350	0.14240039	0.20675235	0.06006637	0.26677483	0.16281870	0.81630188	0.26426587	0.47070135	0.15003633	0.28777074	0.35243011	0.30635215	0.25563542	0.10621600	0.16264703	0.11844945	-0.07735610	0.15547944	-0.02310505	0.08300512	0.09282250	0.07968110	0.26859684	0.05045555	0.19895139	0.22057586	0.28798458	0.06796302	0.20640686	0.16679927	0.35628163	0.26311896	0.23978349	0.30542505	0.23247385	0.15545285	0.26731464	0.15667075	0.28812686	0.15810039	0.28915929	0.05364620	0.01702550	0.03035318	0.14125758	0.07944739	-0.00291864	0.20351767	0.24885970	0.10013586	0.09318996	-0.08667291	0.20629145	0.08867481	0.19459199	0.22767712	0.15562912	0.22478380	0.33600995	0.30317180	0.26596208	0.29242558	0.26954409	0.29489588	0.33282675	0.35438164	0.40156409	0.28607543	0.21698641	0.26843735	-0.04185209	0.21583928	0.14248625	0.30507543	0.30880744	0.27326381	0.09786912	0.08084932	0.15265155	0.26318699	0.20359207	0.16797395	0.39430521	0.02072384	0.11066183	-0.08634797	0.04588558	-0.01751811	0.13327542	0.06442825	0.03672811	0.01709861	0.21781068	0.07175213	0.09876609	0.23258848	0.21122929	0.28797468	-0.06490772	0.18304408	-0.03107122	-0.04964430	0.00261698	0.04480987	-0.09073969	0.13031924	-0.11495325	0.12531008	0.00546066	0.00034716	0.11425684	0.10890421	0.04347287	-0.05825035	0.02158276	0.08768945	-0.12669028	-0.03913186	0.29743503	0.38837834	-0.01943074	0.17689021	0.26427126	0.01739593	0.13184884	-0.03241510	-0.12457365	0.18796222	0.01625255	0.04526227	0.07240018	0.15272501	0.12113610	0.07745686	0.02652536	0.14870558	0.13547050	0.00524366	0.05554485	0.13138278	0.19959054	-0.08201597	0.02963778	0.06669151	-0.03566672	-0.17585165	0.01902785	-0.00677278	0.01358039	0.12402634	-0.04423843	0.01713867	0.10046506	-0.05780045	-0.07997707	0.10537319	0.15537003	-0.02755993	0.06154585	-0.10259615	0.10663745	0.09180937	0.07023896	0.02215487	-0.00509766	0.07444119	0.07348059	0.08187755	0.08392325	0.07140172	0.24035526	0.11629613	0.20269990	0.26203850	0.22011029	0.24940046	0.11357385	0.20908350	0.19057343	0.20841257	0.11822454	-0.12874764	0.09042406	0.13150463	0.10094463	0.08767744	-0.04022757	-0.13902350	-0.17893537	0.02687195	0.12441130	0.05788092	-0.07542668	0.14233657	0.03409934	-0.01964364	0.22135507	0.02246810	0.36583886	0.29940535	0.34896899	0.22421802	0.21819991	0.16005834	0.35239264	0.37889397	0.33333369	0.46499896	0.15289665	0.33357602	0.31641804	0.06701305	0.20646010	0.06788524	0.05262834	0.05896495	0.17318998	0.11180218	-0.03261745	0.03317187	0.05867043	0.20089268	0.13977716	0.23456235	0.27647891	0.16728994	0.28176248	0.30584455	0.22640664	0.28522981	0.25210511	0.22336961	0.30629446	0.08787269	0.01562958	0.01630496	0.09563182	0.26418195	0.21585806	0.27432091	0.11496924	0.06890873	0.00908745	-0.00817605	-0.00965084	0.08357262	0.01306508	0.05754701	0.21186554	0.13638072	0.08951045	0.10121696	0.20890952	0.18140232	0.27419859	0.33889751	0.27261074	0.23251968	0.26196326	0.43650709	0.15041661	0.24906963	0.34369200	0.41270152	0.18957257	0.32388184	0.29456480	0.22475344	0.15478859	0.17456265	0.25242845	0.14015641	0.13465258	0.21121455	0.24611594	0.14128839	0.11834433	0.11837490	0.02101304	0.21500341	0.22478384	0.22628295	0.07204173	0.06675993	0.06507428	0.16935130	0.11559636	-0.06930003	0.04896313	-0.04059159	0.01198547	0.02894853	0.03021249	0.14926742	0.09805540	0.07019373	0.10699310	0.09640986	0.13555278	0.30245653	0.22177513	-0.04750351	0.02196910	0.02283605	0.07194777	0.17741282	0.15976630	0.12538107	0.11690036	0.24879544	0.01377559	0.13436774	0.02307509	0.09925037	0.02338428	0.16826744	0.06119476	0.17992388	0.06769524	0.13522127	-0.07989631	0.03523741	0.32850679	-0.05042418	0.04080178	0.33777669	0.15441603	0.07552658	0.05874692	0.01176258	0.10643972	0.10131030	0.05406872	0.08985203	0.13919685	0.04183767	-0.04059760	-0.06729408	0.01103336	0.05158541	-0.01451448	0.03511468	0.15717085	-0.07058063	0.22002067	0.02835300	0.02608362	0.08726405	-0.11205250	-0.01400248	0.10938004	-0.03890179	0.11857716	0.11110430	-0.03256231	0.23519515	0.04691224	-0.02230382	0.19377654	0.20844805	0.08933720	0.14857632	-0.09405210	0.01562263	-0.05890385	0.00218570	0.01883683	0.01732560	0.12975125	0.25667485	-0.06192131	0.06868618	0.02138537	0.13096907	0.17121794	0.11928190	0.22357537	0.21278243	0.21568835	0.20837558	0.18171539	0.08696838	-0.01261815	-0.01490830	-0.06464516	-0.10235330	0.01583376	0.04968248	0.01919781	0.11839650	0.09885447	0.15105132	0.13257928	0.03637797	-0.00718318	0.06658264	0.10257985	0.07331879	0.01031889	0.06081509	-0.04672093	-0.01917997	0.20738962	0.00211060	0.07285817	0.10822028	0.11227659	0.02160760	0.08195766	0.06848110	0.10963219	0.04255263	0.13253191	0.19717070	-0.00688393	-0.09597870	-0.05204839	-0.01937470	0.15918740	0.02524909	0.12146002	0.10427528	0.16247401	0.11977417	0.09557965	0.02927099	0.09120319	0.10273177	0.21270430	0.15842854	0.28583487	0.21391884	0.26293790	0.25091212	0.21487000	0.30380771	0.19583070	0.26642382	0.14637397	0.31283676	0.25193177	0.25144591	0.26781239	0.31469041	0.26460880	0.33959906	0.26725746	0.27650250	0.33193762	0.11620365	0.17258817	0.29388604	0.13381281	0.19070594	0.19466383	0.16614080	0.28833904	0.23764376	0.25079126	0.23537363	0.27464180	0.29588929
17Networks_LH_VisCent_ExStr_8	0.39810929	0.26212317	0.28373713	0.35406976	0.08847177	0.44802553	0.32595541	0.26426587	0.97148644	0.34185027	0.26588776	0.23077560	0.21830731	0.12434682	0.25681644	-0.07360344	-0.07234705	0.19227841	-0.24131962	-0.01787544	-0.08942375	-0.12219021	-0.10267362	-0.15439211	0.07573020	0.01044307	0.17545722	-0.00334256	0.27581457	0.00600490	0.12398767	0.16004587	0.10963463	0.11800091	0.22692373	0.12685546	0.06526001	0.21172922	0.23151645	-0.00767719	0.06784901	0.05594051	0.03790851	0.04890433	-0.02393043	-0.01466549	0.10789271	-0.10160298	0.16567766	0.13981150	0.01627537	0.01133201	-0.13228488	-0.24262281	0.00558097	-0.18185418	0.07392339	0.18651511	0.22201976	0.27330455	0.20297215	0.40949050	0.34377451	0.14060682	0.28790886	0.31467671	0.05101916	0.12733137	0.19114284	0.13405387	0.02398124	0.16704780	-0.17702967	0.01176973	-0.00494867	0.12712553	0.06622395	0.05646903	-0.06419917	-0.12025543	0.05037437	0.24745079	0.04009241	0.05059102	0.22955323	-0.06139933	0.22216676	-0.18314777	-0.13037396	0.00278267	-0.01447890	0.02899532	-0.00744022	0.08889551	0.06162038	-0.08463999	-0.06264152	-0.00193570	0.19888971	0.18297523	-0.20065297	0.03351560	-0.27309480	0.06645048	0.14023380	0.01782281	-0.10648414	0.14331653	-0.04683016	0.15748383	0.06153710	0.17111599	0.25154339	0.21065467	0.01674986	0.14354693	-0.07872454	0.22835084	-0.02288905	0.08334228	0.16821257	0.31317521	-0.07284908	0.17809417	0.11278463	-0.10268272	0.09366089	0.07393412	-0.12977917	0.09257292	0.18258791	0.08881733	0.00645126	0.19766291	0.25052081	0.22509265	0.12723301	-0.03245305	0.17574815	0.22263255	0.12690530	0.01841497	0.32320287	-0.13781842	-0.04636510	0.12237033	-0.13191367	-0.02734459	0.33109349	0.15396183	-0.02803349	0.18550558	0.22632863	0.11741306	0.20578091	0.09153648	0.07094758	0.04656047	0.32071631	0.16241332	0.27560099	0.08163946	0.15708973	0.17695075	0.18042680	0.07085123	0.19864720	0.30813915	0.21984287	0.32937670	0.30121092	0.37763510	0.24687203	0.29868811	0.30138714	0.21846995	0.14827071	0.18677194	0.14405689	0.21492799	0.24668487	0.29934811	0.28366100	0.09516323	0.39156304	0.31962617	0.26386592	0.02401455	-0.04333581	-0.00790459	-0.14615138	0.11201772	0.23646322	0.02013169	0.20536546	0.25847288	0.19789343	0.12060984	0.24808067	0.27755230	0.16620321	0.23442983	0.20642460	0.35048241	0.32905129	0.23648104	0.46423382	0.38184464	0.58918776	0.24522763	0.31370536	0.20635114	0.16682411	-0.06798799	0.09343401	0.06142958	-0.04141057	-0.03433232	0.11830061	-0.02472934	-0.06431473	-0.15668629	-0.04688639	-0.01364103	-0.08429456	0.00656018	0.12931673	0.04166057	0.16463011	0.15942928	0.18125381	0.11325534	0.13725451	0.17208783	0.05259864	0.08247377	0.06089538	0.02769333	0.12096981	0.00184710	0.17476826	0.09544510	0.16223651	-0.09109583	-0.18060555	-0.07593511	-0.03397160	-0.00698155	-0.18190992	-0.01482536	-0.10103890	0.02076183	-0.03694775	-0.12355543	0.03252390	0.00055522	0.07313103	0.12741314	-0.00857733	0.17789737	0.29632584	0.21668130	0.28683104	0.13273083	0.13680099	0.21492717	0.08549643	0.19391038	0.12607617	0.04161916	0.02555702	-0.01854055	-0.00171351	0.11570907	-0.08717687	-0.01523367	0.08266326	-0.00035153	-0.13992944	0.01825821	0.16288627	0.04943471	0.02956907	0.01308228	-0.04022030	-0.13226323	-0.14579628	0.06811731	0.03990693	-0.19233249	-0.10918213	-0.18664148	-0.14040603	-0.04279168	-0.02347786	-0.05407773	-0.15906848	-0.17726458	-0.12419531	-0.13616577	-0.04035341	0.19115382	0.19994477	-0.07848912	-0.08230614	-0.03844533	0.05757757	0.06750953	0.10243581	-0.00596749	0.10937197	0.13682754	0.18205073	0.07533481	0.24095164	0.05443313	0.07037190	0.41874560	0.19544398	0.20771259	0.04585458	0.20838525	0.03090581	0.02696899	0.18421298	-0.10544826	-0.01549984	0.08269387	0.24142855	0.24113555	0.23492797	0.15547671	0.02395217	0.28559374	0.03119372	0.26538206	0.26589878	0.12734813	0.10632999	-0.15985180	-0.11312781	-0.13351153	0.01101242	0.22883038	0.28293854	0.14470243	0.21685911	-0.02225777	0.17202685	0.17014832	-0.11988218	-0.06963837	0.32148863	0.07428310	0.03746462	0.15979169	-0.03825400	0.30159888	0.29589792	0.19351474	0.23332655	0.31240868	0.23198460	0.29890518	0.11032623	-0.01579385	0.18605998	0.26392519	0.25854861	0.05346903	0.28355349	0.28937509	0.01830191	0.25631542	0.34701802	0.26266043	0.23126829	0.10868429	0.30730557	0.22853444	0.11303986	0.16294453	0.32066040	0.11897328	0.14382425	0.03960327	0.00113327	-0.02060447	0.00734427	0.06644941	0.04563770	0.20605269	0.08858030	0.17854484	0.32842712	0.21332564	0.21034915	0.17412641	0.33377753	0.09180863	0.20481007	0.16059972	0.12421813	0.00264625	0.07277320	0.09275560	0.19280061	0.01097120	0.09940821	0.05661713	0.11890737	0.20320802	0.09408991	0.01103021	0.08411649	0.15628583	0.02180785	-0.02830853	0.20653733	0.21480704	0.08763880	0.03747786	0.21575002	0.18359451	0.11169395	0.04428667	-0.07245158	0.12367877	0.24209359	0.05059607	0.19459872	0.23316516	0.22512147	0.19799663	0.17489638	0.17726216	0.09151612	0.13028247	0.05091522	0.24208705	0.38800911	0.31680208	0.31110968	0.25839580	0.42762199	0.37775479	0.49176826	0.35829158	0.28797073	0.18057175	0.23391743	0.00918081	0.09241832	0.17360934	0.09479767	0.09654629	0.25317371	0.22430323	0.37198061	0.38531695	0.37530641	0.36831125	0.39640896	0.28429075
17Networks_LH_VisCent_ExStr_9	0.35355288	0.39827302	0.17232923	0.27177930	0.04906441	0.31148165	0.21001166	0.47070135	0.34185027	0.90451764	0.22656132	0.37977808	0.36394171	0.26555749	0.32076633	0.08929261	0.15477688	0.23022150	0.01231789	0.20738206	0.09337450	0.12398079	0.14310704	0.21095856	0.18936734	0.12496640	0.23308234	0.10975036	0.18725010	0.02936572	0.08365707	0.02150102	0.20580475	0.07348077	0.16200571	0.25876164	0.10417693	0.09838040	0.18513275	0.00238184	0.16106376	0.15649503	0.17770194	0.12895110	0.09701032	0.03604873	0.15969371	0.05987910	0.11689994	0.23034096	0.06602192	-0.02879984	0.06253317	-0.06919860	0.17347763	0.04829298	0.13307489	0.09028019	0.18069749	0.19835831	0.36784077	0.37090593	0.33694332	0.16959346	0.36640342	0.28331522	0.24412084	0.23988549	0.31397362	0.09221438	0.16831968	0.13490742	-0.08977536	0.07445231	-0.01090528	0.05582197	0.10099396	0.20427288	0.03263244	0.03324116	0.08046052	0.33352822	0.08275916	0.15047531	0.21761132	0.03057816	0.22446619	-0.05679600	0.08700955	0.05968031	0.04355198	0.09263217	0.10510524	0.06092576	0.11090968	0.08514611	0.15425224	0.14306282	0.23993513	0.20168449	-0.08560649	0.10501525	-0.13757449	-0.06794351	-0.00949331	-0.05708456	-0.09531297	0.08653121	-0.18983264	0.06587610	0.03276576	0.00366466	0.18236824	0.17134515	0.03949113	-0.03050055	0.01311638	0.12069856	-0.14393100	0.01976019	0.20314730	0.33344403	0.01965373	0.15789735	0.05524051	-0.02182611	0.11761524	0.05564131	-0.11536317	0.04599399	0.16057605	0.06629768	0.02366939	0.20604668	0.24076623	0.08341283	0.08184962	-0.00903232	0.13520244	0.07354865	0.08526292	0.12026927	0.27988481	-0.11200197	0.02497036	0.09440253	-0.13512150	-0.20549913	0.10354952	0.09143829	0.04595170	0.08682143	0.05417731	0.04229167	0.10483249	-0.08914534	-0.05530674	0.06508765	0.18754146	0.05630966	0.11307566	-0.06709307	0.13718576	0.14847363	0.15002892	0.07094209	0.04181649	0.16969306	0.19707490	0.06595705	0.32064355	0.18571095	0.17781573	0.18893589	0.26012854	0.28145531	0.19207521	0.16798196	0.08315002	0.21205682	0.24215283	0.30097012	0.07394562	-0.05603919	0.21398461	0.22384205	0.24013291	0.17597768	0.03170501	-0.03642445	-0.07960449	0.10954360	0.34501574	0.13582085	0.05077766	0.24097967	0.26456973	0.22361909	0.22302270	0.16036189	0.33701226	0.35497605	0.47555013	0.30102637	0.32584827	0.15510719	0.42317023	0.44450986	0.39179700	0.43584510	0.29245846	0.43636016	0.43876872	0.14434369	0.23900484	0.11117342	0.13129640	0.15687127	0.21337484	0.24346466	0.10902662	0.09034616	0.17178391	0.08896733	0.18592647	0.27659266	0.11264496	0.07758926	0.19973562	0.15392471	0.14435432	0.16727169	0.12278269	0.06584105	0.19974741	0.09262730	0.01195351	0.05619449	0.16930985	0.14521920	0.18041159	0.21107648	0.04227956	0.14531874	0.06012978	0.00899998	0.10252315	0.08192449	0.05316847	0.01004146	0.18693229	0.02893165	0.00011399	0.06743000	0.11265545	0.11050978	0.11226228	0.22077893	0.18644477	0.21490079	0.32172427	0.33169627	0.10555803	0.40757181	0.43503264	0.42890146	0.24474038	0.34173136	0.26345215	0.09181665	0.10358710	0.05429670	0.19616958	0.13720825	0.05410948	0.08444143	0.03812395	0.00451083	0.07050041	0.11217323	0.01994294	0.24990241	0.12293636	0.10537734	0.06335944	0.05755548	-0.01599670	0.13201190	0.25228913	-0.07946712	0.07894740	-0.09361521	-0.00540723	0.08346974	0.02770068	0.12699812	0.02347646	0.01041183	-0.02384813	0.06177369	0.09116555	0.19210297	0.09705071	-0.06270877	0.00385319	0.04104712	0.10115214	0.09925980	0.10995387	0.04841706	0.11454411	0.21139356	-0.00831261	0.10637277	0.03995989	-0.01448166	0.02965592	0.17776412	0.10869473	0.18986776	-0.05460825	0.14135182	-0.03430256	0.13164508	0.33574778	-0.11344043	0.05142406	0.17591055	0.16897592	0.16116755	0.10816113	0.03256042	0.09734155	0.19139939	0.02034561	0.14028915	0.20082539	0.03466577	0.03259742	-0.05982005	0.04136344	-0.00377547	-0.01247309	0.07535785	0.19028255	-0.03723333	0.12995215	0.04489893	0.12489471	0.10129412	-0.04354202	0.02130460	0.10971907	0.03765381	0.05663584	0.02897173	-0.08052590	0.17594988	0.05322352	0.02371882	0.15851878	0.19042805	0.10477123	0.16384341	-0.05747662	-0.00487874	-0.00615572	0.04431563	0.09002981	0.03630820	0.17340660	0.24722435	-0.05721541	0.28162376	0.12741843	0.15137058	0.10782986	0.11597342	0.18826999	0.16039105	0.08862419	0.16707596	0.20328558	0.08461224	-0.00145313	0.05155112	0.04911944	-0.02150631	0.04399947	0.17282434	0.14429081	0.22688146	0.12284785	0.24051021	0.16823539	0.02174366	0.12767057	0.11812215	0.15003748	0.09654192	0.08557923	0.13245506	0.00239124	-0.04219699	0.17015678	-0.02158184	0.12984867	-0.01514904	0.12288005	0.01171354	0.04672205	0.06352508	0.08382023	0.05078709	0.22464439	0.21631283	0.03184945	-0.00619115	0.07706548	0.04044790	0.08792552	-0.01445582	0.09264870	0.09839008	0.07575186	0.08386186	0.13938213	-0.02518459	0.14877408	0.16027899	0.28156823	0.28610224	0.20326488	0.08275322	0.20592440	0.15876136	0.14907091	0.21076646	0.08831826	0.19173121	0.20012561	0.27948745	0.25416777	0.23867111	0.33302373	0.32887544	0.32251291	0.38136271	0.25319686	0.19837397	0.22675300	0.04460454	0.10233112	0.19238876	0.03966373	0.06066868	0.25521970	0.16649324	0.32777779	0.33101121	0.33486560	0.34709819	0.34132216	0.33466106
17Networks_LH_VisCent_ExStr_10	0.36755765	0.49406474	0.26239646	0.42176136	0.13615332	0.11577929	0.25188968	0.15003633	0.26588776	0.22656132	0.87274113	0.41220730	0.30397623	0.36597159	0.48967449	0.09404950	0.13126217	0.51446265	0.24301497	0.18960229	0.38654795	0.14138466	0.28157908	0.13646520	0.00577118	0.13941482	0.05056456	0.16259741	0.05293499	0.16274443	-0.04050434	-0.00961139	0.11706542	0.12509538	0.17051155	0.25350922	0.04169847	0.34063635	0.30951515	0.15328426	0.10069131	0.21120965	0.21489995	0.13874807	0.06184151	-0.00322854	0.01411939	-0.08932814	0.04633032	0.09159898	0.06450876	0.04327799	0.03816233	-0.01561367	0.03277001	-0.10128018	0.06465809	-0.00332808	0.07092564	0.30834808	0.31548093	0.31252877	0.10742594	-0.03226147	0.30375761	0.06942201	0.22038303	0.18242454	0.13926932	0.20404749	0.20866372	0.25926075	-0.08277247	0.02312210	-0.08744540	0.09489349	0.16152854	0.19367922	0.23612292	0.13442451	0.29397387	0.16243180	0.06169054	0.15004649	0.12499667	0.12048952	0.12699574	-0.18046718	-0.06890700	0.02087147	-0.21719312	-0.06134062	0.08353159	0.05057186	0.03385411	0.14896746	0.10738951	0.09522626	0.10037555	0.29771442	0.00966292	0.19981051	-0.11874388	-0.14350893	0.06042288	0.00842862	0.13033659	0.14222953	-0.00126375	0.16019972	-0.10483534	0.00211249	0.21301639	0.04614742	0.01101509	-0.08244793	-0.01919379	0.07252380	-0.14474650	0.05653772	0.12338885	0.14878387	-0.10847544	0.17931183	0.07478011	-0.00011555	0.14033133	0.01510244	-0.04686090	0.01793260	0.11019219	0.13586401	0.03150119	0.07422529	0.14523857	0.21357323	0.08177096	0.08623373	0.19860405	0.16160675	0.17795224	0.19405786	0.28126015	-0.05809554	0.09002297	0.17638148	-0.08981771	0.05052783	0.22257580	0.15299540	0.02606040	0.23203313	0.18196555	0.17886274	0.23879804	0.11554754	0.07455962	0.11329569	0.29706103	0.07886655	0.29521686	0.09371370	0.23489495	0.20419935	0.18103590	0.00263503	0.02989952	0.15654843	0.07902818	0.20674861	0.24671079	0.22572478	0.12190598	0.26845952	0.29216925	0.33967967	0.26241969	0.22422545	0.18857660	0.28694992	0.23595535	0.29902824	0.16803969	0.10707808	0.25040591	0.26229784	0.20710667	-0.07004521	0.16276536	0.03406362	-0.09466054	0.16416728	0.26461037	0.09725434	0.22695048	0.09390895	0.14887161	0.04326455	0.00423652	0.13985141	0.31111139	0.38693731	0.45562833	0.34195013	0.33495905	0.17328735	0.37378505	0.15648128	0.25422967	0.19641255	0.51490794	0.43820860	0.33901426	0.06074687	0.37732564	0.26681917	0.20796544	0.40260363	0.23502832	0.27874566	0.39657181	0.14470437	0.28530191	0.12590128	0.02318654	0.06435777	0.14098869	-0.04998821	0.09701730	0.08352961	0.19022007	0.15977020	0.16393885	0.06389432	0.25552274	0.25358263	0.06350792	0.11562524	0.26567361	0.21549503	0.24698801	0.30153346	0.17301689	0.18469040	0.09985392	0.17114663	0.00847653	0.00829851	0.00430340	0.03506186	0.04080286	0.00914436	0.04718588	0.02134612	0.06597901	-0.03558656	-0.00813341	0.03764206	0.19975278	0.32333194	0.37552695	0.18575990	0.17556086	0.32816603	0.29912519	0.13359461	0.11678943	0.22323995	0.20453319	0.14623754	0.21467122	0.24395216	0.08818299	0.05322627	0.06212613	0.14942166	0.08671259	0.10429719	0.16859278	0.23336169	0.28933377	0.11062314	0.13110305	0.16085436	-0.02045264	0.03292071	-0.04763469	0.05710949	0.13927461	-0.12638576	0.09474218	-0.12238450	-0.08748307	0.05074939	-0.16475039	0.10490528	0.08883656	0.04111530	-0.01990981	0.11467659	0.06629633	0.24220088	0.15540680	-0.11397240	-0.00981871	0.01775899	0.06141006	0.18639174	-0.04294496	-0.11557552	-0.01431518	0.07437637	0.05787392	0.11186389	-0.00061998	0.08561745	-0.04339909	0.25384839	0.08937513	0.05759751	-0.00964853	0.11511531	0.03942035	0.03335948	0.10124608	-0.02022397	0.04063918	0.19083708	0.16696664	0.12598225	0.10535093	0.19140161	-0.08368856	0.10251697	0.00732051	0.26368772	0.20331007	0.17367750	0.10296570	-0.08971892	-0.00827311	0.03483515	0.10675419	0.17535055	0.26364284	0.17853411	0.14923038	0.08405081	0.15789653	0.01461729	-0.06388832	0.05657713	0.26324430	0.00547241	0.08103057	-0.02567882	-0.01414594	0.25388005	0.23297702	0.18296017	0.16346123	0.26676805	0.13804290	0.27377394	-0.00700572	0.07876058	0.10333659	0.17193914	0.19724023	0.09081589	0.21923703	0.29926518	-0.00162475	0.20303422	0.11032375	0.12414344	0.24324295	0.15284758	0.21683189	0.16298046	0.14841980	0.14666420	0.10705954	-0.03307366	0.00127497	0.00920468	0.14568651	-0.03367604	0.05392192	0.04974976	0.06791283	-0.01987327	0.07947136	0.21130347	0.02457159	-0.15273080	-0.00755283	-0.14560496	0.12611500	-0.09370060	0.09169340	0.23294609	0.13175394	0.05050348	0.09749554	-0.09207590	0.05068372	-0.03662301	-0.00133335	0.04069720	0.07854661	-0.04426823	0.03102633	0.11953723	0.15955156	0.17492068	0.08472477	0.12722018	0.08661246	0.17876322	0.11916618	-0.17983070	0.03716102	0.03181112	0.01965272	-0.05660467	0.14634744	0.14018006	0.05702829	0.22216781	0.21851105	0.21467774	0.30088499	0.24336906	0.18310982	0.22523585	0.10020584	0.33106771	0.32469427	0.22437708	0.35088899	0.22157714	0.32906050	0.25307390	0.37231570	0.33443390	0.24117665	0.32366650	0.32912006	0.29801356	0.17567111	0.04259456	0.13624180	0.25553503	0.17435615	0.15290562	0.18993306	0.29416556	0.39716822	0.31688894	0.31479831	0.27011009	0.29584935	0.24557288
17Networks_LH_VisCent_ExStr_11	0.30572958	0.45267339	0.12845302	0.26201944	0.04170845	0.13824327	0.20216396	0.28777074	0.23077560	0.37977808	0.41220730	0.81884149	0.41067373	0.32566158	0.38300745	0.02891245	0.12632247	0.35563430	0.12168135	0.26846045	0.22721282	0.17477195	0.26361748	0.18599057	0.12045663	0.16771241	0.18233282	0.29310515	0.14467800	0.08577490	0.11760453	0.08981771	0.23466900	0.20095093	0.23788530	0.24877046	0.11678618	0.21927559	0.32852408	0.18355201	0.22240225	0.18445968	0.30898274	0.08434898	-0.00032818	-0.04164536	-0.01594741	0.03218340	-0.15017668	0.09204225	0.10869635	0.08792905	0.12496755	-0.14708704	0.11090390	-0.13636693	0.02387980	0.17783889	0.12833207	0.22601985	0.36296354	0.27851211	0.26326945	0.02764878	0.41498508	0.23271386	0.32911135	0.28130724	0.29640007	0.21426158	0.21029098	0.25415862	-0.10942567	0.08388873	-0.04813836	0.17610391	0.26726360	0.28961707	0.13753124	0.05704414	0.18319869	0.14557769	0.10714703	0.09694481	0.23460782	0.00212727	0.02836200	-0.19833691	-0.02053253	-0.09551677	-0.03297956	-0.07784668	0.06980387	-0.06026376	0.14568464	0.14609382	0.15018184	0.21941106	0.13719367	0.28137928	-0.00032041	0.15145277	-0.09524823	-0.11542679	0.05494931	0.02961916	0.07983167	0.17131147	-0.04342947	0.12336020	-0.01375706	0.05157690	0.11118448	-0.01925704	-0.00011364	-0.14075006	-0.15867865	-0.02895298	-0.13656663	0.05691599	0.08248281	0.30809761	-0.02458372	0.23076918	0.17495847	0.01349191	0.15945434	-0.04916223	-0.06435676	0.02214160	0.01391298	0.14170631	0.03440655	0.12222051	0.09568676	0.16565761	0.10297666	0.07965890	0.13474139	0.11050690	0.15665917	0.18021260	0.15569144	-0.05833377	0.12581192	0.07789246	-0.02560196	-0.00639988	0.16225902	0.11763131	0.05311163	0.13841848	0.12948436	0.16080119	0.16946336	0.02195259	0.13519721	0.08134128	0.15693543	0.06473009	0.19128565	0.03054092	0.16919711	0.15717214	0.22293507	0.05292591	0.00449570	0.08348926	-0.02571349	0.03050007	0.11481883	0.09539878	0.12435037	0.13876996	0.19460000	0.23629011	0.17143463	0.14525434	0.11232800	0.22429221	0.18753270	0.18200853	0.09159202	0.03136807	0.14223337	0.14143085	0.08050791	-0.02015000	0.11552082	0.03921252	-0.03401895	0.07912748	0.27956770	0.18492936	0.10280907	0.04348543	0.00671100	-0.07335719	-0.05115784	-0.05583645	0.34460252	0.29816049	0.42567202	0.29193553	0.17428518	0.10760007	0.33199004	0.24345376	0.23434001	0.30509644	0.31866476	0.43196484	0.47738696	0.21099527	0.23151479	0.22942708	0.24692298	0.24626396	0.26621125	0.27177814	0.21595136	0.27545057	0.26561054	0.18389332	0.17140815	0.22527058	0.24987548	0.11177761	0.23605172	0.24698008	0.23862626	0.26143899	0.27429216	0.15387868	0.29079707	0.21940570	0.09991176	0.12463089	0.18899854	0.27994104	0.24077019	0.31756348	0.17777083	0.18763464	0.12025596	0.09058077	-0.03715915	0.15728686	0.10341810	-0.06634154	0.14969808	-0.02049281	0.07159856	0.10813953	0.09429825	0.04462965	0.09922170	0.17920516	0.24623795	0.25341177	0.27638310	0.30961994	0.15701955	0.37371161	0.42789472	0.32307939	0.25952878	0.35225360	0.32563752	0.16839565	0.20644251	0.21126056	0.08739476	0.05672568	0.03010292	0.16647117	0.09557454	0.14365308	0.16677503	0.16776998	0.17507752	0.22552866	0.15291024	0.20372025	-0.01309462	0.02033195	-0.04150766	0.07194023	0.17239343	-0.04141567	0.06378475	-0.14483407	-0.02515416	0.02306866	-0.06566244	0.17082461	0.14601929	0.13891655	-0.05446548	0.06752892	0.21119858	0.25688840	0.18971122	-0.12222709	-0.02835891	0.05032558	0.05017417	0.10533359	0.11223543	0.03010125	0.02791668	0.15517342	0.00370380	0.12762753	-0.04335084	0.04250901	0.11209830	0.06124345	-0.03009950	0.04137432	-0.04913701	0.02159158	-0.03458307	0.11231666	0.27194409	-0.02765785	0.08112454	0.23216060	0.19521629	0.11991448	0.05140520	0.13476850	-0.03447641	0.12570526	0.07653139	0.19774254	0.13779053	0.05752417	0.06295804	-0.05854176	-0.02456787	0.03105579	0.11807941	0.18374893	0.24086250	0.08461092	0.14482392	0.12260233	0.17918865	0.04078157	-0.01232391	0.13931915	0.18592837	0.05543932	0.05135694	0.10251302	0.11159918	0.22116355	0.15419174	0.11128946	0.20239039	0.27385588	0.17385330	0.19755224	0.08742418	0.10404989	0.12400725	0.17569532	0.16267234	0.08557129	0.19416073	0.21153562	0.05728399	0.20456159	-0.00177430	0.13276771	0.21415537	0.16954914	0.18927096	0.20033761	0.13086685	0.15160336	0.13540697	-0.01135592	-0.02949505	-0.05932418	0.11861205	0.00109268	0.01217135	0.13414410	0.10822808	0.14683907	0.02982977	0.19465706	0.06205953	-0.04420260	-0.05912628	-0.08223530	0.07815373	-0.06583837	-0.01340131	0.09115925	0.03556477	-0.00224581	0.14189993	-0.11400701	0.11761569	0.07301292	0.07690122	0.09326667	0.00094411	0.02679412	0.11760309	0.09257566	0.29635930	0.25740509	0.00811968	0.11226024	0.01452137	0.06648376	0.10889103	-0.05793097	0.09115931	0.11979342	0.16631475	0.05396445	0.19110753	0.15765929	0.17487441	0.25328240	0.31125435	0.34633457	0.34402993	0.18545354	0.31252453	0.12543023	0.08616475	0.35900742	0.24455651	0.14270663	0.27133766	0.20706439	0.30647629	0.28221398	0.32824020	0.32848676	0.18011222	0.29534359	0.29941648	0.32547509	0.29324100	0.02193632	0.12049730	0.29695582	0.11840556	0.18042240	0.21097730	0.25002883	0.32323791	0.21043742	0.23954691	0.21628548	0.20458639	0.17784380
17Networks_LH_VisPeri_ExStrInf_1	0.32927323	0.44793938	0.09221520	0.27353726	0.07992303	0.14347333	0.16646520	0.35243011	0.21830731	0.36394171	0.30397623	0.41067373	0.98050478	0.49748820	0.39794323	0.27228853	0.40186731	0.25930113	0.25740441	0.41914573	0.29275708	0.30356479	0.34843114	0.39444278	0.28943091	0.24109497	0.30433205	0.44124785	0.32084836	0.27122958	0.20838144	0.10296264	0.33218845	0.24518850	0.40311556	0.28098329	0.24042663	0.22043203	0.35251771	0.25224093	0.32916882	0.37576921	0.34470685	0.11422942	0.05398523	0.16241605	0.14825968	0.23048053	0.00648457	0.12187141	0.20855006	0.12087964	0.17107941	-0.04039121	0.22978220	-0.00512274	0.19463537	0.14699286	0.20957425	0.38359471	0.55498226	0.30415851	0.32407266	0.06144861	0.32280632	0.15306234	0.30752397	0.25078807	0.40437261	0.24724896	0.21506005	0.30737480	-0.09042229	0.10979959	0.01328587	0.21934629	0.30324059	0.45291138	0.17756401	0.26393599	0.33915303	0.23321949	0.14225772	0.29060590	0.25186416	0.11257271	0.21166007	-0.08073599	0.05603622	-0.00877826	-0.04243015	0.06690285	0.17905399	0.10922456	0.21508078	0.20022634	0.22930320	0.31963915	0.16876603	0.40321762	-0.04912279	0.29539328	-0.04300086	-0.15895443	0.07862562	0.07142930	0.01234590	0.23875057	-0.13205640	0.16160331	-0.11065677	-0.12216706	0.07812178	0.05528664	0.06043411	-0.14509180	-0.08238059	0.02928503	-0.22294396	0.07771404	0.12242726	0.31963302	-0.01971137	0.21722673	0.14675632	0.03355979	0.19307361	-0.06566779	-0.08061660	0.05973194	0.12503985	0.11404283	0.12514467	0.07952116	0.09448617	0.14548488	0.14975795	0.14200313	0.15967978	0.04493095	0.08282492	0.20300740	0.24334133	0.05682201	0.19436524	0.15535470	0.07429816	-0.01009886	0.16755391	0.14883284	0.08349189	0.14450623	0.09967235	0.13281932	0.17838107	0.14262686	0.09648793	0.21807850	0.17786806	0.06559943	0.15214348	0.07296683	0.17456637	0.14209896	0.16534731	0.08377305	-0.05166876	0.07910332	-0.00376644	0.09507188	0.18647343	0.17355786	0.17738300	0.22640490	0.21253832	0.26600670	0.22156785	0.20110241	0.08142402	0.28803832	0.25371367	0.29050449	0.20745506	-0.04086254	0.12458532	0.20585957	0.23043785	0.02636744	0.21483094	0.10840714	0.00408146	0.19616202	0.31907050	0.20361451	0.20303626	0.13748476	0.17905310	-0.04190462	0.10719046	0.03721239	0.34464474	0.22860644	0.49434506	0.20407020	0.09500433	0.17467282	0.29469184	0.25759962	0.15085513	0.35198714	0.22969417	0.35568746	0.59540391	0.17180606	0.42379336	0.34328492	0.37153202	0.37437472	0.36782700	0.39161808	0.26909152	0.32676242	0.29859674	0.30740890	0.22727735	0.28408693	0.43750129	0.12709362	0.33064315	0.31586055	0.38875425	0.45406184	0.34797092	0.17844309	0.39434859	0.26112600	0.33115411	0.25958623	0.32276016	0.41300758	0.26540907	0.39959129	0.14087359	0.25271835	0.25112107	0.22573133	0.12827933	0.21460964	0.05323981	0.15255862	0.26482508	0.14423412	0.13768701	0.22240400	0.27359282	0.07824271	0.14931996	0.25994340	0.39366366	0.31903540	0.27506483	0.37101107	0.06671228	0.36460948	0.39382423	0.42168479	0.27610787	0.34306135	0.30844483	0.32500312	0.35275199	0.24264450	0.17984127	0.16681509	0.13939621	0.25521725	0.24023967	0.20403778	0.25886061	0.32973536	0.16312484	0.23257087	0.24385484	0.22107970	0.05128698	0.14359841	0.00674051	0.09612291	0.23007738	-0.05750415	0.13575773	0.05271608	0.08302768	0.09378828	-0.05789915	0.34526882	0.29871864	0.17269788	0.02124123	0.16228459	0.23601669	0.33301492	0.21201523	-0.13986979	-0.01285324	0.04126145	0.11620163	0.23769915	0.14162187	0.03132915	0.14594934	0.31596059	-0.05527301	0.20466353	-0.10618985	0.11103766	0.03237897	0.06180626	0.03984692	0.07179897	0.10432970	0.15503986	-0.00541292	0.12996897	0.32922976	0.00146409	0.09333168	0.32340381	0.20241237	0.08993347	0.00920690	0.11707469	-0.00257632	0.19613238	0.13350369	0.15012700	0.13491214	0.11238569	-0.02817613	-0.10487071	0.04742434	0.01982859	0.05182037	0.10121266	0.20798747	-0.05757882	0.24037175	0.10802750	0.18388756	0.02024978	-0.00404306	0.10984694	0.15247314	0.01735874	0.07846814	0.12553568	0.10546369	0.19447869	0.09418208	0.08077418	0.22031222	0.30020167	0.20967182	0.18614439	0.01568510	0.13551358	0.18953931	0.09991133	0.09654153	0.13806447	0.13964847	0.29817843	0.09816008	0.24216892	0.00891831	0.22841437	0.20334288	0.19393816	0.13585146	0.30973695	0.18022872	0.29573318	0.14677934	0.02099769	-0.03601100	-0.06358507	0.17942711	0.05381881	0.10359839	0.24177231	0.11222597	0.15982462	0.15601414	0.21959488	0.12201877	-0.05626343	0.00258583	0.02754114	0.21207322	-0.01213725	0.07402425	0.19848378	0.06124484	0.05322578	0.26799604	-0.12602011	0.06442354	0.08911762	0.05376549	0.09448604	0.10289013	0.05935389	-0.03218811	0.04179581	0.12915113	0.12737332	0.15209405	0.01919560	0.05165647	0.04950996	0.20323181	-0.10689214	0.00559838	0.12581988	0.17388493	0.01067674	0.31048897	0.13874858	-0.04612552	0.15633212	0.23181966	0.19847507	0.34939608	0.28090978	0.42031800	0.20296478	0.18827252	0.40252199	0.31688511	0.22399200	0.26936519	0.31620132	0.39167891	0.37596513	0.33809183	0.35631786	0.16979285	0.38009953	0.37283515	0.41428368	0.43990970	0.18992530	0.26865072	0.41029862	0.23514668	0.19471203	0.31384722	0.19243443	0.39294598	0.17942780	0.26360861	0.17018014	0.15918935	0.19462173
17Networks_LH_VisPeri_ExStrInf_2	0.47613954	0.54501888	0.33336918	0.56868884	0.16828106	-0.00706192	0.36281658	0.30635215	0.12434682	0.26555749	0.36597159	0.32566158	0.49748820	1.10212927	0.61668503	0.35223147	0.43221067	0.38275144	0.36428182	0.43393305	0.39272223	0.31707990	0.39968468	0.47802987	0.28857214	0.33489399	0.31126884	0.50063600	0.33665648	0.43268144	0.25220623	0.14009384	0.41714333	0.40152950	0.49982864	0.49831706	0.08625948	0.33724266	0.54406171	0.47051902	0.30617352	0.46408577	0.36146206	0.27045862	0.21904919	0.14044123	0.15480513	0.11944651	0.04334544	0.22268939	0.31239519	0.24231767	0.23252684	0.12970485	0.13154241	-0.01796900	0.16100960	0.11535289	0.23064036	0.40291331	0.41046514	0.42754943	0.21415794	0.08329479	0.33240999	0.08337313	0.47635058	0.40523387	0.39506040	0.25796501	0.52403307	0.54039396	0.04066080	0.15192656	0.04300735	0.29686357	0.40150119	0.50352967	0.38493812	0.38123785	0.45389662	0.35125149	0.38602699	0.32499390	0.20930671	0.22535694	0.07348863	0.03994974	0.07663726	-0.05178626	-0.00669416	0.09073220	0.30692883	0.15956136	0.25534645	0.35605296	0.37901089	0.35718808	0.30924713	0.56448005	0.14190274	0.41692195	0.15469423	-0.03239072	0.06238549	0.11956344	0.23623262	0.27990272	0.04471552	0.23010504	0.02357076	0.01887401	0.08972605	0.02765004	0.00357816	-0.12282267	-0.12028672	0.01957168	-0.03307094	0.06055614	0.24651339	0.31501304	0.18962914	0.41293714	0.29495163	0.30241572	0.42237447	0.16243667	0.14081711	0.17242788	0.13731944	0.11738713	0.08857186	0.21446651	0.47382057	0.32700189	0.32387207	0.29078877	0.23345783	0.24567279	0.16343548	0.28490202	0.25158641	-0.05854966	0.24210629	0.28654662	-0.01544821	-0.04288186	0.10728815	0.28699137	0.07256852	0.14722110	0.10092657	0.11402430	0.10410226	0.04523668	0.03203675	0.16960993	0.15850779	0.04503217	0.18694502	0.10010327	0.19396951	0.06494880	0.26894019	0.03828795	0.13270598	0.14244467	0.03983694	0.05612469	0.25715933	0.10142747	0.13637312	0.20120864	0.21698401	0.25286834	0.25756715	0.32794252	0.20553268	0.46665863	0.23055335	0.34752777	0.17196099	0.08162697	0.10679775	0.23039365	0.21844689	0.12799835	0.33947359	0.16867776	0.05501755	0.26656915	0.23310446	0.17472757	0.19754516	0.21157120	0.07581447	0.04919734	0.13853864	-0.01440827	0.45371325	0.38035496	0.53936297	0.42778789	0.18481204	0.25244307	0.41887975	0.16001721	0.14254978	0.34713805	0.32219387	0.44443906	0.50727643	0.10941498	0.59350163	0.50527548	0.34388673	0.46238665	0.41686215	0.45926026	0.39989413	0.35037224	0.36243348	0.23549708	0.29118268	0.34301396	0.46839254	0.12252661	0.41866181	0.37361792	0.42296740	0.51518655	0.36735817	0.24758564	0.56736918	0.36385332	0.30017225	0.23559926	0.27951520	0.38702540	0.46751357	0.56812491	0.32228251	0.42183818	0.42930452	0.23825554	0.10629229	0.17769726	0.21006309	0.14482018	0.40690886	0.19338198	0.26702844	0.29692533	0.26880994	0.11312391	0.18518491	0.30524476	0.39312020	0.49331658	0.38464415	0.42507792	0.14047705	0.29055783	0.46560419	0.27410648	0.38315193	0.38653386	0.44913324	0.40547723	0.43182892	0.38179072	0.28817085	0.17128501	0.19196276	0.39407843	0.22337008	0.25454347	0.43526786	0.43515774	0.26274586	0.46664559	0.39719843	0.42253209	0.13184422	0.25496201	0.09956548	0.18018992	0.17464555	0.02321522	0.23684809	0.02370741	0.00795601	0.19147199	-0.14231659	0.30175057	0.32635622	0.30509760	0.19720179	0.32019486	0.26079415	0.52496679	0.19480302	-0.06338122	0.08482921	0.19264360	0.17974602	0.47907094	0.01529195	-0.06656833	0.07740861	0.32634031	0.18761342	0.41506406	-0.01278293	0.11446215	0.13019262	0.08728080	0.09457556	0.06554465	0.21789605	0.15563481	0.04979829	0.15383357	0.33584751	0.09263468	0.13372769	0.37658563	0.26557921	0.19648846	0.08388938	0.27736428	-0.04397295	0.02302638	0.14156133	0.28853908	0.36628182	0.18613573	0.09930080	0.05831319	0.07462270	0.27474446	0.16060435	0.16679995	0.35914980	0.18484506	0.27370780	0.19547642	0.26286820	0.05990937	-0.03240503	0.04684890	0.20177746	0.07405784	0.19137376	0.02657417	0.11835567	0.23461103	0.20905286	0.15661873	0.25522875	0.29429676	0.17130643	0.13894303	-0.06463058	0.16442835	0.07884751	0.19983483	0.15275547	0.12331474	0.21165247	0.36696930	0.16902880	0.25846002	0.01767474	0.28489236	0.30343126	0.11812373	0.19867095	0.27596423	0.33926658	0.16648226	0.11712110	-0.07141570	0.00338871	0.10358089	0.28320531	0.09823659	0.27088113	0.19740358	0.01357743	-0.03072858	0.20461877	0.26830436	-0.06869131	-0.04281690	-0.06202187	-0.03917141	0.20428324	-0.01955380	-0.06178238	0.14326731	0.06045697	0.01147081	0.26644634	-0.18163873	0.14740977	0.07031005	0.16928093	0.08968299	-0.01205809	-0.09031958	0.03190806	0.11677239	0.20961104	0.25562533	0.04509530	0.08861903	0.00942729	0.19275373	0.19503733	-0.19017999	0.10030212	0.04322322	0.06300836	-0.02583105	0.11028417	0.20549527	-0.00794346	0.12098258	0.24530403	0.27608908	0.56785664	0.39846326	0.38680612	0.16749237	0.19745746	0.54007460	0.49296450	0.25605108	0.46214297	0.51526630	0.55004024	0.57013598	0.45084505	0.44217765	0.26676946	0.47300486	0.52241637	0.52841489	0.44808349	0.15637124	0.35560222	0.59005263	0.31398220	0.34017436	0.38469290	0.46601684	0.55754286	0.34886763	0.48629050	0.29932187	0.32942053	0.25888055
17Networks_LH_VisPeri_ExStrInf_3	0.57737198	0.70249405	0.44397601	0.76665391	0.24232831	0.02848005	0.53925496	0.25563542	0.25681644	0.32076633	0.48967449	0.38300745	0.39794323	0.61668503	1.06663212	0.14986910	0.20741355	0.60271948	0.30584309	0.34009274	0.48504877	0.29981679	0.42021699	0.33184385	0.12637727	0.18852055	0.16273855	0.27596857	0.14286673	0.25117415	0.13359973	-0.00501040	0.14058710	0.16722637	0.33688539	0.41699506	0.00127438	0.46871445	0.52900036	0.21332636	0.22178789	0.42209974	0.25890678	0.34535123	0.18472470	0.12765650	0.06823820	-0.02332728	0.06832413	0.13538886	0.09315409	0.09809628	0.07140026	0.07277237	0.06718888	-0.21170490	0.11896107	-0.10846161	0.20562690	0.43912121	0.36106088	0.50775229	0.26567718	-0.06182465	0.32011427	0.08760195	0.29677990	0.23825343	0.21757773	0.18013517	0.27333120	0.42096758	-0.05917975	0.14032183	-0.08521540	0.11804765	0.18207955	0.29469960	0.40121564	0.42032584	0.49674328	0.27391723	0.27322950	0.25760316	0.18260013	0.20232275	0.19226478	-0.15561798	-0.05339200	-0.09484196	-0.10495244	0.04285776	0.24187965	0.23453965	0.00824201	0.14720044	0.30092420	0.13574318	0.32273738	0.53217298	-0.00650009	0.28992595	-0.08768096	-0.05891685	0.12536692	-0.06270176	0.26279221	0.30622578	0.02279311	0.29304124	-0.07326660	0.00464579	0.33332328	-0.09270122	-0.11968679	-0.24889917	-0.08747436	0.00377167	-0.18175226	0.09523693	0.21799065	0.22456770	-0.01410469	0.31389322	0.12642171	0.12589289	0.44611403	0.18722600	0.00509114	0.09696648	0.27916045	0.21568976	0.01013002	0.30732379	0.41227636	0.38788236	0.29011847	0.13136027	0.29052832	0.37965079	0.36987595	0.31268953	0.41788327	-0.06173709	0.20135351	0.26981895	-0.12393279	0.02084332	0.31769067	0.37628178	0.13883808	0.25121278	0.27352526	0.25728583	0.28505438	0.13041833	0.12614536	0.17159377	0.35536052	0.12445775	0.32994060	0.14234677	0.30228638	0.20188155	0.37812506	0.06278795	0.05456037	0.14731300	0.13666239	0.20199604	0.33915418	0.30887626	0.18389535	0.34562909	0.36266423	0.41860445	0.36148746	0.41587181	0.32703477	0.50509792	0.30779837	0.47316130	0.23607399	0.17961815	0.33161101	0.33394592	0.35831107	0.11558514	0.25343400	0.14619279	0.04627446	0.31596916	0.37118921	0.14461362	0.32438483	0.27289266	0.24651977	0.03162138	0.05391704	0.14315065	0.39818789	0.51342468	0.60107582	0.55888273	0.40667493	0.20932315	0.57727521	0.19899467	0.28496670	0.29062156	0.35648849	0.55863569	0.44972940	0.13484908	0.59002362	0.48061875	0.24003021	0.53148644	0.34446910	0.41373999	0.52038243	0.25846995	0.35729538	0.24187261	0.09575663	0.14114438	0.20596758	0.07315174	0.21113244	0.09958286	0.33532947	0.33548069	0.18474257	0.10138870	0.38394306	0.42403454	0.17220714	0.25518788	0.41340202	0.32134220	0.47635906	0.48952737	0.29439294	0.32163359	0.26781352	0.25345407	0.09897605	0.16923160	0.08060577	-0.03477464	0.23372510	0.11693489	0.18014094	0.17949914	0.18548879	0.10405501	0.08819466	0.11968718	0.25130087	0.49628882	0.54533205	0.34174094	0.23622397	0.38900802	0.43503295	0.25453234	0.29020962	0.34765265	0.34938219	0.27686246	0.33790507	0.29878294	0.24967447	0.14903883	0.11541119	0.23325570	0.17363579	0.17517712	0.28833881	0.47720426	0.41074153	0.31762974	0.35163542	0.26959322	0.02679031	0.18557957	-0.00982068	0.20898528	0.24030423	-0.12699832	0.17122130	-0.09496921	-0.06976825	0.10720608	-0.17833060	0.17336080	0.25362922	0.07703154	0.10344638	0.18043361	0.10480519	0.44251021	0.19453727	-0.12484463	0.03035991	0.10591236	0.10418234	0.29971492	-0.06011023	-0.17336709	0.07196627	0.15641927	0.00823531	0.22998959	-0.09469368	0.11551393	0.06306110	0.18870169	0.02326570	0.08715878	0.02477672	0.15564220	-0.09258057	0.20312345	0.24126398	-0.06166596	0.12083625	0.26241778	0.37458019	0.27198603	0.21601508	0.22932127	0.01153924	0.12266048	0.14443464	0.39821680	0.40055432	0.29985624	0.19323819	-0.10453608	0.09502087	0.17028679	0.19203072	0.26646395	0.45366286	0.20747623	0.34367411	0.11468761	0.30540228	0.13059800	0.00820271	0.09103295	0.39132453	0.13336331	0.18975775	0.03308276	0.06760288	0.30671748	0.33512357	0.32229991	0.32476893	0.36963329	0.24622306	0.31829083	-0.02006529	0.15721451	0.16672166	0.23548600	0.23081957	0.12294748	0.29643537	0.44227687	0.12668296	0.31209403	0.16470340	0.16246067	0.33309365	0.16800201	0.24974375	0.30227789	0.27520802	0.16623143	0.17532701	-0.06480708	0.09215989	0.10661999	0.27478344	0.13517130	0.32592462	0.10279164	0.12952437	0.04574519	0.13199529	0.28927405	0.03865129	-0.06943082	0.02219534	-0.07261459	0.25684840	-0.03649789	-0.02899825	0.16059298	0.06808959	-0.03942911	0.16280308	-0.13976913	0.11935020	-0.09482736	0.06642496	-0.03627533	-0.06743263	-0.02130697	-0.05831563	0.06901098	0.18015328	0.22199150	0.05863246	0.05811353	0.04878592	0.11777358	0.17348500	-0.20468947	0.09362212	0.09770860	0.02412289	-0.15692465	0.09927912	0.15608173	0.01336860	0.10220369	0.28912710	0.28866078	0.57570029	0.38187664	0.23380944	0.23850305	0.23560672	0.50099903	0.39341411	0.30807152	0.53158748	0.61056574	0.62686950	0.59113314	0.66332382	0.63003840	0.42614346	0.61715391	0.49560334	0.37296034	0.27606030	0.27449369	0.24253507	0.42866900	0.36754930	0.28790811	0.45228854	0.42858664	0.63789736	0.52909655	0.56244553	0.42546044	0.47017157	0.41668807
17Networks_LH_VisPeri_ExStrInf_4	0.05243571	0.16892612	-0.13199425	0.05624359	0.16758843	-0.11077875	-0.02889076	0.10621600	-0.07360344	0.08929261	0.09404950	0.02891245	0.27228853	0.35223147	0.14986910	1.05686956	0.39448046	0.15264363	0.36211729	0.31779760	0.30805224	0.38306505	0.36346651	0.45588888	0.21381303	0.23984254	0.13834618	0.21468794	0.15425015	0.22405599	0.04027687	-0.20623538	0.16228267	-0.00845644	0.14903792	0.04608779	0.05611715	0.03091857	0.13267971	0.02906121	0.26623886	0.30504762	0.15084569	0.10917159	0.21633847	0.15059886	0.01672898	0.18278314	0.17730690	0.09122684	0.13803248	0.02055751	0.26184952	0.20715063	0.08477140	0.14732207	0.06194423	-0.03760771	0.04478897	0.03678406	0.26734745	0.00952564	-0.02889155	0.01198940	0.03554536	-0.12779306	0.09385815	0.13223708	0.01448499	0.00733218	0.15693261	0.13381021	0.06251059	-0.01868582	0.01392255	-0.10538015	0.05906013	0.24647312	0.18782743	0.24815661	0.20761074	-0.05031001	0.00914498	0.13973906	-0.12098369	0.23502936	0.01050954	0.11164169	0.18920734	0.15736738	-0.04370115	0.14354309	0.16897930	-0.08337295	0.05436547	0.22983251	0.32453652	0.16205393	-0.06869776	0.08413767	0.04880782	0.16022253	0.07809577	0.03753764	-0.08686259	0.09298969	0.05726146	0.11570690	0.00072636	0.06665674	0.04325240	-0.04039438	-0.12302902	0.03433276	0.15104293	-0.04243955	-0.01952059	0.05082135	0.09607320	-0.02214536	0.10265781	-0.03804444	0.09079012	-0.05030936	-0.05139402	-0.01895585	-0.01928485	-0.10613856	0.00575818	-0.09129512	-0.10479671	-0.06470171	0.09559946	-0.02816751	0.06264019	-0.07714827	-0.09265513	-0.02807582	0.10549951	-0.09169465	-0.13652903	0.05623690	-0.00690752	0.03008565	0.04958364	0.11255991	-0.00967836	-0.13589986	-0.05216127	0.00845753	0.12276576	0.10475417	-0.06283884	-0.01706096	0.00030142	-0.01638342	0.02497346	0.13489578	0.00340365	-0.02915513	-0.01559331	0.03333782	0.03447520	0.09474542	-0.05777387	0.04540547	0.02175187	0.05951852	0.00598000	0.02539391	-0.04627825	-0.11673748	-0.02154494	0.05489433	-0.02492990	0.06903552	0.13100420	0.07765735	0.00614922	0.03108472	0.13606763	0.04139145	0.07471281	0.00085105	-0.10131335	0.00179391	0.01918347	0.02589295	0.22053341	0.11575179	0.04114402	0.08425287	0.14742667	0.26261203	-0.02287522	-0.02386201	0.00837021	-0.00011959	0.16861549	-0.04357061	0.05878056	-0.03768507	0.20978205	-0.08232878	-0.17195880	-0.05169957	-0.07540391	-0.03154028	-0.13358012	-0.02993539	0.01278232	0.10689004	0.29418999	0.17299490	0.34564379	0.33714591	0.45860792	0.39216219	0.32773223	0.45417397	0.33421230	0.33992940	0.36727186	0.05367941	0.20462002	0.21060995	0.17176380	0.03406699	0.02831398	0.13163020	0.20811343	0.22557115	0.08268658	-0.01740362	0.20874074	0.19675200	0.25803873	0.25974089	0.28788797	0.24339426	0.13397163	0.15106991	-0.00600020	0.18441447	0.28680748	0.20191227	0.05887515	0.05495715	0.10541574	0.17226441	0.27511563	0.12919660	0.09959649	0.25044867	0.12463620	0.00837599	-0.07665113	0.04966110	0.14185668	0.11623747	0.00837479	0.10807463	-0.01732875	0.17870731	0.19571978	0.01938871	0.28137888	0.09911996	0.09865817	0.26577982	0.27603028	0.21557561	0.16804679	-0.02383882	0.12230774	0.21170096	0.06006047	0.19637383	0.33375728	0.36215556	0.07940769	0.25024463	0.08894319	0.06504760	0.14826543	0.24320588	0.12482425	0.01703681	0.16383731	0.07904582	0.22169146	0.19575043	0.15295088	0.25437862	-0.04487935	0.29728830	0.27070643	0.28320224	0.14240587	0.26393666	0.28827791	0.10686175	0.01180438	-0.05526866	0.10320162	0.06156326	0.07773070	0.18847616	-0.00374234	0.00187335	0.08064253	0.20070623	0.00010227	0.23729398	0.01320149	0.18538538	0.02726608	0.10880250	0.04606689	0.08946899	0.01355356	0.10344415	0.11429911	0.07300082	0.14765524	0.14997328	0.04366604	0.13055937	-0.00491628	-0.15064223	-0.14191919	0.00750554	-0.07001304	-0.13809091	-0.04204777	-0.05989371	0.02107099	-0.08152812	-0.15409003	0.01193175	0.15557872	0.06917127	-0.08304297	-0.12620749	-0.07697279	0.06787466	0.04936340	0.05798798	0.01293850	-0.19411807	0.07216999	0.05434449	-0.02424837	-0.03785355	0.16145836	0.03972536	0.04352482	-0.06584872	-0.08598645	-0.08788131	0.01271319	0.04767992	0.02841831	0.01481011	-0.09000084	0.07703981	0.09575551	-0.04903100	-0.06600518	0.08260225	0.00247517	-0.01967771	-0.04106935	0.07347397	-0.22526951	0.01511831	0.03757075	0.01367302	-0.11557223	0.05168019	0.01607477	0.13503935	-0.00503995	-0.03578955	-0.05194788	0.04115600	0.12421010	0.07935955	0.02103578	0.17243858	0.01803581	-0.04320596	0.05076717	0.01765761	-0.09531692	-0.10980171	-0.00629535	0.02396876	-0.06881202	-0.05383814	-0.00914214	0.27014221	0.07400490	0.02807131	0.17643311	-0.09407429	-0.03551234	0.03955106	-0.09096070	-0.11898815	0.05669408	-0.03905924	-0.13899743	0.04185554	-0.08347135	-0.07737390	0.08427720	0.13939075	0.03820969	0.06988092	0.16399542	-0.00205156	-0.07938926	-0.04121601	-0.12823191	-0.15208769	0.05680651	-0.03112316	-0.23623531	0.09536107	-0.06300179	-0.11707382	0.10300842	0.05756075	0.17669854	0.07792683	0.06492775	0.17275286	0.22477788	0.10969071	0.01435665	0.00429841	0.07926503	0.03122787	-0.01844281	-0.03420384	-0.11472536	0.05194357	0.14339564	0.15698766	0.15256177	0.10904568	0.04533631	0.27377359	0.05884852	0.07407169	0.00921536	-0.04473696	0.07268363	-0.03783745	0.04359116	-0.07223097	-0.08118186	-0.03985507
17Networks_LH_VisPeri_ExStrInf_5	0.13585983	0.28224295	-0.14810816	0.13044544	0.18832816	-0.13388933	0.05470406	0.16264703	-0.07234705	0.15477688	0.13126217	0.12632247	0.40186731	0.43221067	0.20741355	0.39448046	1.08826465	0.09878806	0.47977779	0.50476337	0.34471640	0.40651461	0.35482278	0.54623494	0.29401491	0.28576780	0.22728718	0.41545450	0.16534773	0.31878858	0.27011080	0.11197944	0.31595200	0.18770198	0.30403246	0.21770735	0.10542261	0.04404146	0.21844749	0.25848352	0.17740157	0.30483391	0.24551294	0.06207407	0.11903016	0.10216081	0.18712243	0.22455874	0.20338772	0.05213510	0.23454596	0.07449641	0.22287380	0.21870067	0.10192838	0.10532084	0.04932015	0.12384055	0.01272381	0.13939317	0.36728695	0.13570127	0.05346918	0.09502486	0.11971219	-0.06348200	0.27095024	0.18991249	0.22674739	0.13581187	0.28623193	0.19170096	0.14776449	-0.09211754	0.10821459	0.05502328	0.20411996	0.34739950	0.23250564	0.31947064	0.21931766	0.25973828	0.16381311	0.30347136	0.11690737	0.17989960	0.12344662	0.30098834	0.21284877	0.03703554	0.05374640	0.27082135	0.27145563	0.09130794	0.23582470	0.32799336	0.32684138	0.36937514	0.10108555	0.22290096	0.19622460	0.39504170	0.23671842	-0.22662890	-0.13528651	0.10737785	0.12469916	0.15418709	-0.09900426	0.05346056	-0.03945818	-0.13249802	-0.17694828	0.00661197	-0.03072509	-0.13776751	-0.02294656	-0.14763415	-0.14027590	-0.05811026	0.17324808	0.14932839	0.17362900	0.18358628	0.03794337	0.15074299	0.12637587	0.08354756	0.08982509	0.08586400	-0.07507592	-0.02150985	0.28453615	-0.10298524	0.13319829	0.06389947	0.15475674	0.10975430	0.07945079	-0.06894928	-0.14031341	0.15701284	0.12297229	-0.00817950	0.09055713	0.11733682	0.07300584	-0.01385501	-0.15353682	0.04340511	0.10964257	0.08731289	-0.19815138	-0.08919181	-0.15991421	-0.04357560	0.06960571	0.21445993	-0.11832646	-0.08293208	-0.04771877	-0.02458259	-0.04431507	0.00983826	-0.00457086	0.05423604	-0.09158789	-0.09326956	-0.03772291	-0.12694627	0.09051927	-0.05645837	-0.05580153	0.13325799	0.00983501	0.08400374	0.18953072	0.12693459	0.10156786	0.21935061	0.18004769	0.13122237	0.03042216	-0.09377594	-0.07039714	0.09360636	0.13763337	0.09695334	0.32867930	0.03970276	-0.03800162	0.21363867	0.18012371	0.21556560	0.04579934	0.16203876	0.13337250	0.21245612	0.18854857	-0.02169265	0.27428067	0.12172186	0.29998897	-0.07673354	-0.14392910	-0.07068446	-0.02738425	0.16714242	-0.00906696	0.16622963	0.15737556	0.16557950	0.34608933	0.15672624	0.39350510	0.37151731	0.44196475	0.40753721	0.43030974	0.51979618	0.35797567	0.41423647	0.33737583	0.17471357	0.27885131	0.44301286	0.28351212	0.16573777	0.13685975	0.27140101	0.29685546	0.33082376	0.18936274	0.08923343	0.31211626	0.17144802	0.20354371	0.17878097	0.15226504	0.32310948	0.12188412	0.23529801	0.08712414	0.34157715	0.32714351	0.14741154	0.10997139	0.06462809	0.12361801	0.21525992	0.23015007	0.14386874	0.11589929	0.26915419	0.18847504	0.19010445	0.07732769	0.21136920	0.41636167	0.20136813	0.09075432	0.20911889	-0.11842445	0.16679641	0.29627372	0.29570652	0.21728512	0.18069484	0.19106814	0.30449791	0.28226487	0.25383894	0.23231109	0.03214585	0.14741325	0.30497200	0.15091293	0.20213493	0.33873454	0.26596356	0.03150279	0.35519476	0.21602291	0.25384244	0.23116852	0.25746450	0.26479680	0.09896017	0.13046486	0.14315831	0.16313678	0.18054297	0.19528006	0.14641261	0.00089791	0.40208763	0.24531232	0.30526781	0.15717895	0.38143391	0.33537022	0.30167052	0.16029864	0.05643323	0.20088703	0.12502343	0.21823115	0.31526120	0.11969814	-0.05323067	0.11488148	0.34093313	0.02990835	0.25689059	-0.15911882	0.04500343	-0.04644573	-0.02781984	-0.01209663	0.01068765	0.02957740	0.06552498	-0.07824408	-0.05061313	0.33270288	0.23447911	0.11126964	0.22705885	-0.01193208	-0.00247758	-0.14000034	0.05382477	0.05132154	0.00552776	0.25399658	-0.05325183	0.07973515	-0.03469336	-0.01613293	0.13838088	0.15696048	0.17675288	-0.03182772	-0.04705801	0.02980841	-0.04821054	0.05061801	0.12621839	0.05899122	-0.11219120	0.04998974	0.09201914	-0.12379110	-0.05797201	0.06961301	-0.04444666	0.15786837	-0.09732959	-0.10921319	-0.02197951	0.03408689	-0.02936162	-0.13039415	-0.12154137	-0.04513235	0.15284411	-0.05974590	-0.00945608	-0.10798453	0.11892138	-0.06691841	0.10895597	0.05873034	0.15665955	-0.14027669	0.05031907	0.05452659	0.07622430	-0.01263042	0.13238342	0.18052325	0.18517081	-0.02483066	-0.00274137	-0.13696751	0.05419467	0.12582409	-0.01403543	0.27951197	0.18932972	0.21676369	0.02111775	0.15091585	0.12679972	-0.03859849	0.01443816	-0.11312473	0.06110128	0.01408011	0.05527107	-0.19192265	0.10283266	-0.08377750	-0.05096195	0.24460154	-0.17133561	0.04307662	0.18330304	0.07592258	0.09218537	0.04241362	-0.04042643	-0.07307760	-0.02463091	0.08751408	0.10510489	-0.00164472	0.08231831	-0.02234170	-0.00364197	0.12813078	-0.20774872	-0.13173627	-0.09305154	0.05367898	0.06811953	0.19831646	0.07861396	-0.06782089	0.12370970	0.02228039	0.11556791	0.12593496	0.12251709	0.16676851	-0.07571441	0.07418971	0.12552954	0.12166735	0.01447586	0.00695242	0.11290966	0.12939763	0.15387655	0.10135776	0.06805399	-0.09361543	0.08242474	0.23003283	0.17323679	0.19269770	0.02748891	0.10400199	0.27415518	0.09757783	0.09432631	0.25916759	0.14003595	0.17652991	0.02786852	0.14547695	0.03759618	-0.02201744	0.00236108
17Networks_LH_VisPeri_StriCal_1	0.42860979	0.59049330	0.27500556	0.50809522	0.23552424	0.05492715	0.38250913	0.11844945	0.19227841	0.23022150	0.51446265	0.35563430	0.25930113	0.38275144	0.60271948	0.15264363	0.09878806	0.91308560	0.33980404	0.25738539	0.50369581	0.29385036	0.40098668	0.22066879	-0.07227794	0.09780176	0.01547577	0.07163822	0.00112989	0.07426803	-0.06533449	-0.14264821	-0.04516366	0.00398948	0.14730617	0.18811497	-0.04365262	0.38409605	0.34020799	0.03873179	0.13807753	0.28031589	0.18086888	0.13670968	0.11128249	0.03954835	-0.03598536	-0.04941357	0.06976355	0.10596435	-0.05329900	-0.01760990	0.02930233	-0.00479114	-0.04008290	-0.19348590	0.02983848	-0.16842212	0.11268134	0.38121734	0.32882001	0.38305716	0.17057187	-0.13817383	0.36013517	0.03377694	0.16305652	0.11838074	0.08100265	0.06892805	0.13257003	0.23700279	-0.15983807	0.03175110	-0.16019195	-0.07496276	0.01946697	0.13795421	0.32646070	0.25848478	0.33617097	0.03498397	0.07605803	0.16657762	0.00113006	0.13634486	0.16568752	-0.23722052	-0.06711004	-0.01063913	-0.22892819	-0.14938834	0.05003821	0.03356913	-0.14900850	0.06703540	0.22629654	-0.05328639	0.09679522	0.33048205	-0.03148231	0.18073637	-0.15535880	-0.08064408	0.11816783	-0.03458246	0.20239035	0.22953461	0.02364816	0.22518261	-0.07795342	0.06776033	0.21462665	-0.02504344	-0.05071053	-0.11699345	-0.01892330	0.06890806	-0.09347943	0.09668376	0.08895335	0.12433167	-0.06985134	0.17798452	-0.00086561	-0.00058753	0.23827446	0.03709935	-0.09035908	-0.05754063	0.15770982	0.15703122	-0.09089530	0.18634032	0.29654167	0.23434129	0.16404734	0.03079581	0.28354549	0.17395011	0.20108099	0.26526395	0.25497083	-0.00423108	0.17136329	0.24512474	-0.10801725	0.06642410	0.32169992	0.30126309	0.22399023	0.23254468	0.32038518	0.31628051	0.28727232	0.23299901	0.19217775	0.11766028	0.36992041	0.20464577	0.37782281	0.18230958	0.34274430	0.25103734	0.26901226	0.09180213	0.10091555	0.20914851	0.10859302	0.16594488	0.27696009	0.24969592	0.19003008	0.30017399	0.32071883	0.34325568	0.29069546	0.30457977	0.27857271	0.33559823	0.21987480	0.32233382	0.20985530	0.19416751	0.24781051	0.26071621	0.24667630	0.03639124	0.27678174	0.21405205	0.08418887	0.24558348	0.33380010	0.09913922	0.23966429	0.06523543	0.23785315	0.04820906	0.02552347	0.19564962	0.28514649	0.42808652	0.49644062	0.41444658	0.35461044	0.13572927	0.44685917	0.06350779	0.20793952	0.08921716	0.41611026	0.44913575	0.33197737	0.12542955	0.40648851	0.41858589	0.23124814	0.55463738	0.28496135	0.37050243	0.52876883	0.20911906	0.35876989	0.09083972	0.00092916	-0.05188390	0.05606974	-0.08147897	0.03986264	-0.03039014	0.20022444	0.15839827	0.06085214	-0.04434160	0.19194130	0.32656031	0.10250207	0.20465633	0.36338788	0.19651767	0.28536112	0.27259068	0.21834838	0.18525648	0.12834237	0.15000982	-0.03488824	0.02754736	0.00580890	-0.05179913	0.06825083	0.02328392	0.03794068	0.06473003	0.02598534	-0.04924289	-0.09508231	-0.06027616	0.19503569	0.35723597	0.38865953	0.14238243	0.22339916	0.35735516	0.32906293	0.11408399	0.15683795	0.22140042	0.21960868	0.11441257	0.25850850	0.23198774	0.08144201	0.04360662	0.02287346	0.07776998	-0.03944866	0.09500849	0.20758328	0.43370710	0.40510786	0.13820899	0.09314303	0.02298697	-0.13559760	0.05476937	-0.13640321	0.05174899	0.19504775	-0.16521580	0.09880693	-0.22181291	-0.14496117	-0.02894490	-0.23795846	0.05687343	0.19990459	0.04157932	-0.06268285	0.10271783	0.03584811	0.17712670	0.13167198	-0.22648821	-0.10743898	-0.01907497	0.05783212	0.19365083	-0.08707328	-0.17028475	0.11940025	0.03816557	0.01131840	0.19778248	-0.02740842	0.04738308	0.09755941	0.24116262	0.03464509	0.00294601	-0.03414155	0.12321461	0.00455872	0.13841397	0.06842681	-0.08154083	0.07241940	0.05871180	0.28196944	0.04119896	0.05021871	0.12961611	-0.11095379	0.03663519	0.01439938	0.26175351	0.14785670	0.21092365	0.05991073	-0.17806308	0.04360548	0.11350791	0.09181851	0.12934831	0.31078239	0.19753073	0.11184522	0.00215596	0.23643888	0.01594361	0.03811248	0.06937128	0.35811400	0.13967525	0.11693655	0.03937598	0.13255580	0.24460985	0.29363861	0.20553135	0.25713684	0.32646698	0.24268563	0.29710753	0.08391097	0.16677604	0.22020806	0.24407402	0.19876488	0.17771206	0.31082615	0.26800685	0.08500358	0.16061751	0.09337527	0.08466011	0.25561955	0.08470799	0.19286938	0.17499149	0.12883921	0.17820626	0.07642474	-0.15517420	0.05657773	0.05711864	0.26504774	0.13562126	0.21747026	0.10794595	0.07008078	-0.00406666	0.00261670	0.12224275	0.03176311	-0.16512686	0.05698558	-0.15739182	0.17363915	-0.08618536	0.09936397	0.24064633	0.13810968	0.00954229	0.13286687	-0.09454139	0.09666282	-0.12800347	0.01811047	-0.02315209	0.02910942	0.00022572	-0.12377568	0.00119740	0.04890295	0.11422582	0.02017650	0.17950567	0.06020930	0.09609241	0.13214437	-0.14558693	0.05602260	0.07495710	-0.00704661	-0.19616292	0.10708186	0.13580715	-0.08292163	0.00142049	0.12117330	0.12847672	0.40527049	0.25512181	0.13136913	0.17302368	0.10542161	0.36741051	0.38730133	0.23832375	0.39956216	0.33610145	0.45394757	0.34431096	0.40405669	0.40062243	0.27452764	0.40292104	0.33949980	0.24296659	0.15016334	0.13373923	0.13772485	0.24192412	0.25821136	0.19605967	0.25848010	0.32503413	0.45360178	0.32874697	0.34128064	0.27293490	0.28995392	0.31970287
17Networks_LH_VisPeri_StriCal_2	0.11776198	0.40053545	-0.05765739	0.19052145	0.10705455	-0.18124137	0.05857998	-0.07735610	-0.24131962	0.01231789	0.24301497	0.12168135	0.25740441	0.36428182	0.30584309	0.36211729	0.47977779	0.33980404	1.05789227	0.51555470	0.72111189	0.52125348	0.58117989	0.57659856	0.01758598	0.25160658	-0.01517747	0.23084645	-0.13441592	0.22269922	-0.13590813	-0.14433881	0.02863639	-0.01019425	0.12800330	0.15777469	-0.04600041	0.05245352	0.11806448	0.14983308	-0.03941605	0.27270783	0.10231707	0.07223161	0.16592574	0.10880780	0.01259905	0.06480293	0.11479841	-0.05515773	0.03108728	-0.05153034	0.18311426	0.29249356	-0.01767484	-0.07017511	-0.08708825	-0.17506807	-0.12719194	0.17446305	0.25681189	0.15751688	0.02225225	-0.14540782	0.17324246	-0.15925659	0.19499468	0.15390101	0.09737594	-0.06384272	0.25746528	0.16343638	0.19230707	-0.10332724	-0.03383720	-0.13822133	-0.03452458	0.15609270	0.31314206	0.34758283	0.22701648	-0.00696564	0.03574902	0.24389644	-0.10603937	0.19205016	0.03949742	0.17116730	0.19899474	0.07818109	-0.10145057	0.00317414	0.21090801	0.03164990	-0.05317481	0.34750290	0.35597589	0.10872717	0.01114465	0.15606794	0.26411664	0.36782772	0.22615009	-0.02095086	-0.05927342	0.04257827	0.29626939	0.24973778	0.01007127	0.10883768	-0.10601354	-0.13538290	-0.18088346	-0.15145880	-0.02078028	-0.22009548	0.02850902	-0.13947500	-0.03471290	0.05599815	0.02626588	-0.00679206	0.18716699	0.17512749	-0.13687969	0.19299596	0.13079493	0.07268447	0.11910781	-0.02368440	-0.00642381	0.06939563	0.14925085	-0.05980052	0.21174980	0.08224741	0.17165860	0.08168761	0.06656440	0.00465727	-0.04162124	0.23886333	-0.05161325	0.17242166	0.23860319	0.17230851	0.15892801	0.09652552	-0.09632169	0.18258569	0.21430230	0.06429335	0.00775447	-0.02202639	-0.07363288	0.09353000	0.10376889	0.18436559	-0.05933080	0.00868051	0.05219510	0.12701644	0.06733375	0.04709976	0.06241153	0.10359118	-0.11465597	-0.12880955	-0.17410505	-0.17408839	0.09157549	-0.16449127	-0.15326460	-0.04229100	-0.04623809	0.00824243	0.14290390	0.09716347	0.15652144	0.18540946	0.03826858	0.08406134	-0.01871170	0.05255912	-0.14955412	-0.05503437	0.00705492	0.14754973	0.39550418	0.17941063	0.14667266	0.20207903	0.21216991	0.22971282	0.14053918	-0.09646440	0.11372141	0.09912813	-0.05241626	-0.03944689	0.10769745	0.17639123	0.37118394	-0.01650846	-0.04440014	0.01635144	-0.09279339	-0.08555169	-0.18990732	-0.10534742	0.29541921	0.19230750	0.28324102	0.20668215	0.47142571	0.39152939	0.45311293	0.74018133	0.36739269	0.60086592	0.69848376	0.52797656	0.52384597	0.13938506	0.07008109	0.09614398	0.04714056	-0.00765787	-0.11817087	-0.02114073	0.18877801	0.14173143	-0.04535133	-0.12513720	0.23242937	0.17452229	0.19729587	0.15167100	0.16696917	0.20566326	0.09801828	0.14894467	0.03058842	0.36569846	0.41500672	0.15653068	0.09731329	0.08499625	0.12002829	0.03566375	0.11097155	0.05673688	-0.05181844	0.22065485	0.05257127	0.12085884	-0.16927711	-0.04339189	0.26748530	0.21891271	0.15750806	-0.11245395	-0.12033691	0.21445961	0.28327582	0.07841516	0.24629094	0.13160508	0.20415611	0.22955221	0.31277971	0.23867807	0.13304888	0.02252873	0.22007367	0.25589367	-0.01280137	0.10393749	0.38920467	0.40210998	0.10960853	0.19905686	0.15757019	0.09365092	0.04985860	0.25193716	0.18826108	0.12712024	0.15047676	0.10547899	0.24872200	0.15463029	0.13126840	0.16849283	-0.10607854	0.31720020	0.20129961	0.24373846	0.16456014	0.30380233	0.21820763	0.16195908	-0.00606122	-0.03750845	0.15963593	0.19717755	0.07649389	0.28529073	0.00140381	-0.03634649	0.07105169	0.19779580	0.00598953	0.21027626	-0.20689530	0.01121709	-0.07933320	-0.18505061	-0.06846965	-0.12700179	-0.00836013	-0.05779767	0.04837459	0.12482905	0.13127032	0.22993463	0.24671707	0.04050781	-0.04812811	-0.05278229	-0.07089399	0.10989636	0.00569105	-0.14127491	0.19291391	-0.00002138	0.07704477	0.05236114	0.02861017	0.12762074	0.26266510	0.26197425	0.02601660	-0.03254873	-0.02018271	0.03633132	0.01534959	0.19863191	0.16167133	-0.08834625	0.18892360	0.25451380	-0.04655070	0.03252960	0.09447332	-0.00642497	0.24180102	-0.15541898	-0.04891296	0.05312177	-0.02402272	-0.06955651	-0.06115919	-0.10576864	0.03732687	0.22499990	0.01206303	-0.00253459	-0.11643526	0.14925000	-0.07363713	0.03570506	0.07904488	0.09737052	-0.21853001	-0.00967568	0.01162872	-0.01333887	-0.13027247	0.03347533	0.10895201	0.09350372	-0.16790293	-0.21499107	-0.05744785	0.10273167	0.26379439	0.15223215	0.30532469	0.17998371	0.12510719	-0.14367780	0.06474665	-0.02729597	-0.20063770	-0.17842186	-0.03976111	-0.17192222	-0.07633458	-0.14262358	-0.13285869	0.17743386	0.06043968	0.03053999	0.12927532	-0.21225480	-0.06457593	0.00217268	-0.07864931	-0.01964006	-0.03788392	-0.18088442	-0.21625989	-0.07905643	-0.04192857	-0.05310127	-0.00554940	0.23399797	-0.02999925	-0.00935379	0.11048012	-0.27145907	-0.15085974	-0.05994404	-0.10845904	-0.11007590	0.09749906	0.02896030	-0.25476911	-0.04849081	-0.02991784	0.05487384	0.07109276	0.08163019	0.04577159	-0.16811723	0.04299836	0.16925414	0.26825917	-0.00804973	0.07617942	0.07210096	0.14447038	0.12678533	0.02102268	-0.00810871	-0.21461373	0.00911731	0.21888410	0.13473298	0.03140266	0.08006804	0.07011935	0.14322944	0.17550050	0.09884284	0.13971348	0.15776942	0.15363779	-0.02612542	0.05399949	-0.07715679	-0.13956689	-0.06899350
17Networks_LH_VisPeri_ExStrSup_1	0.27579115	0.41107625	0.02303995	0.22998067	0.06608778	0.01580917	0.18651999	0.15547944	-0.01787544	0.20738206	0.18960229	0.26846045	0.41914573	0.43393305	0.34009274	0.31779760	0.50476337	0.25738539	0.51555470	0.91831036	0.44062749	0.45963466	0.43099873	0.54289856	0.27554559	0.26361440	0.20847249	0.42180992	0.12806819	0.21865161	0.18429848	0.14099174	0.23129462	0.20231347	0.25567940	0.28664732	0.17003431	0.07594869	0.24467649	0.27421338	0.20214086	0.24887744	0.27719739	0.15716652	0.10649806	0.15497213	0.14699512	0.10760869	0.00774548	0.04994745	0.21514138	0.10083543	0.29356990	0.15118138	0.15644976	-0.02081820	0.14882006	0.06274440	0.16714893	0.21345577	0.38899796	0.20598668	0.20377550	0.03662415	0.27466770	0.09173513	0.26310653	0.25413510	0.30110451	0.17149935	0.33090720	0.22892631	0.15791924	0.13899141	0.09450193	0.10033319	0.21925986	0.24870560	0.23443859	0.29811435	0.14218319	0.13505542	0.15976037	0.23561619	0.15738545	0.08992575	0.05505246	0.14798769	0.22747296	0.02010568	0.10944309	0.13437723	0.23602315	0.13957202	0.22505781	0.33069126	0.35511013	0.31489937	0.18585718	0.29859724	0.13588434	0.31811500	0.16847986	0.01624799	0.02773375	0.18956885	0.19500343	0.26711690	0.02819086	0.18481729	0.03499703	-0.05199650	-0.10630140	0.06375935	0.14438070	-0.10392483	-0.17269729	-0.02468916	-0.01741679	0.06465268	0.14015019	0.22181766	0.18049595	0.29282722	0.15500479	0.18794793	0.20570702	0.11626545	0.05024840	0.13737508	-0.00502433	0.07775546	0.22175095	0.08403831	0.19977673	0.20341162	0.23873456	0.14829660	0.04888839	0.04175168	0.02070945	0.21501945	0.06710232	0.11616517	0.21817837	0.17586168	0.12737638	0.05389774	-0.03216945	0.16964634	0.10016941	0.03467575	-0.08098496	-0.02863732	-0.04984997	0.06931596	0.10732116	0.19346471	-0.00496780	0.03932042	0.05660508	0.04888612	0.04732908	0.03419264	0.15006264	0.07732944	-0.00819738	-0.02970897	-0.03661258	-0.11320114	0.11728488	-0.03142103	-0.01731404	0.05165855	0.02294161	0.03797806	0.09734352	0.08772159	0.07838936	0.24155348	0.08177926	0.13712803	0.11325757	0.01047877	-0.02942079	0.06484038	0.12158209	0.13711104	0.39654561	0.15204383	0.06708409	0.11017216	0.21102583	0.31039090	0.16484220	0.07362270	0.06955515	0.02792966	0.04665865	-0.07868720	0.23844425	0.18753303	0.41150864	0.11482998	0.00596272	0.00916066	0.15033931	0.14006238	0.04980755	0.20029147	0.24015961	0.27372879	0.44965530	0.26440141	0.37292678	0.33239423	0.41890869	0.50886231	0.54094431	0.59262326	0.43978690	0.55220097	0.38585085	0.24624342	0.09386663	0.23857266	0.26101631	0.19946054	0.15510610	0.16843452	0.35373787	0.28654403	0.18753991	0.07911178	0.32616537	0.13621528	0.25019375	0.14303365	0.16691158	0.28525147	0.17148699	0.21945791	0.02548673	0.37809576	0.35098630	0.15732054	0.08603072	0.11076069	0.11743180	0.05489712	0.19032723	0.13892197	0.07285631	0.19530388	0.21994866	0.21755911	0.12224795	0.21483068	0.33438197	0.23125771	0.16153443	0.20892612	-0.07318659	0.30673703	0.39775047	0.35225762	0.35768164	0.30157850	0.30895578	0.35100259	0.29749684	0.23539069	0.22731766	0.18444013	0.25198786	0.33864744	0.18552666	0.25908331	0.31218338	0.26222530	0.02241277	0.22324049	0.29025072	0.19285421	0.14492231	0.23422094	0.19241562	0.18619334	0.22491959	0.17151571	0.21876683	0.12209636	0.10630433	0.11959453	-0.01923575	0.33107387	0.14842918	0.29746792	0.17234271	0.32531159	0.28306140	0.31290150	0.06947101	-0.04718208	0.16354507	0.15935070	0.07200613	0.23964442	0.11354482	-0.02113106	0.06721755	0.29391807	0.06078614	0.29929353	-0.09574697	0.11789479	0.07669281	-0.11828527	0.06846666	0.08854822	0.06475120	0.11703837	0.10797785	0.12410341	0.35178324	0.23932809	0.27832934	0.27531205	0.08242492	0.04666998	-0.05103934	0.08663162	0.07611086	-0.01715104	0.26157611	0.15322364	0.15789282	0.06038619	0.06361001	0.06420973	0.18365588	0.17808237	0.02908456	0.05000679	0.08316009	-0.03030325	0.13110398	0.17649762	0.11265158	0.00167252	0.15823133	0.23680613	0.00808529	0.03712021	0.09522954	0.07749230	0.25621057	-0.00965960	0.00194341	0.07888705	0.03241413	0.00190625	-0.00318569	-0.02266267	0.08786558	0.19037868	0.02687021	0.04715231	-0.06634352	0.07641295	-0.04448315	0.10625670	0.04861496	0.22041635	-0.09862843	0.14301487	0.06490880	0.04061737	0.01143802	0.14548122	0.14704178	0.09877742	-0.03630107	-0.09523280	-0.08789076	0.07551600	0.25196385	0.06738557	0.23189148	0.17869908	0.23380267	0.07063692	0.15716088	0.09531024	-0.02714538	0.03298587	-0.05259708	-0.00956157	0.01062650	-0.07575219	0.00988535	0.19350082	0.09637974	0.07403357	0.19687974	-0.15346363	0.14199978	0.16833160	0.06325573	0.08948173	-0.05252018	0.01598178	-0.01573797	-0.02920019	0.19893004	0.16834461	0.05715269	0.10131115	0.06388415	0.07522072	0.18349611	-0.11238712	0.03378577	0.08800785	0.09994163	0.07085682	0.19977819	0.04957572	-0.05794498	0.04475728	0.11944018	0.13673446	0.16276672	0.14312623	0.24015923	-0.00749958	0.15620944	0.22478511	0.17274090	0.02644678	0.11611576	0.19272461	0.22899208	0.18842676	0.13692801	0.12722549	-0.00997170	0.17283552	0.26250449	0.27070389	0.30975396	0.02442332	0.13715722	0.28363093	0.21448098	0.11225147	0.23456626	0.16224931	0.24544009	0.07876921	0.15771799	0.02097958	0.05088056	0.10981887
17Networks_LH_VisPeri_ExStrSup_2	0.22480847	0.50996923	0.08392060	0.34333277	0.12064189	-0.09895404	0.17736491	-0.02310505	-0.08942375	0.09337450	0.38654795	0.22721282	0.29275708	0.39272223	0.48504877	0.30805224	0.34471640	0.50369581	0.72111189	0.44062749	0.99362335	0.54280069	0.58797601	0.50831517	-0.05346178	0.18862659	-0.00239065	0.19442971	-0.12478348	0.14360239	-0.15143697	-0.23872052	-0.06077690	-0.10654916	0.09528493	0.16155778	-0.09242596	0.22160571	0.20745426	0.04764418	0.00392297	0.29918967	0.12562434	0.14323916	0.17640681	0.10813396	-0.00656845	-0.01063896	0.11331193	-0.05157033	-0.01277773	-0.08241935	0.09864722	0.18176542	-0.01604756	-0.11032997	-0.05039698	-0.24605927	-0.04830501	0.27174331	0.23929263	0.23874343	0.08242229	-0.19967010	0.24658448	-0.12507091	0.17217860	0.12642051	0.04690273	-0.02552068	0.17372569	0.14868630	0.07869228	-0.07995487	-0.10730327	-0.16095068	-0.08160318	0.13883353	0.34484056	0.33943083	0.33168071	0.01801484	0.01918836	0.23597690	-0.07151301	0.21204055	0.14306297	-0.01150026	0.06097642	0.03695724	-0.23496724	-0.12859729	0.15896638	0.04347543	-0.14668913	0.25262752	0.34913180	0.00974168	0.06219243	0.22581698	0.12189058	0.27784588	0.07232254	-0.06586303	0.04473290	-0.07528041	0.22663389	0.30200447	-0.02925425	0.16692764	-0.14959260	-0.09125900	0.04833401	-0.13150218	-0.09259526	-0.24259072	0.01711122	-0.09097447	-0.11640847	0.11879919	0.06448316	-0.03131841	0.02299041	0.16019422	-0.11595071	0.09854610	0.21180417	0.07274221	0.00358796	-0.04044604	0.09918528	0.17097264	0.02304498	0.04610112	0.24930433	0.18171583	0.18478606	0.03828270	0.18660598	0.14817658	0.12882818	0.26020891	0.16362550	0.12693024	0.20882667	0.19181905	0.05780430	0.07898324	0.13610070	0.26335818	0.30575010	0.21802834	0.22422621	0.19933562	0.15845439	0.20901439	0.16131820	0.16430905	0.16256456	0.15578920	0.23838533	0.19272230	0.24930666	0.21627178	0.16684388	0.14809334	-0.06865534	-0.00786658	-0.01837504	0.03994575	0.19649924	0.06895578	-0.02947206	0.15309767	0.12469491	0.18143270	0.25295068	0.22020651	0.24855548	0.26370002	0.18901827	0.26691953	0.09455479	0.10901271	0.08457085	0.09909513	0.13309008	0.09264503	0.41424510	0.23540554	0.15754620	0.22558940	0.36123008	0.19225811	0.23939799	0.03028281	0.23629069	0.07175814	-0.02824813	0.11712450	0.16894914	0.27987261	0.47493228	0.18038727	0.11253750	0.09057289	0.13068164	-0.07657357	-0.06999117	-0.04366397	0.37117735	0.34565415	0.32874389	0.21856378	0.51959972	0.40812487	0.43104969	0.75920611	0.40365265	0.55867674	0.77176350	0.46796756	0.56161955	0.18854687	0.01345577	0.02603508	-0.01576693	-0.13505327	-0.10940033	-0.10139159	0.13329343	0.12256576	-0.05510555	-0.17068578	0.20443492	0.27216273	0.17248654	0.17738849	0.27690532	0.21251840	0.20512779	0.20575821	0.09418358	0.33287861	0.31290509	0.13163399	0.06912918	0.10102654	0.07083082	-0.03551900	0.10504371	0.08418162	-0.07719595	0.16386577	0.02839094	0.04057542	-0.20638022	-0.09344808	0.27020179	0.29605529	0.29393340	-0.03299454	0.01028037	0.32377235	0.34549076	0.10800841	0.23859204	0.17899275	0.22613219	0.20410963	0.26192762	0.21779995	0.15605080	0.04819874	0.19757112	0.21733787	0.01042900	0.05808828	0.35075885	0.44625174	0.26736325	0.16452000	0.13220937	0.02564487	-0.02513308	0.21480848	0.09100673	0.13528133	0.19408323	-0.01344787	0.19858158	0.06987120	0.00220603	0.07998655	-0.13263333	0.21213957	0.18525383	0.14775665	0.08595340	0.19927940	0.13932569	0.15504787	0.02993762	-0.08520988	0.09225974	0.11084154	0.04970889	0.21700105	-0.07881173	-0.11560825	0.08307375	0.11289018	-0.01175334	0.20624023	-0.19563652	0.07757860	-0.07666154	-0.00414186	-0.05642177	-0.10953633	-0.05864184	0.00552245	0.04067367	0.16355580	0.12836713	0.06413042	0.18754002	0.07632494	0.08503086	0.04759430	0.06906699	0.17010771	-0.01485355	-0.05036179	0.10820248	0.12008484	0.18100452	0.15769726	0.10272464	0.00530757	0.23352038	0.17621561	0.09178823	0.08174364	0.12032723	0.14524579	0.11508048	0.14800567	0.18320180	0.00219678	0.14730469	0.22959887	0.14257088	0.07909239	0.11376494	0.02545644	0.19157712	0.03135817	0.10682366	0.16004267	0.14555481	0.10723431	0.10970035	0.12860592	0.07066672	0.21235875	0.11387710	0.11527371	0.04549227	0.19982100	0.10553289	0.16475481	0.08080702	0.18419392	-0.06281688	0.02788778	0.10062718	0.07251207	-0.00352645	0.11271306	0.13002984	0.12439280	-0.05693420	-0.19818519	0.01915706	0.12834915	0.33199274	0.20063520	0.27284057	0.18384668	0.15657145	-0.11446244	0.02968570	0.08506408	-0.14087836	-0.20613637	0.01994672	-0.15425843	0.03804061	-0.13598990	-0.02368416	0.20663353	0.09212561	0.00035567	0.13229873	-0.25199963	-0.05376039	-0.12997082	-0.09141681	-0.06141516	-0.05132242	-0.19948356	-0.23327349	-0.10332276	-0.00186760	-0.00031080	0.04168699	0.19811828	0.02188575	0.00185685	0.13654966	-0.26237821	-0.09564202	-0.06846307	-0.10207795	-0.19756452	0.12237135	0.06768363	-0.26758719	0.00275241	0.02676066	0.05507656	0.19075512	0.17597644	0.03478677	0.01253601	0.10362182	0.26224107	0.31468476	0.07802052	0.23542313	0.17557493	0.27686496	0.20016363	0.16532451	0.14995778	-0.05504890	0.21184353	0.27326072	0.17205493	0.02527944	0.17484273	0.08321218	0.15432950	0.27104822	0.12607602	0.21162846	0.22781027	0.29271452	0.12581359	0.17127168	0.04537001	0.01563611	0.10877996
17Networks_LH_VisPeri_ExStrSup_3	0.14443759	0.32375657	-0.07416013	0.17225826	0.04105194	-0.12167924	0.07432485	0.08300512	-0.12219021	0.12398079	0.14138466	0.17477195	0.30356479	0.31707990	0.29981679	0.38306505	0.40651461	0.29385036	0.52125348	0.45963466	0.54280069	0.98810885	0.42230994	0.51373843	0.10882274	0.23723868	0.09786337	0.25159210	0.04010751	0.14183635	0.02103947	-0.13052858	0.00307455	-0.03140533	0.16100024	0.08905705	-0.01788589	0.11282402	0.12872758	0.03392015	0.14644101	0.32783500	0.07424855	0.17317017	0.18382215	0.17572262	0.04165324	0.18742025	0.10048918	0.13996052	0.00948525	-0.05863108	0.17402936	0.09531712	0.05148417	-0.02429743	0.00994329	-0.07765193	0.01962177	0.24566622	0.26859119	0.07657182	0.03568269	-0.08950586	0.13859072	-0.02798792	0.16324208	0.13480406	0.08697019	-0.02501661	0.10644357	0.10512806	0.01404242	-0.03235910	-0.12221480	-0.13986396	-0.05212002	0.18965593	0.18208112	0.23577226	0.19304383	0.00733675	0.08463553	0.10029484	-0.01526856	0.14442286	0.12998275	0.01911774	0.13751409	0.09194871	-0.07074941	-0.04199502	0.08550159	-0.03857220	-0.01785891	0.16860635	0.35443654	0.08112858	0.14628284	0.15528444	0.11881111	0.28778343	0.14670048	0.06692071	0.13720620	-0.01203971	0.16535957	0.40164326	0.00480372	0.20764404	-0.07631962	-0.03603027	0.02265905	-0.16757086	-0.04312062	-0.19936060	-0.13809165	-0.07320397	-0.02494053	0.08859677	-0.00148156	0.01609970	0.00494398	0.11922857	-0.05606444	-0.00556939	0.22394546	0.02330321	0.00553349	-0.02896733	0.12119709	0.20818960	0.08907032	0.09616196	0.11657277	0.16461210	0.12408983	-0.00423381	0.22103475	0.07344062	0.17682080	0.32488262	0.10446815	0.27776384	0.29949236	0.20824114	0.20782725	0.13066469	0.22776756	0.24892209	0.40203550	0.19620710	0.25026468	0.24479986	0.19221423	0.34489983	0.23842280	0.23093911	0.15026325	0.23311084	0.21002011	0.23367460	0.20826123	0.24280266	0.19072113	0.25448626	0.00357297	-0.02583282	0.00835785	0.06290145	0.07905912	0.04448262	0.04558395	0.14069943	0.04088078	0.09881141	0.20021503	0.18409375	0.24283207	0.16956038	0.20271649	0.18330493	0.16873881	0.11100627	0.04605882	0.07884262	0.06360912	0.09189264	0.41983677	0.33838872	0.23510154	0.18481366	0.31028014	0.18263516	0.16556387	0.03128609	0.13038797	-0.03681971	-0.03413856	0.07784177	0.10139788	0.09239819	0.33985833	0.04910365	-0.06992732	-0.05203228	0.08254885	-0.07074610	-0.13020441	0.02168546	0.19473171	0.23289633	0.26811158	0.18436740	0.32654027	0.31252057	0.37780523	0.55252982	0.40719883	0.49141531	0.50475420	0.45487073	0.45469326	0.04717910	0.13160656	0.22621906	0.08915363	-0.07710462	0.00416305	0.01281041	0.20187373	0.19333933	0.04372310	-0.05351210	0.09786217	0.16199526	0.24371634	0.27937783	0.28221644	0.13131257	0.11897956	0.12182828	0.10029461	0.35533276	0.30094175	0.09711145	-0.00918840	0.13151281	0.05701689	-0.02606041	0.20118171	0.06964011	-0.04806941	0.16825936	0.09075247	0.05208012	-0.14611696	-0.06731589	0.31467063	0.17812296	0.02783408	0.08577962	0.02983523	0.21522527	0.26283270	0.11648864	0.26119776	0.13010026	0.15933045	0.15748838	0.19020859	0.08362817	0.06395528	0.05931943	0.03543577	0.11983016	-0.06238366	0.06753162	0.22972005	0.29780404	0.10057454	0.17442538	-0.01630520	-0.04261111	-0.02935452	0.16004616	0.00239022	0.12555514	0.22023454	0.09348507	0.20739596	0.09255551	0.02089615	0.09320438	-0.09468940	0.21940388	0.20647984	0.16601338	0.09233327	0.11715894	0.23586642	0.10210207	0.10204559	-0.10942019	0.05721702	0.10241886	0.08365569	0.16443180	0.16672739	0.02894895	0.18970685	0.26322384	-0.06863707	0.22997069	-0.10742083	0.09246045	-0.01937073	-0.17261238	-0.09782073	-0.09871003	-0.02719542	0.02288432	0.01197709	0.09253348	0.13731202	0.09482818	0.09498377	0.04004050	0.13589563	0.01645708	0.07467916	0.10391209	0.00466929	0.02523852	0.15272139	0.00363883	0.01276796	0.08486116	-0.00425238	-0.06693225	0.14755369	0.15508391	0.07417506	0.06716043	0.13069814	0.11791920	0.08229585	0.11886672	0.23935277	0.01679717	0.20370360	0.24133569	0.19079851	0.17952806	0.07818876	0.14074551	0.23703497	0.06807346	0.11376787	0.08105587	0.20140364	0.16440931	0.16945835	0.16299400	0.19574032	0.17023908	0.22820158	0.13069741	0.04078827	0.22791499	0.08694146	0.03791840	0.06207158	0.15937881	-0.01730502	0.12500643	0.07204009	0.07105816	-0.01701544	0.22307864	0.15310604	0.30226607	0.08837342	-0.07962937	0.05578160	0.06056999	0.26682593	0.22812129	0.23065067	0.20545566	0.14592149	0.04270789	0.00848632	0.07189213	-0.04371680	-0.17829670	0.07669869	-0.05167491	0.07269974	-0.05227353	-0.09610165	0.11212127	0.03483329	0.02922824	0.15853663	-0.18354219	0.06062164	-0.00096245	-0.05163303	-0.03598169	0.03595913	-0.19074418	-0.14204854	-0.06866668	0.00914646	0.00962651	-0.00540906	0.15596064	-0.06680044	-0.01438969	0.07118324	-0.22640626	-0.08383599	-0.04867506	-0.01087810	-0.17268839	0.17631250	-0.01219439	-0.17783626	0.03060654	-0.04464256	-0.01275680	0.23027773	0.13655150	0.07587213	-0.00402947	0.08853184	0.25277627	0.30877789	0.09980097	0.15082042	0.20499883	0.24838234	0.19996815	0.11021230	0.12664989	-0.08392795	0.19340177	0.12318687	0.12656171	0.11243484	0.22986086	0.09468809	0.23808285	0.25850836	0.17069835	0.24403745	0.19186386	0.24590518	0.07945526	0.10364525	-0.02595328	-0.08794872	0.04950443
17Networks_LH_VisPeri_ExStrSup_4	0.20943432	0.47492698	-0.02204619	0.24930409	0.21153283	-0.07700602	0.11622183	0.09282250	-0.10267362	0.14310704	0.28157908	0.26361748	0.34843114	0.39968468	0.42021699	0.36346651	0.35482278	0.40098668	0.58117989	0.43099873	0.58797601	0.42230994	0.92483927	0.52858434	0.08006758	0.27002145	0.07933867	0.34233556	0.03497441	0.12335420	-0.00847307	-0.12347590	0.10285427	0.07148042	0.17728335	0.13662163	-0.01132335	0.17813363	0.26281242	0.16784903	0.11767484	0.35471075	0.19323942	0.05148254	0.09367693	0.08301563	-0.07552113	0.05445692	0.02090386	0.06049568	0.03135649	-0.04642697	0.13114440	0.10140725	0.04126422	-0.05606493	0.07450893	-0.14119371	0.06032190	0.22724047	0.32988919	0.20317884	0.10606286	-0.08593057	0.27117252	-0.06360094	0.20115346	0.16355821	0.11957973	-0.00086447	0.15218342	0.17418778	0.03985612	-0.03068139	-0.05476765	-0.04735014	0.06021560	0.18044385	0.28289540	0.31230833	0.30498556	0.03328277	0.01878843	0.21773607	0.01190155	0.15723944	0.05473165	-0.01596694	0.00374755	-0.01740350	-0.10951095	-0.03439039	0.14381066	0.06496075	-0.03436022	0.18694149	0.26450244	0.05641574	-0.00433535	0.24646603	0.09579684	0.22153600	0.03841948	-0.12018443	-0.04503251	0.02882473	0.23997024	0.21028477	-0.08120945	0.10434649	-0.13440768	-0.11202482	-0.09101349	-0.07498582	-0.01203392	-0.21671249	0.03097137	-0.07105643	-0.10930218	0.05549335	0.04026804	0.07400672	0.09005333	0.14125189	-0.01443170	0.05495380	0.23301626	0.03822738	0.04082990	-0.03590640	0.01338022	0.11453433	0.02246092	0.05552260	0.14841233	0.10468716	0.13078326	0.08972810	0.17390855	0.03562258	-0.00390175	0.16979458	0.06575066	0.01375237	0.10719126	0.09288726	0.02612980	-0.04900741	0.02640132	0.17956416	0.17009519	0.16877411	0.09435820	0.06343331	0.06330249	-0.01305391	0.08798513	0.08582803	0.10442271	-0.01446456	0.09663688	0.05445130	0.15789350	0.12788650	0.08202755	0.04936358	-0.09483959	-0.01811517	-0.05725680	-0.07831565	0.07979658	-0.05390244	-0.00607655	0.13537350	0.06498400	0.18586102	0.21293455	0.22499409	0.21751377	0.25757999	0.22669261	0.19559197	0.04825056	0.03828397	-0.03892178	0.04591396	0.11513923	-0.00199476	0.26117307	0.07631028	0.01558128	0.23438792	0.29415799	0.29898125	0.07215535	-0.04820129	0.09565730	0.02654887	-0.02264188	0.00648111	0.19992897	0.22174968	0.42552924	0.09698840	0.02634805	-0.02111791	0.09596748	-0.00544942	-0.08028517	0.06158068	0.23160173	0.30280889	0.40876725	0.26084689	0.38377136	0.41028458	0.44568929	0.57904551	0.36858387	0.55753132	0.57578485	0.45173339	0.52510576	0.22510214	0.18287335	0.16403113	0.13342262	-0.01423338	0.03660941	0.07567986	0.23755503	0.25164624	0.09458578	-0.03928395	0.26131802	0.31856631	0.18623077	0.25061332	0.26137764	0.28750319	0.21257879	0.29733032	0.12321208	0.25336645	0.31526536	0.18674458	0.08659154	0.03485176	0.07613242	0.00990781	0.19239654	0.08729766	-0.03097961	0.18640008	0.11951611	0.10714755	-0.08003264	0.01667369	0.24839818	0.25108246	0.22121352	0.07058892	0.02240418	0.33399878	0.33965095	0.13554580	0.22510403	0.25224237	0.24202115	0.21807425	0.33651742	0.26614205	0.08899810	0.12433924	0.20770036	0.18556894	0.05673763	0.15665917	0.34448865	0.43829189	0.26010720	0.17673160	0.11439065	0.10707062	0.00831858	0.19177178	0.08427567	0.13210197	0.16199542	-0.01408743	0.20309949	0.09196703	0.02361120	0.12727331	-0.05968958	0.23491489	0.24724595	0.15942434	0.08548433	0.18747585	0.16871896	0.20931645	0.12578433	-0.05918621	0.12351791	0.09394473	0.09887104	0.20993761	0.04386408	-0.05297171	0.04947193	0.10253026	-0.06747617	0.22905070	-0.14929181	0.05017537	-0.05400848	-0.00620835	-0.01329240	0.01267769	-0.02721757	0.02762002	0.04697780	0.16286199	0.18502336	0.05658171	0.19640977	0.15308224	0.12779644	0.03023774	0.01731410	0.17841595	-0.02222570	0.01241291	0.04895079	0.13832784	0.10345704	0.10816320	0.08806768	0.04738517	0.17989432	0.17122422	0.10121288	0.09154072	0.17623551	0.07234753	0.10530425	0.12351411	0.13931559	-0.05960563	0.06214618	0.16798415	0.09083056	0.03697552	0.06652458	-0.01383433	0.10100160	0.03544078	0.06981971	0.10156166	0.10733261	0.14827472	0.06575169	0.05904936	-0.03409121	0.18653795	0.09686724	0.04890202	-0.03684301	0.10616325	0.05885768	0.17420196	0.05880344	0.11653276	-0.16509842	0.04077458	0.16359973	0.08810009	-0.00741674	0.19411802	0.20579317	0.13300650	-0.03914106	-0.14169283	-0.03442009	0.03599546	0.22921394	0.09711329	0.18583537	0.12731928	0.07399816	-0.00304224	0.13359274	0.03345015	-0.03502596	-0.21644864	-0.04917954	-0.14153810	0.01423832	-0.06654422	-0.01832961	0.22348427	0.07292027	0.04117585	0.13690620	-0.16561915	-0.03191117	0.01189201	-0.07278271	-0.04474393	-0.06926112	-0.08532764	-0.18725614	-0.04829440	0.00084133	0.04433464	0.10862221	0.10855798	0.06624459	-0.02003351	0.19361865	-0.13921494	-0.06256567	0.00963946	-0.11971026	-0.17442486	0.15072096	0.04042833	-0.24359886	0.03523003	0.05513293	0.08204301	0.22132190	0.19924675	0.17501420	0.08783371	0.07991046	0.31324000	0.29012175	0.10783205	0.19487693	0.15525477	0.27008419	0.14933568	0.18221050	0.16529305	-0.01014224	0.21594687	0.24210759	0.21457763	0.13243722	0.13666218	0.08979974	0.24056752	0.22533763	0.08114367	0.16510847	0.15533955	0.27404694	0.09308046	0.16209614	0.05609940	0.00334902	0.03988915
17Networks_LH_VisPeri_ExStrSup_5	0.15533733	0.37985306	-0.03856409	0.17278324	0.05197592	-0.06797780	0.13302304	0.07968110	-0.15439211	0.21095856	0.13646520	0.18599057	0.39444278	0.47802987	0.33184385	0.45588888	0.54623494	0.22066879	0.57659856	0.54289856	0.50831517	0.51373843	0.52858434	1.15217516	0.30474113	0.29065413	0.20398628	0.38678198	0.10175962	0.32528829	0.14399588	-0.05931317	0.14806058	0.05024328	0.20250918	0.16341419	-0.02697749	0.03586213	0.18767630	0.17315848	0.15631762	0.40952455	0.18338181	0.19680529	0.23967327	0.16305354	0.21529178	0.26081321	0.12505580	0.20367491	0.18553876	-0.02256536	0.27930066	0.23556508	0.20332905	0.01257720	0.09745966	-0.07037278	0.09726014	0.19332055	0.31989000	0.11827863	0.08591857	-0.02320635	0.20643752	-0.08376355	0.21536511	0.16886048	0.21361885	0.01832013	0.23232101	0.12644885	0.15564093	0.00746892	-0.05456432	-0.09464635	0.08480540	0.28741659	0.27315735	0.34297784	0.17694825	0.13097909	0.02540824	0.26632124	-0.01304290	0.28404836	-0.02925734	0.12541074	0.28615181	0.13837291	0.08377705	0.24272188	0.43138108	0.06200013	0.20689535	0.31109612	0.38709693	0.31314478	0.16010050	0.18149642	0.11910777	0.26143182	0.12995314	-0.02862923	-0.07147566	0.11805920	0.19254766	0.21607918	-0.08042695	0.08782799	0.04065318	-0.11087577	-0.03749267	-0.08949530	-0.08429947	-0.16095515	-0.17303496	-0.09888690	-0.12001497	0.00821738	0.10543855	0.09153542	0.08561284	0.12975583	-0.02422866	0.07476509	0.21547645	0.08387102	0.05591448	-0.02275874	0.01223643	-0.00443968	0.15967368	0.12290016	0.20583324	0.08808567	0.11245652	0.05829027	0.10420044	0.01204803	0.02958014	0.17035197	0.10886044	0.11371585	0.29680882	0.08788522	0.07212468	0.02217689	-0.03851258	0.08669800	0.09800905	0.09103741	-0.04121713	-0.03312400	-0.02331932	0.00946850	0.10100046	0.22476960	0.04724499	-0.07057006	0.07146829	0.04337850	0.05115954	0.00544127	0.10994568	-0.00771828	-0.02114044	-0.07277325	-0.03160320	-0.20057378	0.10309723	-0.08790346	-0.05187515	0.06479012	0.00917851	0.09952666	0.12423969	0.11600773	0.10176909	0.27982007	0.19958162	0.18045587	-0.00192027	-0.05775432	-0.04774033	0.06026534	0.11484534	0.10201416	0.34971766	0.10839885	0.03515091	0.12036013	0.29106917	0.28052666	0.08478938	0.16835143	0.14488804	0.13560766	0.15402693	-0.05389534	0.18720677	0.11685757	0.41421509	0.10457147	-0.08148067	0.11050215	0.09321733	0.07851333	-0.07838385	0.13625884	0.14361888	0.27230534	0.45982162	0.21206834	0.38982591	0.39063883	0.51275731	0.50355601	0.45797243	0.66419361	0.51168902	0.57038948	0.48616009	0.16938557	0.25896107	0.39597603	0.14032861	0.17428617	0.09970875	0.11897461	0.26659540	0.36004922	0.15263605	0.05671525	0.29776563	0.18022933	0.26184306	0.32312240	0.28589484	0.22405691	0.22598814	0.33472144	0.06609007	0.41530142	0.46404486	0.37877915	0.25939003	0.23971115	0.28110037	0.11760132	0.38876489	0.19521978	0.17627883	0.31004411	0.17932955	0.12838730	0.05239429	0.08033378	0.28476838	0.27040066	0.15760560	0.16514376	-0.06298493	0.29450263	0.33503673	0.23440601	0.41483202	0.23935008	0.23661672	0.22335652	0.24058187	0.16079838	0.22560787	0.18367514	0.16582722	0.21144954	0.07947812	0.17271576	0.34726922	0.32521199	0.01985350	0.36398309	0.21343897	0.18846692	0.23757575	0.39599166	0.18586049	0.10767021	0.31364410	0.24894159	0.38803175	0.33451506	0.27577556	0.31322077	-0.03169416	0.46481574	0.27842823	0.36369914	0.18359587	0.37070940	0.36372887	0.27990948	0.04811176	-0.12203207	0.16308120	0.11067052	0.08552632	0.24128497	0.07850095	-0.02394962	0.04906794	0.36877677	0.00815093	0.30635258	-0.19486705	0.00421440	0.02848436	-0.17549425	-0.01053478	-0.02688857	-0.03058384	-0.02838586	0.00551479	0.03905590	0.28234909	0.05472120	0.07832267	0.10992954	0.05983352	0.04246010	-0.07324357	0.06267423	0.05386830	-0.06670776	0.30482064	0.01997425	0.20407764	-0.06449628	-0.03054641	0.01700108	0.12214134	0.15190022	0.04628902	-0.03989979	0.10624591	-0.02867328	0.02322347	0.11060482	0.22270738	-0.08821306	0.05751094	0.18398949	0.04558645	-0.00330812	0.03441178	0.00158737	0.13870822	-0.06417376	-0.03198874	0.01765146	0.05969471	0.05805028	-0.00964977	-0.00848851	-0.04782211	0.10413890	0.05805806	0.01344357	-0.03722505	0.09055093	-0.03421073	0.10339190	0.07648540	0.18488999	-0.11919372	0.03505717	0.05694518	0.04904466	-0.07936818	0.06381809	0.08173131	0.07803023	-0.04309227	-0.03767816	-0.02444147	0.08411196	0.13843833	0.03075788	0.26278854	0.11773812	0.15281522	0.05952476	0.18355411	0.15954795	-0.06830725	-0.09370845	-0.04851567	0.09341931	-0.02221937	-0.08062677	-0.17078338	0.11857183	-0.01473582	-0.08578541	0.19878699	-0.30222806	0.02464587	0.11435294	0.00388625	0.00199048	0.08060043	-0.12475492	-0.10356910	-0.03360215	0.09690354	0.11618427	0.01377392	0.12112906	-0.00468890	-0.03150143	0.14915813	-0.12643203	-0.04074389	-0.07577409	-0.07936583	-0.03143504	0.11863354	0.10412003	-0.12631854	0.06660896	0.06224367	0.19325346	0.18479833	0.08014872	0.20357181	0.02924650	0.03878432	0.22803221	0.19188931	-0.02162566	0.07421251	0.09637764	0.17054310	0.11313450	0.06636465	0.07652644	-0.08515068	0.10483910	0.21837710	0.20280367	0.22459045	0.12827636	0.08260485	0.32063670	0.18315718	0.05949290	0.16182198	0.16779062	0.22992515	0.08635135	0.12738638	-0.02190557	-0.04149123	0.04432049
17Networks_LH_SomMotA_1	0.05407970	0.06319456	-0.06776752	0.05436211	-0.02698619	-0.00648246	0.01748188	0.26859684	0.07573020	0.18936734	0.00577118	0.12045663	0.28943091	0.28857214	0.12637727	0.21381303	0.29401491	-0.07227794	0.01758598	0.27554559	-0.05346178	0.10882274	0.08006758	0.30474113	1.00128956	0.17693462	0.22325003	0.41618216	0.46093149	0.36881004	0.55849282	0.36410765	0.48196926	0.42073644	0.37581983	0.28394029	0.38056280	0.09252218	0.32235210	0.29674382	0.42789097	0.40528986	0.33263137	0.10072685	0.08671504	0.13067761	0.24280055	0.22481010	-0.06451842	0.19768561	0.33473121	0.13230689	0.28346264	0.04436532	0.19818348	0.02128108	0.15476967	0.27945757	0.17489326	0.08116438	0.24794937	0.02358978	0.08077224	0.25074666	0.17139506	0.12514318	0.26602972	0.29846718	0.37498410	0.41100565	0.30824286	0.31892666	0.05141181	0.15149940	0.17630301	0.33390971	0.41080031	0.48740007	0.17081961	0.30345514	0.04809107	0.23287273	0.31269764	0.27342127	0.31674633	0.16823311	-0.04987417	0.04940713	0.20074718	0.09288502	0.18241773	0.29312655	0.35452593	0.03678773	0.43513425	0.31373780	0.25459503	0.58997461	0.28666052	0.16228773	0.01675407	0.15535793	0.07722290	-0.04435424	-0.10085050	0.24594814	-0.06187163	0.13653221	0.00557443	0.21460672	0.07090685	0.07584319	-0.12164563	0.08697114	0.11484844	-0.00233064	-0.14077590	0.08217674	0.02481168	-0.03326068	0.23735323	0.29481149	0.04512701	0.23222049	0.22398667	0.14555935	0.12579673	0.00224579	-0.01681862	0.14193342	-0.00198824	-0.09783945	0.32865855	0.08750727	0.12751659	0.08566631	0.06438061	0.19542008	0.03223263	-0.05370597	-0.12243514	-0.06481215	0.07454518	0.06640848	0.10524669	0.10856153	0.12886253	-0.00575294	-0.10153857	0.03594994	-0.11383458	-0.02348411	-0.13892166	-0.07307623	-0.03792515	-0.07025090	0.00403453	0.32679321	-0.01188553	-0.05929084	-0.00949129	-0.07270813	0.03072864	-0.00557943	0.01497590	-0.04320873	0.13764855	-0.00693291	0.05096990	-0.04188001	-0.06587453	-0.00187789	0.13183967	0.05931928	0.06454059	0.05985261	-0.01320585	0.12513667	-0.02406981	0.11870340	0.09005638	0.09557567	0.14365001	-0.14108460	-0.01057248	0.03306730	0.05001995	0.15945026	0.04596133	-0.04146689	-0.06257193	0.03299790	0.01397992	0.11901885	0.03409003	0.10751442	-0.05423469	-0.05992755	0.10887931	-0.09451664	0.20007944	-0.05192478	0.05881675	-0.05225390	-0.07942884	0.00724068	-0.02279120	0.17960298	0.04066961	0.25586167	-0.12845242	0.00890819	0.20503979	0.10702756	0.20585780	0.17577258	0.13984240	0.06179465	0.21492383	0.18921643	-0.03694535	0.17518340	0.08017140	0.21937209	0.11967956	0.42260716	0.40804973	0.52309056	0.37936172	0.45022728	0.43205548	0.47191011	0.37924274	0.52535802	0.46616524	0.08027629	0.35995609	0.33062546	0.13725032	0.22430389	0.25944850	0.36352795	0.14622900	0.32460860	0.28182801	0.31312016	0.07888246	0.28970566	0.19093909	0.18295442	0.43156818	0.26580397	0.28127579	0.30883746	0.35281537	0.21517515	0.37140929	0.39627599	0.32397873	0.16054902	0.07908273	0.38502948	0.09131361	0.12825195	0.17421534	0.29449917	0.32202379	0.26117383	0.31608851	0.36006320	0.28595221	0.29372421	0.24445924	0.08974572	0.16296637	0.34915746	0.29508901	0.40090771	0.30427632	0.19152470	-0.03326884	0.38643864	0.38618487	0.34785932	0.26765813	0.24547514	0.14749933	0.12332183	0.16350175	0.20026765	0.11319755	0.15627113	0.13822180	0.26598510	0.11676761	0.44219036	0.22776858	0.34935198	0.27042031	0.39755340	0.46486785	0.33159647	0.17531419	-0.00152056	0.11735478	-0.00078421	0.00907564	0.11964923	0.19852344	0.08840199	0.03276379	0.31912285	0.15177195	0.21465261	0.05161831	0.11303894	0.14357312	-0.08648965	0.01395395	0.11759258	0.19196700	0.06711808	0.03702223	0.02297182	0.33042642	0.06028896	0.11019472	0.34133171	0.08145698	0.17131863	0.04883906	0.04225002	0.07883584	0.04078892	0.29273151	0.06888442	0.27317752	-0.03512060	-0.05103240	0.04406854	-0.02588497	0.09461765	-0.01183216	0.03282780	0.12126875	0.00924657	0.12937951	0.07362148	-0.02301677	-0.00279407	0.05012375	0.05678493	0.10102909	-0.03947455	0.16321100	0.11842436	0.10550740	0.10118677	0.01507361	0.04883297	0.11074607	0.10157111	0.06167980	0.07887705	-0.00364385	0.08924506	-0.02014469	0.04639616	0.03659438	0.00691513	0.05471729	0.10137509	0.00799633	0.22310303	0.00839630	0.19940891	0.17596045	0.13709800	0.11516550	0.18690328	0.11125922	0.16093798	0.12409925	0.15403319	0.09125064	0.09164072	-0.01038981	-0.01378740	0.15633299	0.08982760	0.16427051	0.11800934	0.18267981	0.16491680	0.06211984	0.13212470	-0.05252319	0.19551978	0.09544724	0.01429977	-0.08002039	0.09341186	-0.06408750	-0.00116987	0.20581652	0.01407590	0.25587355	0.32689767	0.07453400	0.05588446	0.08870425	0.13045277	0.25879058	0.15112432	0.19076399	0.16532653	0.04352270	-0.05256035	0.04064129	0.13153503	0.14566896	0.15202892	0.17574996	0.18832710	0.13661152	0.18018517	0.08581942	0.15630058	0.18932598	0.23022482	0.13242675	0.10754933	0.19563435	0.08862359	0.31197640	0.18419905	0.19707295	0.21771198	0.21311362	0.12003702	0.06251462	0.17169097	0.07455769	0.05841616	0.15778026	0.10861164	0.05827154	0.07012369	0.22004708	0.29490722	0.39189515	0.10166116	0.24852347	0.44520731	0.16977306	0.13360721	0.12339421	0.08454179	0.17907349	0.04366385	0.15697644	0.08250265	0.02201222	0.03671699
17Networks_LH_SomMotA_2	0.27972403	0.20980934	-0.00427947	0.19954624	0.28521695	-0.06421185	0.12147864	0.05045555	0.01044307	0.12496640	0.13941482	0.16771241	0.24109497	0.33489399	0.18852055	0.23984254	0.28576780	0.09780176	0.25160658	0.26361440	0.18862659	0.23723868	0.27002145	0.29065413	0.17693462	0.95158755	0.28552934	0.35026789	0.22360136	0.26963086	0.07171093	0.04570110	0.20063727	0.16808852	0.16802139	0.20670925	-0.02059274	0.10087128	0.24027190	0.27811596	0.04621078	0.26712594	0.04846154	0.14116076	0.17027594	0.01003123	-0.00757214	0.20945571	0.12731552	0.17059712	0.14078977	0.16280382	0.12281780	0.05421702	0.11308679	0.03857587	0.20908755	0.18937430	0.26703828	0.20172095	0.23116719	0.28030150	0.22161627	0.11086757	0.07449233	0.04148467	0.21263611	0.16266764	0.10817713	-0.07702465	0.22547817	0.19168507	0.01774777	-0.01462520	-0.07506145	0.07842675	0.17645751	0.22615695	0.05957275	0.13942910	0.17457097	0.31363641	0.09904960	0.17796101	0.01584094	0.11148518	0.09838609	0.05735860	0.00520981	0.08029283	-0.05474403	0.05231340	0.15181528	0.05284210	0.10621234	0.10707206	0.26279563	0.18328738	0.07288701	0.20027377	0.08606837	0.17282251	0.06067267	-0.07106252	-0.07063748	0.00015333	0.15681711	0.03437056	-0.21700472	0.02214082	-0.05010696	-0.01639984	0.01278981	-0.00636346	-0.00104335	-0.06099705	-0.12660093	0.01949313	0.04456371	0.07358467	0.04755724	0.13838011	0.07289675	0.21420268	0.04128122	0.09197903	0.15830572	-0.04060788	0.02440665	0.02454669	0.03028635	0.04810525	0.04010121	0.12426180	0.10128853	0.11986127	0.09851166	0.00595202	0.29277438	-0.03879422	-0.00285841	0.11634212	0.04593023	-0.01966373	0.08230131	0.19773925	0.01044920	-0.05378570	0.02921836	0.09927360	0.03073659	0.12979018	0.10979500	-0.02273540	0.03050134	-0.08646266	-0.16528404	0.15861265	0.04486528	-0.04755841	0.09297131	0.01382807	0.04828766	0.02559796	0.06883480	-0.04518030	0.09391841	0.05227311	-0.00129243	-0.03066260	0.03184874	-0.00381033	0.08028878	0.12289330	0.15278367	0.21038650	0.14093015	0.26974053	0.19293540	0.23175059	0.20830985	0.20151014	0.13939858	0.05413084	0.02329320	0.07274175	0.12422440	-0.00635582	0.18153079	0.07303934	-0.02475385	0.10343796	0.02819057	0.05854477	0.16147245	0.08024078	0.09140943	0.03526547	0.13709809	0.01323068	0.15200105	0.04068448	0.13995613	0.00659268	0.04294906	0.04655677	0.01059452	0.06903627	-0.03492951	0.14594352	0.13277238	0.11877902	0.16746249	0.08993241	0.21956265	0.23026629	0.19685300	0.21890395	0.23145400	0.28394250	0.18121839	0.27738036	0.20351676	0.16836352	0.44457377	0.40711514	0.20932298	0.01482885	0.15114813	0.17071467	0.22032366	0.27269637	0.13146091	0.07188141	0.19983439	0.17603780	0.25284384	0.29109515	0.20619180	0.03380644	0.21848570	0.27518012	0.31877014	0.24601283	0.30112595	0.06908718	0.01419262	0.02669005	0.18071454	-0.03967162	0.19452678	-0.02613413	0.08427899	0.10672305	0.24070193	0.09500930	0.13796761	0.19558301	0.19039983	0.16706385	0.07666632	0.16729850	0.06349263	0.09680044	0.21923449	0.20121360	0.28305402	0.20967342	0.19380741	0.11494270	0.17315414	0.17882138	0.04927046	0.17035824	0.04354426	0.14313250	0.00457461	0.05183218	0.17405016	0.13022079	0.18361600	0.21804318	0.05915746	0.14801984	0.08400076	0.10987646	0.10201016	0.09292484	0.00804073	0.02315719	0.10832458	-0.00617570	0.16831086	0.10095048	-0.04703134	0.21038049	0.10179981	0.12441464	-0.02362360	0.13433378	0.28499864	0.19786645	0.25474597	0.05443876	0.07485845	0.10325178	0.08956393	0.16752543	0.18569610	0.05021713	0.02360091	0.11002369	0.11706404	0.24740239	-0.00775891	-0.06713557	0.00728924	-0.10159412	-0.04884546	0.01106018	0.17531759	-0.00411624	0.06419521	-0.05262694	0.20970875	0.12440561	0.04602381	0.10298885	0.07436878	0.08779454	-0.00219511	0.17802221	0.04826473	0.10046683	0.06319510	0.05442944	0.08674023	0.01732627	-0.00094085	0.06026896	0.03725899	0.09298791	0.03499950	0.11230481	0.22261341	0.07979526	-0.00966910	0.08225592	0.10059750	-0.12502517	-0.03008405	0.06735100	0.02982425	-0.01152316	0.04172917	-0.00835942	0.08243230	-0.06439682	0.03688981	0.02595588	0.10707533	0.17111246	0.04740698	0.07679164	-0.03932684	0.11094907	0.06446127	0.09483559	0.07803030	0.00947676	0.05672665	0.15946222	0.01027278	0.14551558	-0.02785164	0.21105155	0.22004403	0.13557666	0.07909249	0.28047659	0.24319230	0.19358777	0.07011157	0.00671933	0.02788091	0.02220362	0.05103052	0.00954947	-0.00633605	0.10894302	0.05078120	-0.01019338	0.11094414	0.15575580	0.00727338	-0.16177273	0.01400119	0.01831906	0.13458743	0.06961897	-0.05345022	0.07015674	-0.00157705	0.10253221	0.05086868	-0.17439320	0.04778960	0.13224956	0.09865481	-0.01086568	0.02498422	-0.13899876	0.05072234	0.18632458	0.13281064	0.10277976	-0.04510740	0.08060836	0.10782353	0.14696314	-0.07149584	-0.17723828	-0.08629533	0.07525636	-0.02407201	-0.02392572	0.14442116	0.03416971	0.01462209	0.16821392	0.09515409	0.13468466	0.20951368	0.14924966	0.23587496	0.03028712	-0.10249116	0.21544310	0.21786728	0.02637150	0.24153402	0.13700875	0.22385270	0.25743249	0.27604568	0.21116278	0.07852315	0.16003783	0.14835594	0.24600956	0.17994668	-0.03931172	-0.04244903	0.24040945	0.25339073	0.01536184	0.25663557	0.29443768	0.25175107	0.26177780	0.27223131	0.16575642	0.13390929	0.07527960
17Networks_LH_SomMotA_3	0.28309241	0.17580494	0.12808877	0.16648905	0.07066151	0.07901151	0.11609715	0.19895139	0.17545722	0.23308234	0.05056456	0.18233282	0.30433205	0.31126884	0.16273855	0.13834618	0.22728718	0.01547577	-0.01517747	0.20847249	-0.00239065	0.09786337	0.07933867	0.20398628	0.22325003	0.28552934	0.85578789	0.38454405	0.36336758	0.17703205	0.18115860	0.09922640	0.29834238	0.28982561	0.30245031	0.20732363	0.13027467	0.15938644	0.31298651	0.22419001	0.19745268	0.26983626	0.15856945	0.17250273	0.19010998	0.12423573	0.17439601	0.11543977	0.13407731	0.26174470	0.17419070	0.16478196	0.15243901	-0.00647595	0.35695965	0.21881101	0.34951394	0.31152299	0.46810069	0.24537275	0.27426797	0.28534296	0.29078005	0.07965662	0.16217379	0.15591682	0.21375666	0.17711016	0.19961544	0.02744674	0.13659984	0.18400669	0.00059836	0.14282897	0.08146884	0.15918405	0.19135621	0.22439775	0.07234661	0.02337977	0.13824880	0.35361422	0.03970347	0.11551787	0.22384279	0.08934171	0.18403574	0.04805387	0.08802868	-0.03081091	0.08810354	0.19975748	0.18141890	0.13909747	0.18906276	0.03258681	0.20451043	0.24899260	0.21485401	0.27268345	-0.01841538	0.13233703	-0.00567730	-0.08046190	0.12662171	0.02348581	0.00275563	0.10443285	-0.18367975	0.14845670	0.08522522	-0.03238058	0.06892980	0.11752739	0.08014173	0.03935757	-0.11368285	0.07305300	-0.04341347	-0.03246593	0.09022644	0.29257942	0.06395927	0.22711424	0.15229021	0.14623347	0.17364025	0.09389357	-0.00751508	0.14681818	0.15617684	0.07734541	0.06085656	0.10467952	0.11779348	0.11170237	0.12628218	0.14141049	0.16890849	0.11342810	0.05183349	0.06561878	0.21942766	-0.10573776	0.07569276	0.12390424	-0.12714906	-0.11195492	0.10937113	0.04613594	0.02625545	0.03043212	0.07211870	0.08458764	0.17082990	-0.00835116	-0.09957297	0.13480705	0.14314864	0.06381810	0.08689193	0.00931895	0.05289493	0.01897566	0.11239203	0.05093110	0.10149977	0.08180824	0.02074768	0.07797733	0.16220259	0.13561407	0.19187811	0.15114954	0.19934647	0.23546496	0.09571869	0.11206140	0.13207854	0.22154254	0.20633020	0.27537246	0.20456942	0.04086395	0.16769201	0.25174697	0.27540025	0.00546393	0.17225403	0.14432720	0.02086406	0.11474956	0.11203800	0.08412403	0.08782183	0.25056108	0.15655020	0.09835746	0.21602826	0.05232191	0.36199717	0.15877901	0.28819519	0.24037475	0.09221682	0.17817148	0.22674788	0.21409556	0.10376702	0.33064665	0.16001592	0.24048002	0.32968232	0.11578044	0.15259221	0.20656071	0.16428696	0.02076964	0.20454649	0.18806665	0.03315004	0.12478829	0.16105369	0.19382288	0.46164228	0.43038327	0.27293951	0.07081130	0.35059075	0.25984153	0.20751826	0.26817390	0.21524895	0.12692709	0.16456917	0.15928038	0.11404664	0.17451843	0.19762337	0.18060929	0.25518610	0.19012934	0.20687852	0.17725553	0.14433237	0.12613469	0.16492006	0.15137325	0.17172287	0.12967132	0.29744919	0.07522223	0.15354327	0.19214157	0.26311646	-0.00213513	0.27694057	0.31450278	0.19386046	0.18984744	0.13059360	0.30504171	0.03314114	0.19502901	0.25503643	0.29535435	0.21827288	0.28540931	0.23940226	0.16261674	0.10435460	0.05923584	0.06357467	0.31708327	0.02338088	0.06003567	0.10154523	0.06285637	0.09280558	0.04920970	0.11091040	0.18142420	0.08619012	0.15238103	0.10912305	0.10983184	0.03564307	0.06471810	0.14605992	-0.05986140	-0.02312468	0.02499008	0.13301377	0.09807681	0.01329212	0.16774762	0.16340438	0.07546091	-0.02085132	0.04612030	0.15403419	0.20559643	0.17503946	-0.02041212	-0.00996086	0.05233371	0.03366087	0.11581233	0.13759253	0.02259778	0.07241910	0.13900292	0.07660262	0.15780861	0.03547830	0.03676419	0.09705613	0.02121116	0.03777393	0.10034870	0.17110653	0.12995926	0.03916588	-0.00583707	0.35926894	0.01423478	0.01461775	0.12890820	0.17532717	0.13500795	0.00368683	0.10262853	-0.00824290	0.13165250	0.08168858	0.08536707	0.07605080	0.01748572	0.02821817	-0.00529714	-0.02741261	0.03978441	0.04950013	0.11145676	0.19746790	0.04891776	0.11880882	0.04312930	0.05549928	0.06632616	-0.10208631	-0.02782996	0.04806908	0.01812012	0.03817554	0.05124038	0.01229118	0.18416256	0.04249825	0.06165948	0.20265006	0.19764709	0.18217364	0.15311050	-0.05141291	-0.01305865	0.00983773	0.08581287	0.07389350	-0.00227134	0.12305868	0.12067787	0.14575616	0.14568604	0.03867861	0.17563506	0.16571618	0.10745947	0.12080285	0.21881515	0.12449787	0.17717274	0.16749080	0.07032037	-0.02718768	-0.07182671	0.15644136	0.02690958	0.04889458	0.05580035	0.07460260	0.14272360	0.19133782	0.16147811	0.07145684	0.09089901	-0.04067641	0.16751485	0.09897304	-0.00160486	0.01090143	0.00562903	0.04944424	0.06907987	0.16008682	-0.05896701	0.13828770	0.11555074	0.14569029	0.17338766	0.05919655	0.08596973	0.24034068	0.18157570	0.22380960	0.20836850	0.10756071	-0.08390120	0.16625714	0.14679312	-0.03960044	-0.07315609	0.15760910	0.06087883	0.15972955	0.12461524	0.17582916	0.11036226	0.12541590	0.21538464	0.21122724	0.21987119	0.23938039	0.15148947	0.26255836	0.17220251	0.03613700	0.20529477	0.10808600	0.06133469	0.11751987	0.19937358	0.20662929	0.24880954	0.19817955	0.24962024	0.18849714	0.24762660	0.25759543	0.23825426	0.31726524	0.02260523	0.11490184	0.26818289	0.08886289	0.13623424	0.23095632	0.25014831	0.28824699	0.24805217	0.29153660	0.22330844	0.25574290	0.15436842
17Networks_LH_SomMotA_4	0.20780558	0.26891958	0.08048612	0.25764840	0.12982947	-0.08063146	0.09581597	0.22057586	-0.00334256	0.10975036	0.16259741	0.29310515	0.44124785	0.50063600	0.27596857	0.21468794	0.41545450	0.07163822	0.23084645	0.42180992	0.19442971	0.25159210	0.34233556	0.38678198	0.41618216	0.35026789	0.38454405	1.11075089	0.43691347	0.31788380	0.35748327	0.33892186	0.58601916	0.56617352	0.55336232	0.36883639	0.30373875	0.17789411	0.44061241	0.48268122	0.33356524	0.39731088	0.35150846	0.16939444	0.10876682	0.20383146	0.12257493	0.16401110	-0.01998192	0.19321405	0.33100960	0.27811508	0.28704858	0.07719704	0.23330029	0.00059205	0.25205128	0.30959947	0.27336246	0.22772876	0.33482268	0.11523324	0.17683920	0.07566041	0.20906161	0.05783748	0.37853814	0.30971093	0.31651234	0.30297310	0.34213399	0.47813881	0.12814518	0.17223991	0.11530946	0.44400644	0.55233535	0.51836467	0.25550936	0.29940865	0.27303245	0.24929199	0.18099352	0.28450899	0.24357022	0.18964777	-0.00267055	0.10198377	0.09683359	-0.05917249	0.11419638	0.09833054	0.28504128	0.10398476	0.36928001	0.30047023	0.21377490	0.47496404	0.15908382	0.40197369	0.17452118	0.32664483	0.21127601	-0.04357053	0.02923747	0.17000738	0.20365669	0.24960292	-0.05155047	0.20323017	-0.06417289	-0.09928911	-0.21051140	-0.06084207	0.02984079	-0.20779085	-0.18549319	-0.11770521	-0.12558626	0.06301542	0.18221510	0.27064339	0.15214063	0.28746196	0.33638855	0.22427140	0.26311338	0.05504699	0.13926328	0.13078255	-0.00391928	0.11869351	0.27950969	0.08495626	0.11520553	0.21454269	0.17437997	0.26375633	0.07660333	0.09573720	0.04784262	0.16408968	0.06402479	0.04702273	0.12412296	0.11686410	0.06325026	0.07761374	-0.03226164	0.11091611	-0.01241775	0.00956270	-0.05579439	0.01501900	-0.02043687	-0.00869172	0.06698419	0.30653129	-0.05978427	-0.06315053	0.03085293	0.01253950	0.06526013	-0.00557080	0.16309019	0.01292321	-0.11311838	-0.14070225	-0.11624149	-0.06820347	-0.00881557	0.00718302	0.05190130	0.02654775	0.02435729	0.03134361	0.06832676	0.11978395	0.08289151	0.24194653	0.06961027	0.12028822	0.14235456	-0.03979681	-0.06700899	0.08626710	0.07620796	0.04471911	0.26382898	0.07228831	-0.00221126	0.17935018	0.06745647	0.15115694	0.15230814	0.14445684	-0.06910337	-0.05778501	-0.01863727	-0.19447407	0.33410910	0.14327283	0.28796761	0.15415807	-0.14472811	0.13107695	0.07711309	0.09087745	-0.05549460	0.28680678	0.07455675	0.18134795	0.37837870	0.20212320	0.30868025	0.31939057	0.30862411	0.24019033	0.26527091	0.31713871	0.18672981	0.39617901	0.27768455	0.29530877	0.29732823	0.43150108	0.57837310	0.26480863	0.50436921	0.50540085	0.41574023	0.47585476	0.44364835	0.38002390	0.51802901	0.18793815	0.25943075	0.21909672	0.14528908	0.42869413	0.32338335	0.45773655	0.25918101	0.35624581	0.33496826	0.19035225	0.07415327	0.21240538	0.23661672	0.15629856	0.39556034	0.21546380	0.15813029	0.30631154	0.38067625	0.16492657	0.31567838	0.35260619	0.40366887	0.28971296	0.10146458	0.41432889	0.01721319	0.21564476	0.32707030	0.25466850	0.28467710	0.28362586	0.33884531	0.42337050	0.39977088	0.39641528	0.15832447	0.16163189	0.25531470	0.38246783	0.33083365	0.42234464	0.26318220	0.24028033	0.11825518	0.28707189	0.28292446	0.39867190	0.17107014	0.20172931	0.19479594	0.19403465	0.15766929	0.09064154	0.14892576	0.12531323	0.14780021	0.20889933	0.03653543	0.34045710	0.23022049	0.31647170	0.18897794	0.24034344	0.36503202	0.40206051	0.22310686	0.03162884	0.18078719	0.14407453	0.08786395	0.29192462	0.17235283	0.12526374	0.02966963	0.31001038	0.04328769	0.23508316	-0.16862295	0.21065986	0.07499328	-0.20167387	-0.03054431	-0.01530854	0.11191860	0.01473645	-0.07647339	0.06938300	0.27509096	0.13533371	0.14951148	0.41556743	0.15487928	0.16503094	0.04882962	0.15469834	0.00759551	0.08653899	0.16888786	0.15461310	0.18772305	-0.02058933	0.06062494	0.11821578	-0.00192399	0.18656620	0.12550115	0.13053741	0.19075270	0.11863492	0.28770667	0.21172446	0.08440875	0.04964981	-0.00526660	0.13421429	0.02056002	0.01164173	0.04677855	0.10213706	0.23500857	0.12959556	0.01513666	0.08270813	0.18534685	0.15123751	0.09186457	0.04967075	0.03971446	0.21667314	0.00435314	0.10770166	0.02404635	0.07786000	0.03104478	0.14710396	0.12508085	0.14217219	-0.10101694	0.18159238	0.19855908	0.07898505	0.11986436	0.27469419	0.22461413	0.19356021	0.08831897	0.07315663	0.02005391	-0.03399452	0.14461439	0.02953368	0.12168205	0.13035793	0.15401424	0.11277015	0.13329701	0.14948168	-0.01039927	0.00990835	-0.08437255	0.06545463	0.06865618	0.00340846	-0.07653673	0.04610532	-0.02338873	0.09694442	0.17861488	-0.11042254	0.21330840	0.31521745	0.10992414	0.23454640	0.02852254	-0.00230656	0.20211614	0.07248542	0.31513816	0.18599606	0.05951505	-0.00927798	-0.02474295	0.11973835	0.13181342	0.01770835	0.07656382	0.12982887	0.13490932	0.12387006	0.09993046	0.12259669	0.02688724	0.28541565	0.25323924	0.23492886	0.29930286	0.28586373	0.39900422	0.11172618	0.17650447	0.30798419	0.25976688	0.08887461	0.15159338	0.19727701	0.22872923	0.23889035	0.20956630	0.16963221	0.01034045	0.17512200	0.31032845	0.36807445	0.46034847	0.17249822	0.25020341	0.44160867	0.23522293	0.21187650	0.22312735	0.16560803	0.27804453	0.02718502	0.18829076	0.01966841	0.04605334	-0.02122222
17Networks_LH_SomMotA_5	0.28092207	0.10715898	0.11267581	0.22019864	0.16689117	0.05198512	0.19426790	0.28798458	0.27581457	0.18725010	0.05293499	0.14467800	0.32084836	0.33665648	0.14286673	0.15425015	0.16534773	0.00112989	-0.13441592	0.12806819	-0.12478348	0.04010751	0.03497441	0.10175962	0.46093149	0.22360136	0.36336758	0.43691347	1.04947177	0.33408855	0.45357482	0.31966970	0.43702147	0.35440841	0.46177955	0.32760237	0.27370796	0.23430673	0.40460485	0.25131373	0.44968944	0.35933775	0.32003682	0.09679093	0.12575686	0.09079994	0.12299556	0.20088349	-0.00651834	0.24190850	0.27621936	0.30137563	0.19506187	-0.06990243	0.20532146	-0.04164405	0.22045235	0.37709944	0.31438799	0.31668114	0.28236033	0.22896210	0.26455156	0.25765771	0.23694368	0.21186172	0.24147579	0.25506293	0.32847508	0.32407462	0.28417994	0.34969738	-0.00913515	0.15475975	0.18185573	0.36781970	0.47438981	0.41030917	0.06422395	0.12757544	0.15634884	0.28143253	0.30916046	0.20924946	0.30001548	0.03933566	0.02087640	0.01181468	0.05313701	-0.02116744	0.14672289	0.27948410	0.20142665	0.01498474	0.41576916	0.20066867	0.17467817	0.40383044	0.18395610	0.30258729	-0.00177902	0.16990436	0.06169029	-0.05198940	0.04882757	0.15682456	-0.02319344	0.09249932	0.00190227	0.26146751	0.10289494	0.12717799	-0.05814676	0.16394939	0.16574071	0.12786056	-0.06715721	0.18623908	0.12591663	-0.00340586	0.25081585	0.37289713	0.05091894	0.31842421	0.31526624	0.18073188	0.18963114	0.01422898	-0.03032133	0.19527689	0.09145796	-0.02457302	0.23351843	0.15538847	0.21107578	0.15943714	0.14191962	0.22488342	0.18444344	0.02548443	-0.02501011	-0.00210684	0.03566608	-0.04587659	0.08557813	0.17847420	0.04048591	-0.02448740	0.10515782	0.14742107	0.03832851	-0.00549113	0.04696341	0.12450188	0.14460545	0.06964277	0.02609030	0.19572389	0.16157204	0.08881288	0.12793374	0.07383849	0.14840419	0.03078449	0.12761343	-0.00351959	0.19659204	0.14426247	0.15544657	0.08250034	0.06046930	0.07210657	0.28909323	0.13683827	0.16254176	0.12033425	-0.00326263	0.11172141	0.01629139	0.12466551	0.06184550	0.10820183	0.20458454	0.06804499	0.03796144	0.08050453	0.09348012	0.15146005	0.11104088	0.15863673	0.02358039	0.10791438	-0.07086950	0.09120836	0.05029669	0.09029682	0.01676958	0.02174230	0.22329586	-0.00775171	0.23817234	0.07913286	0.11065467	0.16266659	0.01054223	0.09909796	0.14847573	0.14430802	0.08915529	0.28487447	-0.00766270	0.09174542	0.18940813	0.03037509	0.17385110	0.19906848	0.06910467	-0.04915453	0.12136253	0.03799068	-0.10694532	0.00512247	0.01156390	0.18709681	0.24728054	0.36982211	0.44757784	0.28106660	0.45523005	0.43155543	0.42397285	0.41732771	0.40160257	0.38235917	0.36569998	0.14572745	0.33424694	0.36332190	0.25948862	0.23051579	0.34390468	0.30592512	0.16544594	0.19112530	0.17748918	0.13515270	-0.00277784	0.16921987	0.17089971	0.15525990	0.36019027	0.18122603	0.29555816	0.26904852	0.35497833	0.12671866	0.36803028	0.34622077	0.27527825	0.21871774	0.07123188	0.43355131	0.22533753	0.09404708	0.15855046	0.27298195	0.29245913	0.29858547	0.30430071	0.37405408	0.25829356	0.18664044	0.11461377	0.13441149	0.03663904	0.26898208	0.23560812	0.28849998	0.17029025	0.12878999	0.07318958	0.34011675	0.28987589	0.31433047	0.16567557	0.09044511	0.03568950	0.07116308	0.08214909	-0.04710918	0.03788146	0.00127116	0.08965159	0.12332282	0.01940411	0.17921698	0.17787286	0.22975737	0.08609940	0.19362954	0.24368818	0.28376869	0.11447419	-0.00956246	0.04533515	0.06946824	0.01250345	0.18468064	0.14261057	0.07031824	0.00664655	0.22637262	0.20430192	0.27166526	0.17911302	0.14830953	0.25844732	0.02224657	0.18798990	0.16933723	0.29074550	0.19210524	0.12261309	0.02663348	0.33666179	0.04640980	0.04494052	0.26904252	0.25484057	0.16930214	0.05274268	0.14548442	-0.04320078	0.11312559	0.28578891	0.14527945	0.18928592	0.04272020	0.00562774	0.00788961	-0.02437307	0.16277332	0.03183951	0.04331100	0.27359341	0.17546646	0.21532959	0.06513713	0.13504871	0.05133335	-0.03652408	-0.04363225	0.18054457	0.07480307	0.16460919	0.18656534	0.12844204	0.23626213	0.14453117	0.13468457	0.24958785	0.27258527	0.24846090	0.18533757	0.06461896	0.09314373	0.07177288	0.25324344	0.25301249	0.07301213	0.25235381	0.16464508	0.09711508	0.17382247	0.06675374	0.23516940	0.27574695	0.10808614	0.18220733	0.17865107	0.13315848	0.18506228	0.17840582	0.07414342	0.19773179	0.07776019	0.05443853	0.06240407	0.12763217	0.22214561	0.07038564	0.18479277	0.17478931	0.14761450	0.10222135	0.17822263	0.01653192	0.18150042	0.17985233	-0.01431211	0.10580201	0.04288363	0.06697538	0.16013448	0.10874957	0.01872247	0.20332066	0.22832680	0.17372442	0.17935201	0.11055635	0.16761423	0.27031810	0.20902184	0.18567666	0.12764868	0.10643506	-0.05718356	0.18591057	0.22979378	0.15777682	0.18341532	0.18158186	0.12206212	0.19463251	0.09908765	0.03855039	0.10352118	0.23464108	0.17414818	0.12397282	0.16279409	0.33308644	0.17503496	0.28070354	0.13648161	0.15240317	0.22102650	0.23046277	0.21565522	0.19287423	0.27563343	0.26439603	0.25169326	0.24143221	0.26506916	0.23832783	0.23619847	0.26008164	0.29105040	0.38231119	0.07040284	0.21493446	0.37120620	0.19016027	0.09959208	0.14681808	0.22206490	0.30113284	0.16983391	0.26039374	0.17240999	0.17694990	0.17656307
17Networks_LH_SomMotA_6	0.20816661	0.11906032	0.00918315	0.14664784	-0.02813321	-0.12598870	0.12522270	0.06796302	0.00600490	0.02936572	0.16274443	0.08577490	0.27122958	0.43268144	0.25117415	0.22405599	0.31878858	0.07426803	0.22269922	0.21865161	0.14360239	0.14183635	0.12335420	0.32528829	0.36881004	0.26963086	0.17703205	0.31788380	0.33408855	1.05707712	0.35191093	0.16287569	0.31970451	0.23238391	0.29748893	0.29742428	0.20565591	0.16262512	0.34063909	0.28616533	0.31993478	0.39472486	0.30444259	0.01218592	-0.01920223	-0.01584082	0.04055010	0.15112015	-0.04086971	-0.02493354	0.16699152	0.12693641	0.20264617	0.23668966	0.13647589	-0.06631876	-0.00329161	0.12938103	0.02933355	0.22631007	0.18230075	0.10346252	-0.00510671	0.12123489	0.09249671	0.03646510	0.33693750	0.24671861	0.27999792	0.26931448	0.35672868	0.32397312	0.10777423	0.04677529	0.13686809	0.18436384	0.39476877	0.37200598	0.21157518	0.30559897	0.24378081	0.22654873	0.25596950	0.24768711	0.11513145	0.15518465	0.01168491	0.19559605	0.12492709	-0.05364658	0.08854779	0.19568122	0.40039949	0.15764008	0.33839972	0.45837889	0.36624691	0.47614039	0.25124720	0.26665007	0.18440448	0.30264076	0.27669371	-0.10924591	0.01214608	0.10671482	0.14149331	0.03992332	0.11884424	0.17717384	0.11794749	0.07526257	-0.06585067	0.03586329	0.12562843	0.04234700	-0.14529783	0.05624742	0.06847310	-0.01027943	0.12987460	0.27976217	0.21574444	0.33494548	0.22614636	0.27570754	0.15848593	0.15933533	0.16012360	0.17353325	0.14478155	-0.01068913	0.21760065	0.10688431	0.17671376	0.19843409	0.27276070	0.31643913	0.10345853	0.06500283	-0.00659363	0.10552280	0.02002540	0.08053002	0.28561084	0.20612170	0.15190523	0.00219888	-0.06378586	0.20814081	-0.07753544	-0.01385503	-0.10425578	0.01225113	-0.07770136	0.04798512	0.16613792	0.20442264	-0.04361304	-0.02101548	0.03695617	0.03542513	-0.06354406	-0.12804357	0.13965988	-0.11185367	0.11657381	0.05377555	-0.00045236	0.00925031	0.09981173	0.03786854	0.06098715	0.06693643	0.01751400	0.04731180	-0.00236412	0.06807567	0.03514807	0.19599638	0.05761477	0.12517359	0.07108036	0.00122495	0.04844896	0.09523838	0.14306151	0.21640751	0.17198056	0.11141980	0.07594670	0.13491844	0.00871658	0.12274638	0.16836330	0.00447518	0.06252431	0.11743708	0.10235637	-0.05552853	0.17100214	-0.04587816	0.04658974	-0.02538609	-0.09653825	0.02265755	0.01571139	0.03752657	-0.05333248	0.10013258	0.03394542	0.08910359	0.12530977	-0.01865023	0.31626438	0.22197918	0.17227113	0.17005527	0.14753243	0.20544679	0.17757819	0.20551037	0.15748070	0.11915370	0.18561965	0.34299768	0.33941546	0.26545151	0.23946313	0.28335969	0.26095507	0.35077011	0.30104015	0.24302339	0.40587963	0.20701596	0.34303856	0.36494189	0.23954943	0.31944923	0.27804929	0.35928050	0.19912578	0.28779865	0.23587369	0.23311598	-0.04359228	0.07098957	0.14868586	0.01170381	0.25375441	0.14218659	0.33959390	0.16471526	0.16253163	0.19356284	0.22122527	0.19689383	0.19414849	0.24380825	0.07485381	0.20738118	0.04574657	0.09095528	0.11648984	0.18888151	0.36241757	0.24881164	0.33621347	0.35810118	0.30876165	0.25286709	0.22685605	-0.02511057	0.13157319	0.41613023	0.12805646	0.25923135	0.36238779	0.19438752	0.04268501	0.40174968	0.40327786	0.38888091	0.26552573	0.24144751	0.20195832	0.11798592	0.11546385	0.09320037	0.17885631	0.09685452	0.10288568	0.25593815	-0.02421096	0.32739663	0.14264865	0.39111983	0.23632934	0.47260849	0.41113888	0.31946382	-0.02454509	0.06620173	0.16551792	0.14276365	0.05880374	0.29681909	-0.03343536	-0.09097779	-0.14181005	0.25782492	0.22173999	0.28194876	0.05975687	0.07799515	0.16386548	-0.08516173	0.07900984	0.03396908	0.21009055	0.07791057	0.03135314	0.01905167	0.30101225	0.30517816	0.05941906	0.24872489	0.04214878	0.12007759	-0.03009291	0.09564462	0.07171507	-0.03916295	0.20838731	0.07448657	0.18829856	0.04920573	0.07209385	0.13184935	0.13329159	0.23827184	0.03948484	-0.00548831	0.11524988	0.13531833	0.11920402	0.12790667	0.18021312	-0.08556306	0.04404509	0.08766727	0.05641081	0.05878833	0.26549877	0.04468500	0.16815239	-0.05252369	-0.01192365	0.12339229	-0.01116980	0.01706618	0.01743823	-0.03003314	0.01712478	0.05328466	-0.07746353	0.13141462	0.13584498	-0.03758587	-0.01025900	0.07078911	0.02228234	0.11016692	0.10883309	0.03573058	0.13063279	0.10982688	-0.01967988	0.06161025	0.11463753	0.00920260	-0.03113121	-0.02487918	0.06005983	0.10991591	0.06923479	0.09460947	0.14415352	0.03982297	0.09888229	-0.02543207	0.14102614	0.13727191	-0.07191966	0.06964247	-0.12177075	-0.00433925	0.04108018	-0.01930093	0.00681421	0.05561171	0.05379248	0.05081510	0.15840504	-0.09431966	0.12395292	0.16555155	-0.00554350	0.06368275	0.05101388	-0.07696741	0.09925319	0.17392419	0.15440537	0.10941766	0.06914951	0.03642006	0.03254987	0.20287757	0.12394574	-0.07316184	0.05358208	0.04905874	0.02583279	0.07566818	-0.01899880	0.21838520	0.02974385	0.20117513	0.14789815	0.21455546	0.22806533	0.09313572	0.24319547	-0.02633866	0.11402089	0.19863044	0.22587526	0.07924733	0.20865227	0.26539152	0.22477520	0.29536673	0.17139373	0.12809822	0.02077089	0.06965569	0.25742891	0.28532356	0.16550131	0.01381843	0.16786287	0.35997454	0.16566043	0.12160904	0.11217687	0.19899475	0.20476510	0.06007645	0.14918067	0.05902269	-0.00782022	0.03178489
17Networks_LH_SomMotA_7	0.09523979	0.05699172	0.01714551	0.10784917	-0.00885849	0.01249839	0.05499055	0.20640686	0.12398767	0.08365707	-0.04050434	0.11760453	0.20838144	0.25220623	0.13359973	0.04027687	0.27011080	-0.06533449	-0.13590813	0.18429848	-0.15143697	0.02103947	-0.00847307	0.14399588	0.55849282	0.07171093	0.18115860	0.35748327	0.45357482	0.35191093	1.04291488	0.43346951	0.40425186	0.44148534	0.41553385	0.25110980	0.29733649	0.12898790	0.37997394	0.28946489	0.43934931	0.33021658	0.35018047	0.06236119	-0.06601615	0.06365082	0.03272714	0.23759228	-0.20125280	0.00005161	0.17262812	0.13045580	0.14578367	-0.15004068	0.06614104	-0.06440711	0.07221071	0.28734380	0.19594471	0.05938792	0.18841403	-0.04676047	0.10335536	0.18968423	0.16110701	0.15002258	0.21540707	0.22217241	0.29020857	0.42113735	0.22598687	0.30878982	-0.08669679	0.09826573	0.09930619	0.37887506	0.49394090	0.44879976	0.07041209	0.25241393	0.05214670	0.20030471	0.35578900	0.16102142	0.30800410	-0.00602430	-0.07395153	-0.02367652	0.02674281	-0.09584851	0.26362222	0.26261132	0.25458675	0.07549260	0.43356174	0.17860945	0.14111354	0.46962259	0.23170813	0.22509218	0.00753990	0.19605975	0.07195699	-0.07186392	0.07418547	0.23959194	-0.04741892	0.09427158	0.07482307	0.20376133	0.06719413	0.10580065	-0.11000272	0.10191649	0.08269881	-0.00622133	-0.16177513	-0.01729731	0.05934580	0.02014645	0.19880928	0.28348593	0.00654294	0.21746262	0.25773148	0.10404980	0.17468593	0.08844861	0.02008262	0.13284412	-0.02728000	-0.02551892	0.26378403	0.12167507	0.06163566	0.14333501	0.18168986	0.19566602	0.06503320	0.07284577	-0.03802741	0.02132826	0.06030693	0.00131550	0.08506449	0.09657472	0.10314838	0.04815849	0.03665608	0.12263618	-0.09204202	-0.04577808	-0.07224967	0.04325135	-0.00456139	-0.02270210	0.12297991	0.18101244	-0.01344781	-0.01066962	-0.00963091	-0.03628105	0.00768297	-0.02339022	0.12896129	-0.02539110	0.17148170	0.06128877	0.08925467	0.06581524	-0.01543692	0.10325613	0.21124947	0.15169134	0.03918033	0.04360289	-0.01247196	0.06491886	-0.04899081	0.12873075	0.07226779	0.04976117	0.22341046	0.02039337	0.10323181	0.13971356	0.10680949	0.10111940	-0.00270856	-0.01012100	-0.06003377	0.07986958	-0.09444058	-0.00538912	0.11093378	-0.00832056	-0.06748627	-0.08870631	0.04275107	-0.11004099	0.21502935	-0.05706699	-0.05307712	-0.02861943	-0.09828285	-0.07035650	0.04691983	0.12763153	0.05374031	0.20790486	-0.14989693	-0.00577648	0.12563438	0.04469626	0.04965679	0.16120304	0.04773368	-0.06170993	0.18377047	0.09962786	-0.11286289	0.07921420	-0.04104015	0.12238743	0.07149804	0.31856269	0.49777997	0.46585366	0.47971030	0.49451073	0.40177120	0.51007294	0.51952388	0.57988376	0.42156806	0.07046143	0.35466579	0.33055976	0.12581223	0.28395508	0.24668070	0.37822151	0.16294743	0.17185563	0.10477515	0.17608629	-0.04374465	0.19583071	0.03794439	0.19472484	0.29501671	0.11192181	0.35638836	0.18596484	0.19748115	0.18539139	0.39404448	0.35351157	0.26903078	0.12617918	-0.00319055	0.32662845	0.13232947	0.07164859	0.09674088	0.23781114	0.23852708	0.31335589	0.29419896	0.37181725	0.28972297	0.27636313	0.16342095	-0.00224018	0.06025535	0.39594704	0.27096106	0.47731307	0.18400283	0.15845685	-0.01903608	0.38220917	0.39624276	0.32968249	0.17579880	0.06114328	0.08582701	0.08657983	0.13718291	0.13100087	-0.02213073	0.01699892	0.06423697	0.13182044	0.08150183	0.28231440	0.16818158	0.29065783	0.22573350	0.29562183	0.37674974	0.29384005	0.05969974	-0.02929690	0.08548791	0.01712532	0.04924508	0.14042671	0.13789614	0.03940477	-0.01681573	0.28151490	0.09258934	0.16208673	0.01265704	0.06163868	0.19365746	-0.04907823	0.04814704	0.11466127	0.18896708	0.09039094	0.01096711	0.01360831	0.27611990	0.09066627	0.04593277	0.33630148	0.14892487	0.21664975	0.10487332	0.06843176	-0.02732268	0.14024864	0.32973749	0.13789676	0.21261344	-0.07156371	0.01046371	0.00082849	-0.03770474	0.12968287	0.01133519	0.08265988	0.18587211	0.11976621	0.12055271	0.05408410	0.04900890	0.04299763	0.00068042	-0.02328367	0.15198069	0.02657871	0.13818258	0.07340065	0.12955216	0.17137171	0.08478825	0.12628719	0.14373264	0.13421381	0.07864293	0.04551395	0.04548628	0.14225981	0.03000595	0.12029800	0.11354653	0.00974417	0.07946936	0.08206504	0.09637012	0.14302475	0.09174162	0.17331757	0.18316531	0.16058496	0.09100225	0.13644839	0.09483060	0.10538789	0.15134906	0.15957096	0.07441052	0.08384693	0.00492839	0.01680125	0.10665580	0.08751586	0.14762879	0.15789118	0.11189711	0.12658849	0.10649348	0.08384273	-0.08745742	0.09215116	0.11357792	0.03485954	-0.04409569	-0.05416055	-0.01027094	-0.00677671	0.24519374	0.10636097	0.31030085	0.37860186	0.12080504	0.08363220	0.10717139	0.13726562	0.23001967	0.15130654	0.24812782	0.22035425	0.09438755	-0.12611893	0.02175670	0.11055358	0.17055407	0.18135733	0.19321738	0.23138775	0.18683488	0.23014446	0.03521780	0.18382075	0.26900876	0.26057857	0.12261906	0.18038169	0.23286415	0.12956853	0.30730084	0.10094270	0.15552450	0.15851503	0.11740190	0.11674705	0.10722420	0.22736713	0.14043737	0.16348514	0.17150798	0.14529392	0.11886594	0.12370160	0.20087141	0.26416300	0.33904772	0.10409986	0.21563904	0.40699167	0.08956341	0.15208064	0.12912471	0.09484452	0.18084078	-0.00062827	0.11385592	0.05715258	0.01029088	0.02535324
17Networks_LH_SomMotA_8	0.11276371	0.02556920	0.11257077	0.11927214	-0.01345440	0.05713591	0.10085252	0.16679927	0.16004587	0.02150102	-0.00961139	0.08981771	0.10296264	0.14009384	-0.00501040	-0.20623538	0.11197944	-0.14264821	-0.14433881	0.14099174	-0.23872052	-0.13052858	-0.12347590	-0.05931317	0.36410765	0.04570110	0.09922640	0.33892186	0.31966970	0.16287569	0.43346951	1.02489428	0.45886052	0.50405347	0.32195940	0.37281024	0.39367063	0.06793663	0.24480233	0.50212524	0.19271141	-0.01331539	0.26749630	0.08937711	-0.00818256	-0.04932483	0.00287450	0.04331521	-0.10431214	0.02647764	0.25934984	0.37117590	0.13782356	-0.07476006	0.11386868	-0.10013248	0.29901092	0.48425555	0.27400992	0.15493752	0.14720094	0.06128710	0.11702411	0.30057700	0.19958658	0.23340369	0.28129070	0.28261123	0.40225368	0.45159097	0.32947656	0.34917680	0.03892955	0.21722386	0.15304826	0.50186635	0.52723222	0.28581300	-0.01336387	0.02369891	-0.07002912	0.27119902	0.40820523	0.19718423	0.32342073	-0.10867937	-0.05217116	0.03185539	0.02423688	-0.25432321	0.24586985	0.12270625	0.08630424	0.14569547	0.46307248	0.17829503	-0.08465471	0.43267662	0.30394555	0.24732379	0.09868615	0.26773373	0.18441800	-0.01119085	-0.02393659	0.33224584	0.09271006	0.12124589	0.13527419	0.16243553	0.09093989	0.09927800	-0.10607813	0.11353336	0.09084334	0.02059905	-0.15288443	0.01541660	0.09009039	0.04070883	0.12741805	0.36868121	0.10024358	0.24868709	0.45339712	0.14188879	0.10192516	0.07756570	0.16873651	0.29318275	0.00216843	0.03549107	0.17544885	0.08282243	0.01347006	0.22733461	0.20202452	0.26342582	-0.08020117	0.02196926	-0.00801357	0.07574306	-0.00747372	-0.01427190	0.07827234	0.14231421	0.11889223	0.06774881	-0.06882308	0.01074729	-0.16450673	-0.06020086	-0.14590267	-0.11589158	-0.13786674	-0.03819931	0.01329139	0.12938513	-0.07892758	-0.03388834	0.04283866	0.03144651	0.03200027	-0.00882478	0.12436392	-0.02912644	0.08730969	-0.04327678	-0.03193625	0.01210751	-0.08018808	0.02867280	0.16500056	-0.00361507	0.06569642	-0.09828011	-0.06078931	0.00922236	-0.09817353	0.17092555	-0.14067224	-0.10138188	0.13272894	-0.08086236	-0.03630694	0.03085979	0.02974199	0.05367401	0.04276052	-0.11177877	-0.14443364	-0.02417163	-0.18413492	-0.05472532	0.19440264	0.04388250	-0.08768528	-0.02329657	0.06037747	-0.08206707	0.16354313	0.02321551	-0.05482319	0.02351705	0.04381271	0.06310235	0.08033394	0.22724048	0.20563272	0.30968652	-0.01910867	-0.04971846	0.05637025	-0.10171536	-0.01567279	0.02541332	-0.01380029	-0.19293686	0.05985909	-0.04506616	-0.24800316	-0.00054961	-0.15869409	0.28666710	0.04838958	0.22800384	0.39465587	0.45847738	0.42208254	0.42600461	0.29251133	0.32992101	0.42465314	0.53066350	0.39115072	-0.06500163	0.09314697	-0.09412617	-0.16609578	0.20032878	0.09298147	0.21572971	0.04916551	0.16629614	0.02792391	-0.04686745	-0.09174068	0.03452565	0.09218807	0.07985753	0.08569032	0.01742080	0.13421890	0.03507728	0.25802359	0.15392634	0.50009267	0.40858388	0.16754195	0.09980687	0.05889869	0.35677586	0.11917018	-0.08182993	0.06936272	0.20305872	0.11557189	0.22797979	0.28550886	0.24495567	0.25309684	0.17767850	0.06112615	0.17841182	0.04572129	0.24353140	0.27952498	0.36606266	0.05995977	-0.08462843	-0.13944431	0.19407080	0.34743999	0.39454226	0.15010669	-0.03928524	0.10093721	0.10938271	-0.05929396	0.02423423	-0.09829638	-0.10069116	-0.00892798	0.07013709	0.07922201	0.13452732	-0.09299273	0.12914963	0.20471511	0.15525147	0.23004820	0.41119188	0.09318983	0.07851066	0.05721742	0.16621146	0.09865375	0.21187656	0.13699066	0.02824935	0.06847006	0.20334180	0.17587837	0.07629941	0.12948421	0.01578976	0.16919017	-0.04970370	0.08437843	0.04129166	0.18468211	0.11833471	0.02926308	-0.07940692	0.16286203	0.13588577	0.03415472	0.37044598	0.11004940	0.14124974	0.05900189	0.11073412	0.05218758	0.16668180	0.18149114	0.15352984	0.19728760	0.06578975	0.08848702	0.07508359	-0.16887135	0.18944973	0.09597866	0.08720144	0.15063463	0.04474870	0.15999016	0.18654998	0.06837372	0.11534207	-0.09083798	-0.06190282	0.03929158	0.00439812	0.05691950	0.01422541	0.08402017	0.08279929	0.09669199	0.06997133	0.09107018	0.04134306	0.03141559	-0.02100690	0.06466174	0.08061561	0.03264658	0.17807599	0.05561246	0.04587325	0.08979309	0.17745105	-0.01813976	0.11136410	0.10524582	0.24798340	0.23436191	0.11570841	0.29662373	0.10173032	0.14194635	0.07247890	0.12695432	0.14629615	0.09969581	-0.00015151	-0.05036480	-0.12357833	-0.02070201	-0.00419464	0.12624359	0.14532974	0.09260412	0.14095804	0.18611963	0.19317968	-0.05632681	0.14642277	0.15282818	0.09551765	-0.01406648	-0.10587334	0.01144836	0.09796898	0.12054201	0.19067832	0.20785014	0.35973221	0.12594125	0.18765913	0.07321506	0.25240272	0.33464529	0.00656383	0.26780406	0.22079865	-0.02469015	-0.07225912	0.03892169	0.12776920	0.05418456	0.19838641	0.20561911	0.24836003	0.18983123	0.21400552	-0.06750796	0.11645214	0.33352677	0.12362163	0.23592963	0.23173437	0.08944074	0.12591010	0.28326130	-0.07594722	0.09909835	0.04235840	0.07941204	0.05433043	0.07084144	0.14977315	0.08091665	0.09907173	0.14542902	0.10128793	0.13477140	-0.03702349	0.12651785	0.24587966	0.32944447	-0.05983438	0.17330617	0.24559112	0.09935407	0.09670013	0.07111543	0.13760154	0.12093343	0.02330707	0.09418419	0.11803965	0.06092837	0.00940986
17Networks_LH_SomMotA_9	0.16048968	0.15743163	0.07142912	0.18136287	0.10158388	0.02461331	0.11622434	0.35628163	0.10963463	0.20580475	0.11706542	0.23466900	0.33218845	0.41714333	0.14058710	0.16228267	0.31595200	-0.04516366	0.02863639	0.23129462	-0.06077690	0.00307455	0.10285427	0.14806058	0.48196926	0.20063727	0.29834238	0.58601916	0.43702147	0.31970451	0.40425186	0.45886052	1.02060911	0.65892662	0.46495549	0.54347734	0.54578513	0.09794142	0.38266792	0.56331428	0.38979147	0.19541155	0.51178121	0.01337283	0.01059342	-0.05131309	0.05236635	0.07552730	-0.08108293	0.11607316	0.40223651	0.31874414	0.26643069	0.02011462	0.19253537	-0.02638590	0.17274968	0.48799174	0.11220974	0.18605151	0.32455119	0.14417296	0.12974475	0.30291648	0.24310416	0.20147492	0.47155203	0.39795627	0.48879423	0.46453332	0.46762750	0.54467460	0.06869922	0.16329897	0.20274042	0.51764494	0.69115898	0.54769052	0.23615504	0.20787639	0.16500788	0.36551587	0.30021130	0.29202615	0.31194453	0.08548480	-0.01379048	0.08901295	0.02646599	-0.16936349	0.10009269	0.13703267	0.19593128	-0.02064264	0.46832291	0.29161545	0.18070657	0.51858818	0.17339702	0.42510311	0.05180638	0.31127769	0.23262520	-0.15742603	-0.12154291	0.19029517	0.02165116	0.05679857	-0.02882186	0.15631912	0.01303937	0.01963619	-0.21918289	0.04895814	0.11192441	-0.14090381	-0.07227387	-0.03789681	-0.06686838	-0.00838385	0.24474525	0.39524055	0.09878933	0.26507749	0.36013548	0.16124635	0.11885913	-0.03597578	0.04457160	0.15979277	-0.07960818	-0.11313340	0.21583290	0.00989247	0.07618846	0.05699347	-0.00890514	0.24439689	0.04411332	-0.08321174	-0.08197712	0.02690565	0.02390442	-0.11015983	0.03423966	0.16019932	0.06001161	-0.08204206	-0.15971429	-0.07755857	-0.07911559	-0.04643441	-0.21576165	-0.02347683	-0.04106507	-0.08588353	-0.09065101	0.22899122	-0.01902053	-0.06716143	-0.00226865	-0.00065848	0.05535427	-0.04798902	-0.01797475	-0.09650440	-0.02700814	-0.16256845	-0.17655560	-0.05429765	-0.12912553	-0.09206611	0.14516286	-0.06898979	0.08934935	0.03977449	0.05358725	0.12667493	0.01020095	0.20202673	0.03864615	0.05225746	0.11507776	-0.15006359	-0.09554828	0.05024681	0.03609573	0.12976137	0.17659858	-0.00296703	-0.05031745	0.06742132	-0.05195859	0.05978631	0.07818157	0.10820468	-0.09459052	-0.01473500	0.16199359	-0.14584182	0.37049631	0.10622999	0.16646511	0.12280969	-0.03541032	0.15149546	0.05957489	0.21747060	0.06483826	0.33631488	0.02939961	0.11119658	0.24098496	0.02633466	0.28395350	0.18248701	0.12698537	0.01389522	0.13035692	0.15448085	-0.05959893	0.16225290	0.07925451	0.24676208	0.20927340	0.40115863	0.61307933	0.39115631	0.53832462	0.66109129	0.47381039	0.46082898	0.51441838	0.48986223	0.63449576	0.10501540	0.10213904	0.03117524	-0.00419258	0.46114199	0.27459256	0.45824187	0.17731552	0.23221390	0.15872357	0.08467761	-0.07976806	0.06990004	0.17498494	0.17570628	0.27001202	0.16109739	0.22737401	0.21131866	0.32288490	0.18203389	0.37342102	0.44014636	0.37538466	0.23413403	0.15078724	0.44015265	0.10043349	0.09820246	0.26484598	0.27956149	0.26774014	0.31680777	0.38231547	0.34076171	0.40847136	0.40484144	0.14861043	0.04065299	0.16435391	0.42848536	0.35339245	0.48705135	0.28916808	0.13626853	-0.01671886	0.34510566	0.41040593	0.52336413	0.21454048	0.13885977	0.16649336	0.12595395	0.06988135	0.06309302	0.01720952	-0.00397612	0.15917770	0.15546080	0.03084180	0.27511837	0.09712753	0.26703063	0.21408886	0.25402349	0.41857993	0.42941914	0.26492950	0.00983651	0.09440492	0.12766393	0.03533788	0.31500449	0.12564208	0.10936812	-0.01416933	0.30016761	0.05603596	0.12850349	-0.04983857	0.07956457	0.10935323	-0.11494066	0.01698701	0.02086544	0.24554426	0.05122523	-0.03168995	0.07867851	0.31741104	0.14945962	0.02178353	0.47244010	0.10197246	0.10801556	-0.04538838	0.08824703	0.00937555	0.04016632	0.11603728	0.09051589	0.21198054	-0.07997776	-0.10596700	0.06580599	-0.11724113	0.19548838	0.02637461	0.01314517	0.13970075	-0.00889102	0.25608480	0.18336721	0.04582751	-0.03435931	-0.06319663	-0.05156693	0.01483026	-0.01103369	0.14401530	0.10339977	0.07230929	0.02528051	-0.05945893	-0.04372554	0.15629712	0.13893623	0.06825822	0.01720461	-0.10252528	0.10301326	-0.08836327	0.08142502	0.00895080	-0.00539054	0.08664713	0.15414544	0.02143653	0.16092258	-0.09434727	0.21512106	0.23367370	0.08321999	0.19332622	0.23221709	0.20354735	0.17630862	0.11000683	0.11008937	-0.03393372	-0.05354157	0.05759253	-0.02736951	0.05352720	0.14511791	0.11827596	0.17400955	0.19706057	0.22507776	0.06956550	0.05012756	-0.09858427	0.08172943	0.03598188	0.00632081	-0.11705629	-0.00999891	-0.05573645	0.04189836	0.19366324	-0.08349284	0.15600236	0.35576061	0.09879850	0.20703953	0.05832062	0.09606168	0.28097372	0.09023218	0.27028941	0.20586549	0.00333443	-0.04753389	-0.05452001	0.08588185	0.19522010	0.02092699	0.12596490	0.10277914	0.16618375	0.16754079	0.03236944	0.12271755	0.18999915	0.25524839	0.23235443	0.18255175	0.29865985	0.20937270	0.41728096	0.09251638	0.15413330	0.27958701	0.23166597	0.16120722	0.16982158	0.19881339	0.18826306	0.23843805	0.22113901	0.18866828	0.06471554	0.09078496	0.31068085	0.38602411	0.53075007	0.16134694	0.30622352	0.51974387	0.13126926	0.23908010	0.23033215	0.09813779	0.26014669	0.04660498	0.26280969	0.17700959	0.13211548	0.00682252
17Networks_LH_SomMotA_10	0.18646247	0.18526705	0.16360816	0.26216199	0.01646271	-0.01078963	0.11203471	0.26311896	0.11800091	0.07348077	0.12509538	0.20095093	0.24518850	0.40152950	0.16722637	-0.00845644	0.18770198	0.00398948	-0.01019425	0.20231347	-0.10654916	-0.03140533	0.07148042	0.05024328	0.42073644	0.16808852	0.28982561	0.56617352	0.35440841	0.23238391	0.44148534	0.50405347	0.65892662	1.10307998	0.54683269	0.42131431	0.40701453	0.13485618	0.39550035	0.61240017	0.27068855	0.20845329	0.29515561	0.19408013	0.01148643	0.03427334	0.12337205	0.07136703	-0.00925384	0.17043420	0.38570144	0.32356221	0.16652227	-0.08057608	0.20157334	-0.02432218	0.25715822	0.42118366	0.27398596	0.23920233	0.28012045	0.17474897	0.16102035	0.19253456	0.19670820	0.16321011	0.34909663	0.37028659	0.41175218	0.40393089	0.33461681	0.48754971	0.04362663	0.22353959	0.18626038	0.58061783	0.64917682	0.49055564	0.15806040	0.14598073	0.11543572	0.33347687	0.34642017	0.19068569	0.40582350	0.04912486	0.01626013	-0.03128959	0.01644508	-0.20008888	0.22396647	0.10813978	0.18900867	0.15425917	0.40350607	0.18957263	0.06671681	0.39854023	0.27559369	0.42086609	0.08587224	0.35050060	0.17795193	0.00372800	0.05722456	0.29105283	0.15041652	0.24970716	0.02874364	0.26295525	0.01069996	0.01384063	-0.11356742	0.00029610	0.07302204	-0.10108314	-0.17396709	-0.03137155	0.03464864	0.10211368	0.11136233	0.41767575	0.11578268	0.31944836	0.42684689	0.23261581	0.25075143	0.14230969	0.14065705	0.29044418	0.08811997	0.03822963	0.19167395	0.10258048	0.17668258	0.21831591	0.17202280	0.33386551	0.08302901	0.16237923	0.05639489	0.12320939	0.15699665	-0.07568053	0.08448779	0.14399187	0.01588454	0.08241709	-0.02878674	0.04912775	-0.09172919	0.01107801	-0.04008968	0.01370959	0.02611807	0.00945892	0.02802577	0.26663931	0.04814896	-0.01036844	0.06205084	0.00796671	0.07045782	-0.02024578	0.12571944	0.02644777	0.12751157	-0.04557397	-0.18494106	0.03592180	0.00976517	0.10126471	0.21698717	0.07236869	0.16009227	0.11776608	0.11508225	0.19125878	0.11659711	0.31848405	0.06330713	0.16293547	0.26579183	0.05212625	0.08424423	0.20656861	0.16400468	0.03853069	0.13698909	0.01877874	-0.06888847	0.09529607	-0.05573392	-0.03060469	0.19102504	0.16052363	-0.07718357	-0.07038221	0.00139658	-0.11291682	0.39858399	0.14968501	0.16397838	0.22550240	-0.03557289	0.18981669	0.14474590	0.16825555	0.07576780	0.32523664	0.04727537	0.10219770	0.22394500	0.09687058	0.21381547	0.24729001	0.08078979	0.00237912	0.16076928	0.13278012	-0.10222677	0.09095394	0.04025036	0.20914504	0.14263432	0.27774978	0.65812821	0.32490146	0.60787641	0.59118948	0.41128455	0.45270474	0.54325747	0.59138174	0.48820365	0.10990927	0.13253900	-0.00759075	-0.04500623	0.31430517	0.23013483	0.41226295	0.32598386	0.20291678	0.14154301	0.12373797	-0.05581513	0.09130704	0.04916892	0.26749906	0.21190942	0.13283054	0.18919110	0.11761999	0.32371382	0.15832717	0.39470464	0.35569145	0.29308473	0.23361791	0.07234126	0.39686800	0.13440415	0.06669662	0.17161882	0.19720555	0.08999092	0.24101328	0.31063138	0.29118695	0.31150749	0.32715281	0.02582914	0.13169453	0.12560033	0.31867470	0.30749465	0.48078380	0.13946400	0.10382865	0.03431640	0.18206691	0.25902299	0.38251712	0.01833328	-0.01306697	0.02936925	0.15416007	0.05340785	0.01498435	-0.03289826	-0.06970526	0.02474190	0.08110315	-0.01106618	0.15268554	0.13637428	0.14591232	0.18298166	0.11268143	0.24409447	0.42902421	0.34166825	-0.04731504	0.05208356	0.08826290	0.07781184	0.25244119	0.15962040	0.12255771	0.07081750	0.24997221	0.07424843	0.15413838	-0.01072659	-0.00247898	0.07693479	-0.08070699	0.04077118	-0.06032806	0.28507704	0.03825819	-0.01099625	0.05503529	0.17027949	0.08719593	0.05064862	0.41486393	0.16335127	0.22080127	0.12590568	0.15005569	0.04916594	0.16919074	0.10934567	0.23232098	0.22333293	0.03190070	0.02023253	0.03605060	-0.16764847	0.17423341	0.10228689	0.14221126	0.26219607	0.11094705	0.19641631	0.13273404	0.06300914	0.10784056	-0.08446096	-0.04516418	0.12612303	0.01419574	0.02127949	0.04379468	0.12625916	0.16934339	0.13177488	0.09225949	0.24426807	0.18858663	0.09818506	0.08028633	-0.00114568	0.19854341	0.00791494	0.13563442	0.03140981	0.05906472	0.13292035	0.20826959	0.04140473	0.16138544	0.05721719	0.27695776	0.30556420	0.15717948	0.30621790	0.32904270	0.32665463	0.19343880	0.24668887	0.15019028	-0.01003087	-0.07505129	0.10396919	-0.02344437	0.07248528	0.01487880	0.05355297	0.14134001	0.21383201	0.20430440	0.17618252	0.10952034	-0.01322822	0.05345491	0.17451286	0.03840844	-0.14723691	-0.00578160	0.01604358	0.07348350	0.23676601	0.08603463	0.29635863	0.48043535	0.20655132	0.22066378	0.12981912	0.07571371	0.31496124	0.14944435	0.28892775	0.32310243	0.02525779	-0.01110035	-0.01908805	0.18809097	0.16156348	0.00734530	0.21630959	0.25790104	0.22487878	0.20952587	0.00847900	0.14188533	0.24394266	0.23340126	0.22488411	0.24168128	0.34140590	0.28867638	0.43595689	0.15250607	0.07201616	0.29821604	0.29772225	0.14015697	0.18990773	0.29004659	0.24991691	0.31390744	0.27216442	0.26405464	0.11494222	0.13278626	0.32136794	0.41928758	0.57551996	0.14191579	0.34451737	0.51397058	0.21658410	0.27076298	0.23608744	0.25047541	0.33443575	0.09934540	0.29302293	0.22519267	0.15028095	-0.01937770
17Networks_LH_SomMotA_11	0.32617780	0.31501209	0.13111207	0.36708250	0.10925909	0.02278666	0.19843023	0.23978349	0.22692373	0.16200571	0.17051155	0.23788530	0.40311556	0.49982864	0.33688539	0.14903792	0.30403246	0.14730617	0.12800330	0.25567940	0.09528493	0.16100024	0.17728335	0.20250918	0.37581983	0.16802139	0.30245031	0.55336232	0.46177955	0.29748893	0.41553385	0.32195940	0.46495549	0.54683269	0.97976751	0.37875933	0.28979151	0.25488690	0.49429466	0.42719817	0.37204173	0.42748778	0.28767394	0.16879979	0.06245029	0.13989565	0.05039520	0.11651316	0.05871600	0.14551100	0.22060861	0.18727398	0.12662665	-0.10995960	0.04448800	-0.18720778	0.13037337	0.24357764	0.24536036	0.29568897	0.38975271	0.28036630	0.24150429	0.09203975	0.29568638	0.09302726	0.29612529	0.28752067	0.35334857	0.30333482	0.31066924	0.47731322	-0.04287220	0.08075666	0.08400519	0.41173824	0.44746176	0.53849666	0.22482569	0.26625375	0.26494055	0.23409746	0.31849859	0.23502892	0.28638145	0.09462716	0.02110936	-0.04116562	0.03763477	-0.08220254	0.07087481	0.13620012	0.23336545	0.02170486	0.31505983	0.23987925	0.15270369	0.37984348	0.23927353	0.44310562	0.07873407	0.37683463	0.07477754	-0.04770419	0.05646923	0.18247274	0.19072696	0.30663171	0.03281271	0.27200150	-0.02828171	0.08133765	-0.05182309	0.03598923	0.06144508	-0.08531664	-0.10619247	0.04417543	-0.01836793	0.13517868	0.13130372	0.34757166	0.10744728	0.37447773	0.30441979	0.18104973	0.28580326	0.03468470	0.05170304	0.13646727	0.08388667	0.04424197	0.19406636	0.14571429	0.26108335	0.28244959	0.22777004	0.27944072	0.17580317	0.15388249	0.09841657	0.22835960	0.15624059	0.01199375	0.18796952	0.22375506	0.06882712	0.12777612	0.10009297	0.19402112	-0.01487136	0.06116931	0.06778952	0.07978503	0.06915347	0.12949850	0.14249573	0.25394713	0.11487634	0.01780308	0.12327885	0.12347655	0.15153730	0.03896266	0.29055687	0.05765623	0.11194421	0.09812366	0.00441559	0.05318816	0.10779142	0.15942367	0.18043076	0.18264932	0.14656185	0.12337893	0.16349778	0.19077343	0.14010834	0.30908100	0.12362205	0.22729820	0.26680375	0.10240726	0.06160001	0.18263956	0.14951021	0.06503603	0.17583075	0.08166252	0.02153362	0.19820522	0.11039780	0.09408738	0.21643974	0.16280669	-0.02140549	-0.02676987	0.06802711	-0.07275262	0.36510174	0.19800850	0.26362861	0.22584371	0.03276731	0.15344680	0.22119831	0.11588714	0.11945039	0.26071146	0.12280649	0.18527114	0.34063487	0.17163040	0.34104027	0.41739354	0.21628148	0.19186820	0.23794019	0.23079681	0.08234038	0.16634427	0.17275694	0.19969513	0.14480238	0.29040976	0.55160487	0.22172848	0.49857678	0.47510330	0.48889029	0.42681502	0.47087422	0.45163176	0.43822355	0.17343916	0.21383426	0.27423352	0.19962933	0.33159510	0.34368991	0.40624776	0.29624476	0.27042956	0.19489100	0.19755972	0.04393352	0.18152306	0.08742270	0.20479374	0.26139590	0.15316910	0.19642146	0.25053824	0.23880987	0.10804418	0.23716474	0.30289268	0.31097626	0.33844464	0.16685617	0.37522137	0.18380769	0.19056712	0.22833849	0.23194016	0.19311785	0.23587983	0.26879656	0.36212247	0.33820378	0.28475951	0.13190784	0.06498922	0.11519017	0.26813216	0.21026177	0.37587103	0.20833743	0.31268386	0.21348238	0.30069008	0.28777944	0.30805430	0.07528061	0.05765489	0.00977223	0.09074932	0.13460477	-0.05923564	0.01742232	0.03031075	0.07304361	0.13848651	-0.04041691	0.23314020	0.25113973	0.15972741	0.10131780	0.17721750	0.25653850	0.36872094	0.21386474	-0.07345216	0.05103659	0.08748979	0.14747668	0.29986779	0.14848031	0.02919304	0.10609608	0.31541525	0.14580298	0.24607772	-0.01931383	0.11503448	0.13194777	0.00239915	0.03841751	0.01161681	0.21253730	0.07617294	-0.02196703	0.07884611	0.20756602	0.04179886	0.05672466	0.31313677	0.23109302	0.18959076	0.09342711	0.16341880	-0.06386144	0.15404986	0.15394620	0.18342664	0.24384992	0.05472089	0.03922423	-0.01495026	-0.05050198	0.17280500	0.10446057	0.12446936	0.30752422	0.15592934	0.24851211	0.12254940	0.24428266	0.08348632	-0.00551847	0.03449816	0.20815610	0.06880926	0.06631604	0.09354408	0.22490446	0.18678577	0.17911133	0.17168570	0.28780017	0.28167698	0.17333535	0.15281318	0.04356512	0.25608668	0.10363763	0.20115200	0.12313958	0.14859636	0.17949284	0.24719819	0.16170094	0.19615130	0.07753121	0.29886815	0.32112115	0.12661902	0.18946148	0.29176295	0.25307629	0.20957189	0.20188389	0.05550234	0.08494554	0.04393742	0.16563790	0.06876547	0.23698001	0.13081159	0.15466691	0.14835945	0.17383913	0.13085840	0.09706482	0.06639908	-0.00427367	0.10217238	0.22442702	0.02037059	-0.10434061	0.07605665	0.06602660	0.06018211	0.22260834	-0.02221576	0.23442454	0.26216161	0.14665813	0.18086000	0.14306098	0.08691843	0.18542668	0.12586500	0.21040117	0.11681969	-0.00916662	0.03284272	0.02736944	0.18433997	0.14381562	0.02031918	0.16572730	0.14869669	0.18225671	0.15319749	0.05020026	0.21644392	0.15753422	0.15200374	0.17791639	0.20329162	0.39568335	0.27080303	0.33506188	0.13625304	0.10557548	0.32992414	0.32109368	0.18401208	0.29148033	0.32406057	0.34345637	0.38372629	0.34595530	0.35232693	0.24005670	0.23065651	0.32458017	0.38267117	0.40753484	0.11431272	0.26807825	0.48357409	0.17681976	0.24604998	0.24170836	0.28770648	0.39243306	0.19883708	0.31001053	0.24608497	0.18581094	0.07862955
17Networks_LH_SomMotA_12	0.42930173	0.40114452	0.36585139	0.46362376	0.11235388	-0.01990368	0.31995749	0.30542505	0.12685546	0.25876164	0.25350922	0.24877046	0.28098329	0.49831706	0.41699506	0.04608779	0.21770735	0.18811497	0.15777469	0.28664732	0.16155778	0.08905705	0.13662163	0.16341419	0.28394029	0.20670925	0.20732363	0.36883639	0.32760237	0.29742428	0.25110980	0.37281024	0.54347734	0.42131431	0.37875933	0.96104585	0.37993296	0.28518068	0.45732435	0.55038364	0.31537972	0.20074360	0.50455651	0.22544694	0.10841885	-0.03209602	-0.01417016	-0.04681430	-0.03400233	0.06264012	0.32858561	0.35855338	0.19955883	0.08694156	0.08861433	-0.14391173	0.14383522	0.24724606	0.18230239	0.34257789	0.30898653	0.37107696	0.26868900	0.26501705	0.32387882	0.23865195	0.51548331	0.48520314	0.50862980	0.40570725	0.62930239	0.57241563	0.11974350	0.25876200	0.20683902	0.45552201	0.52598709	0.43726170	0.33664039	0.29844428	0.27668872	0.46266222	0.52233223	0.37175722	0.36402631	0.11274397	0.16960557	0.10043494	0.01008437	-0.19785498	0.02310012	0.09207816	0.18972083	0.17392748	0.37927479	0.37315283	0.26338531	0.40600978	0.36808014	0.61024505	0.06407252	0.43165717	0.22476800	-0.09009429	-0.02149860	0.13275467	0.07919369	0.14767482	0.02058656	0.24659479	0.02238747	0.04319863	0.05940919	0.08139191	0.12686857	-0.17182487	-0.08728504	0.01734762	-0.02905413	0.05409936	0.36237001	0.39127355	0.11750629	0.46548618	0.38722692	0.33042092	0.35022171	0.14389224	0.05635094	0.27016807	0.13724116	0.07402271	0.12326934	0.17948512	0.30756593	0.30201047	0.24231931	0.36786903	0.12436430	0.08896897	0.17600081	0.23157051	0.18427715	-0.06401487	0.21052364	0.35173661	0.01612811	-0.04645477	0.05071849	0.16898084	0.06192764	0.05589217	-0.03151850	0.11382485	0.11136269	0.00875278	-0.10571226	0.20549727	0.18073967	0.09354680	0.14854161	0.04288377	0.21090932	0.00987743	0.15859153	-0.07247840	0.06712046	-0.02785409	-0.00377056	0.05989842	0.10738285	0.06809256	0.22705627	0.09808924	0.22970764	0.17216000	0.21537318	0.21506122	0.04783397	0.41827428	0.08723611	0.28155353	0.11934324	-0.01650367	0.04423239	0.15113976	0.17284992	0.32664732	0.28911982	0.10689586	0.03359315	0.07705445	0.02860495	-0.00000816	0.22741448	0.22738708	0.08825437	0.04068266	0.19555035	0.00129137	0.43933351	0.34030129	0.33936207	0.35497127	0.25137748	0.24197942	0.30115066	0.23267377	0.11840338	0.40234339	0.20139447	0.31162744	0.26723857	0.03743757	0.42008948	0.23920827	0.03398718	0.21570287	0.19139112	0.20564643	0.16754795	0.17506108	0.08885246	0.34483738	0.14030622	0.30244723	0.38235813	0.28544880	0.38157237	0.36774569	0.40681063	0.33472533	0.30865300	0.29676905	0.60989455	0.19022590	0.14213990	0.02270158	0.11528390	0.38127603	0.39190073	0.43237445	0.15174415	0.30715614	0.21111492	0.08943851	0.01445127	0.06305935	0.23039512	-0.07361198	0.21880459	0.11449938	0.17690916	0.19351887	0.25349428	0.25237103	0.35008949	0.41455544	0.36840453	0.44223014	0.40472757	0.42671061	0.14189350	0.19891201	0.40458829	0.37294523	0.37056699	0.44789966	0.52212753	0.41895914	0.37954099	0.37627371	0.33685062	0.12324230	0.25717375	0.50363359	0.35975525	0.30607031	0.34710406	0.20345105	0.06147633	0.36520420	0.58543832	0.52978989	0.16672421	0.17340469	0.21611728	0.21620789	0.10915911	-0.01396625	0.03359522	-0.12610506	0.09717974	0.10618878	-0.01344010	0.18005278	0.06591087	0.27786361	0.25201454	0.27247388	0.31717414	0.48104778	0.14094257	0.04052211	0.13402046	0.27789713	-0.00065715	0.36356419	-0.01022891	-0.01975845	-0.05088532	0.23145812	0.12063161	0.14419723	-0.04041669	0.08105982	0.12170295	-0.06266240	0.11367684	0.06370722	0.24605300	0.10894585	-0.01780344	0.16751226	0.40869752	0.19002214	0.15700508	0.47787976	0.18642813	0.18885483	0.05627929	0.17866999	0.01391575	0.05421153	0.19723864	0.22438539	0.32216220	0.16776145	0.07998560	0.09291642	0.04237421	0.30238483	0.07406074	0.06227849	0.24135185	0.02419118	0.31751010	0.26343765	0.17284765	0.08449741	-0.05135213	0.00846203	0.13573535	0.07287305	0.29356006	0.01115371	0.06828342	0.04798958	0.06147844	0.10948179	0.19171346	0.15913677	0.15400226	0.13892931	-0.11095437	0.10727781	-0.08545479	0.13316485	0.08838949	-0.02583160	0.16542000	0.31781384	0.01445825	0.23266794	-0.00916345	0.21351114	0.26975403	0.03154346	0.23018459	0.15993796	0.23070001	0.11889261	0.05894736	0.01354623	0.02805764	0.10176349	0.21944449	0.04732584	0.12147771	0.23415728	0.08788008	-0.00768071	0.12266855	0.25448137	-0.07040301	0.03945783	-0.10506124	-0.03444409	0.11105985	-0.03366322	-0.04579333	-0.01081296	0.03924604	0.02581050	0.20920039	-0.08790559	0.13683209	0.16988387	0.07899855	0.06817899	-0.08254667	0.01941420	0.19427937	0.03419821	0.31525901	0.25396870	0.00766994	-0.00161234	-0.02255758	0.12259484	0.07892548	-0.01494600	0.12273128	0.06629855	0.10425639	0.06422133	0.05208349	0.07362909	0.19065680	0.15972498	0.32578622	0.27109093	0.40754323	0.28382688	0.29313916	0.07352796	0.24998541	0.34716497	0.28581680	0.25140076	0.32555365	0.40849590	0.41038639	0.43962297	0.38507227	0.36775258	0.25330641	0.28164007	0.37263141	0.48270190	0.39006162	0.11797835	0.29939978	0.41771168	0.22753487	0.24096321	0.38588706	0.29747649	0.45121637	0.30441425	0.43960323	0.33853885	0.35698548	0.25089962
17Networks_LH_SomMotA_13	0.05344580	0.02945911	-0.16035138	-0.04769811	0.03633428	0.08420546	0.00421548	0.23247385	0.06526001	0.10417693	0.04169847	0.11678618	0.24042663	0.08625948	0.00127438	0.05611715	0.10542261	-0.04365262	-0.04600041	0.17003431	-0.09242596	-0.01788589	-0.01132335	-0.02697749	0.38056280	-0.02059274	0.13027467	0.30373875	0.27370796	0.20565591	0.29733649	0.39367063	0.54578513	0.40701453	0.28979151	0.37993296	1.06428484	0.00601187	0.13439957	0.26681540	0.46635520	0.06353068	0.45964497	-0.13300287	-0.18318606	-0.02513129	-0.03910697	-0.05281389	-0.28577267	-0.11500525	0.23696631	0.16941824	0.16172868	-0.09632033	0.10000358	-0.08947182	0.14998465	0.31589956	0.05204030	0.12174127	0.19745994	-0.00658762	0.08339745	0.22373767	0.17918914	0.21040810	0.34499564	0.35059172	0.45232296	0.53381710	0.33198119	0.43015261	-0.06673785	0.15258216	0.18099796	0.46984267	0.58267419	0.48923109	0.05278573	0.15271392	0.04099725	0.12879065	0.33497361	0.23132697	0.29628728	-0.04893655	-0.06084282	-0.07394362	-0.04943215	-0.11025339	-0.04451541	-0.03611614	-0.00367670	-0.03155521	0.30190084	0.21844896	0.07434789	0.34290089	-0.00233981	0.20120187	-0.06583950	0.12625824	0.15217195	-0.24953255	-0.10712904	0.10738620	-0.11619862	-0.04861323	0.07454174	0.14264318	0.00175337	0.09962387	-0.27540069	0.15298637	0.30230058	-0.00822041	-0.03505199	-0.03657112	-0.01156788	-0.00467841	0.18705663	0.32506326	0.00134622	0.23673333	0.30070675	0.16525685	-0.04059736	-0.13508330	-0.04746367	0.12302122	-0.01669326	-0.10946507	0.06374468	-0.07718540	-0.15694287	0.02508840	-0.02271158	0.32074666	-0.15187113	-0.14951470	-0.10263356	-0.06135572	-0.12731332	-0.01006549	0.04224134	0.18791333	0.08237302	-0.00305688	-0.12764824	-0.04279364	-0.10579456	-0.13538497	-0.19499605	0.02672837	-0.00973496	0.07291302	-0.05070565	0.13888017	-0.01158717	0.03650270	-0.04369860	0.05808625	0.03859352	-0.08916315	-0.11132857	-0.19385831	-0.02925103	-0.16275449	-0.18288689	-0.01664687	-0.19371386	-0.00713264	0.12011340	-0.11484639	-0.06164599	-0.13190025	-0.15791844	-0.11977827	-0.26321290	-0.09656096	-0.17134930	-0.07455820	0.09080399	-0.19988124	-0.15171608	-0.11543438	-0.05505316	0.09190322	0.14323450	0.04341912	0.05226414	-0.05069751	-0.18312589	-0.04616945	0.05352519	-0.04209719	-0.11720803	-0.17342652	0.10283030	-0.16417696	0.09540190	-0.08203995	-0.04708933	-0.12414482	-0.12808090	-0.03307402	-0.07059054	0.15234907	0.02585652	0.19330625	-0.06927960	-0.04223256	0.03668024	-0.03856912	0.06963483	-0.01175498	0.06086231	-0.05722819	0.06044282	0.00751270	-0.13400066	0.01165093	-0.05066495	0.21068791	-0.01730522	0.17918334	0.45004395	0.31769359	0.33003412	0.42585150	0.36539190	0.29564448	0.33812011	0.33732751	0.48291256	-0.05725624	0.09728208	-0.00405612	-0.01559884	0.33065884	0.00087641	0.18227025	-0.07155685	0.13759339	-0.01566495	0.05233155	-0.13135259	-0.03840055	0.05777721	0.03994280	0.08989755	0.08829771	0.11140430	0.13045267	0.27923629	0.11435072	0.31305825	0.27213271	0.21118825	0.04481377	-0.02431613	0.27009347	0.04315595	0.02272281	0.08063804	0.17592067	0.25939761	0.30866662	0.39131022	0.40609088	0.43641852	0.35181046	0.15135416	-0.02366941	0.12018845	0.37486146	0.31656728	0.53610902	0.18213133	0.08766376	-0.12430154	0.20621053	0.41696542	0.30393706	0.10998115	0.00752720	0.02606908	0.08997645	0.09871234	-0.07395802	-0.05888743	-0.04018472	0.01609654	-0.00609177	0.12133889	0.15028128	0.00930990	0.23161216	0.19589772	0.22875860	0.32487508	0.14992997	0.06831944	-0.03486918	0.02792375	0.04533373	-0.13984219	0.04893855	-0.04184775	-0.02137520	-0.11256523	0.04912396	0.01441342	-0.02731136	0.05076715	0.18626094	0.18459539	-0.10625649	0.05605404	0.00123107	0.27286647	0.11640246	0.07984944	0.16930611	0.26792683	0.12644588	0.07374368	0.39173593	0.01245401	0.04296983	-0.05129209	0.02032203	0.04921371	0.02496038	0.11677107	-0.00318112	-0.07015624	0.00442179	-0.10800341	-0.02818134	-0.09126565	0.06305482	-0.03582800	-0.04133550	-0.04319308	-0.10612299	0.23533555	0.09454113	-0.00652641	-0.03661464	0.02996455	-0.04477488	0.05743836	0.01573915	0.23018425	-0.00255763	0.04193373	-0.06271542	-0.10602971	-0.04107421	0.00723519	0.03231272	0.08817258	0.02709911	-0.01811707	0.03560228	0.01040653	-0.00965190	-0.03143220	-0.11508077	-0.01480573	0.01959420	-0.05441598	0.00175647	-0.10934480	0.14751831	0.10794472	-0.02199702	0.10758798	0.09255584	-0.02194905	0.14936704	-0.02194605	-0.00687751	-0.01914436	-0.06587069	0.16711015	0.06090588	-0.00267928	0.09718534	0.21232010	0.10477905	0.05428011	-0.01554331	0.01529568	-0.00720467	-0.14658969	-0.01563768	-0.04546254	-0.05567701	0.14509465	0.01230262	-0.01133187	0.14215332	0.13669465	0.00531877	0.05395605	0.19014931	-0.14358690	0.01250967	0.04112047	0.17515436	0.12201867	-0.03632378	0.06323166	-0.03872045	0.13666953	-0.07402661	0.03458492	-0.00857390	0.08614558	0.13703025	0.10665816	0.12689918	0.05442076	0.04932983	0.04820589	0.04005718	0.02114229	0.07915925	0.05475189	-0.07376453	0.03756497	0.01722496	0.21313772	0.01203378	0.22927256	0.08485379	0.09804025	0.09938857	0.03267269	0.00993392	0.04136481	0.03772397	0.02502948	-0.01419386	-0.06223280	-0.07315702	0.07800609	0.22992748	0.31622873	0.13678830	0.23029999	0.26832380	0.06794131	0.08323157	0.12798231	-0.17924253	0.06265190	-0.10437677	0.06320345	-0.04011028	-0.03699899	-0.10120137
17Networks_LH_SomMotA_14	0.44464375	0.42203290	0.33897277	0.49969002	0.19052957	-0.02009053	0.35467710	0.15545285	0.21172922	0.09838040	0.34063635	0.21927559	0.22043203	0.33724266	0.46871445	0.03091857	0.04404146	0.38409605	0.05245352	0.07594869	0.22160571	0.11282402	0.17813363	0.03586213	0.09252218	0.10087128	0.15938644	0.17789411	0.23430673	0.16262512	0.12898790	0.06793663	0.09794142	0.13485618	0.25488690	0.28518068	0.00601187	0.97231202	0.61208969	0.19244744	0.31478711	0.46172091	0.33070518	0.17260579	0.06785141	0.04040256	-0.05445518	-0.00728746	0.08267919	0.05021624	-0.01040041	0.13972228	-0.08737891	-0.01309483	-0.02093633	-0.15547152	0.05651696	0.10486528	0.16155103	0.36514223	0.25200123	0.39345665	0.19546985	-0.01103244	0.28166352	0.08395661	0.19301433	0.20968637	0.19526446	0.14352009	0.17526699	0.29565692	-0.11342430	0.11473494	0.00709869	0.05881143	0.12357476	0.19307724	0.45136417	0.35164766	0.61474581	0.20098511	0.17567729	0.18679917	0.15435173	0.17856550	0.21900834	-0.16551698	-0.09544514	-0.14066872	-0.08395280	-0.04052824	0.17330991	0.16848111	0.01919293	0.09060741	0.29355575	0.12338795	0.27026456	0.42737024	-0.11338548	0.12619248	-0.07778328	-0.07359526	0.17917968	-0.03386412	0.06579579	0.17459493	-0.06630769	0.34384672	-0.05151151	0.04516991	0.20068632	-0.10506731	-0.11524425	-0.14716854	-0.16506449	-0.05462460	-0.12209252	0.01671799	0.12122821	0.27002804	-0.11635130	0.19353762	0.06445038	0.03127484	0.32736830	0.13020952	-0.10283953	0.09279966	0.25553020	0.11414005	0.00205535	0.22578049	0.19542902	0.26700105	0.20637954	0.06418586	0.37946358	0.17795511	0.22355261	0.15438866	0.28994401	-0.13586504	0.11338974	0.30814311	-0.12308869	0.00705598	0.32307169	0.25885143	0.12993282	0.15341755	0.31935333	0.30230313	0.35675731	0.16920496	0.05200107	0.22519726	0.42991456	0.22652517	0.36702284	0.19111945	0.37932015	0.18301549	0.21648689	0.05617745	0.15695740	0.14908848	0.03889238	0.37497389	0.19998331	0.28591396	0.34705496	0.34742275	0.42180945	0.35994245	0.24546788	0.29848826	0.27802638	0.38950401	0.20878111	0.32296588	0.28121811	0.29649713	0.33534490	0.35249527	0.32887306	0.08409537	0.20049021	0.17510993	0.04442293	0.21800508	0.16872409	-0.09888999	0.32952448	0.11249358	0.19731038	-0.04449847	0.09162758	0.24201674	0.30750417	0.32607302	0.27515892	0.42015720	0.28359493	0.21363993	0.36632184	-0.01118628	0.08508379	0.14988794	0.23586939	0.26290256	0.17934136	-0.00900452	0.33473497	0.30348013	0.06052497	0.28288821	0.17282758	0.10340570	0.24850753	-0.05052654	0.15658741	0.16376547	0.00476805	0.08621444	0.08822433	0.08358324	0.16824992	0.09630678	0.19661106	0.23972728	0.17633345	0.09722920	0.22614270	0.55462550	0.29752587	0.36099304	0.47655528	0.28909800	0.50365962	0.36006454	0.41446043	0.12327000	0.06402795	0.09978872	-0.06616979	0.23414622	0.03996285	-0.00316339	0.16694024	0.05134736	0.19500924	0.14333996	0.10368772	0.01918808	0.09759139	0.16487695	0.23307787	0.37102450	0.27863691	0.23629523	0.38544189	0.15538371	0.19280717	0.13878796	0.12235409	0.22301840	0.26876749	0.21038414	0.24362539	0.25764262	0.06847713	0.00739900	0.02339393	0.08217288	0.14606482	0.05783003	0.33211656	0.44055897	0.57226462	0.21830523	0.15363114	0.17538644	0.03456135	0.06708522	-0.08341989	0.02399209	0.06678699	-0.18170364	-0.06345292	-0.17532317	-0.03063022	0.07413803	-0.21223459	0.13393935	0.35730128	0.04597567	-0.00182818	0.16433275	0.11360593	0.27714331	0.22545520	-0.13002720	-0.11655960	-0.09255181	-0.01896738	0.23604401	-0.01374635	-0.14310819	0.03967789	0.03497348	-0.00490482	0.18895862	-0.07532759	0.04850000	0.08023600	0.14692639	-0.07375993	-0.00468937	0.06199569	0.04623346	-0.17382939	0.12777981	0.15937842	-0.10251590	0.04021478	0.10855642	0.32237835	0.10582527	0.13970519	0.06940679	-0.05513583	0.18830037	0.08742914	0.13481195	0.22723391	0.17491452	0.00752647	-0.18653313	-0.03731577	0.12314318	-0.03954110	0.08640116	0.32837587	0.21327426	0.12961243	-0.06658558	0.10199612	-0.05031416	-0.18354437	-0.14444764	0.39514099	0.11376927	0.22879722	0.05101138	0.02246859	0.26609612	0.23715830	0.16589729	0.43615643	0.40747917	0.32358945	0.38972826	-0.08579164	0.11532397	0.08543766	0.31408114	0.30837248	0.12925230	0.41314473	0.29042130	0.09038560	0.16955746	0.18764599	0.05504132	0.39646582	0.10059468	0.26714774	0.16979623	0.15951768	0.19697364	0.17887158	-0.02776908	0.18383256	-0.02441310	0.16230050	0.12167820	0.14563228	0.11017920	0.05504341	0.06269608	0.07011408	0.20585138	0.19128291	-0.12531474	0.05994652	0.01706981	0.25384480	-0.02395367	0.01164106	0.09546081	0.07264942	-0.02220342	0.08806871	-0.06424271	0.14743184	-0.01330913	0.14644173	-0.00558587	0.03849918	0.04950099	0.09988637	0.08703911	0.01297404	0.25204917	-0.04346535	0.07475994	-0.04657684	0.20217960	0.06131492	-0.02609872	0.06486947	0.08501219	0.10061704	-0.09979439	0.03952968	0.09023582	0.07133224	0.16970698	0.16266214	0.24641180	0.48403771	0.35841927	0.18136762	0.19118038	0.09116254	0.38916958	0.31568430	0.27574406	0.35974963	0.38312776	0.45971388	0.37925707	0.44897034	0.37578222	0.23371950	0.38966469	0.30956343	0.21688196	0.18506900	0.19370992	0.09671782	0.23347702	0.20129255	0.14424226	0.27376846	0.31984981	0.43653432	0.30850676	0.37301601	0.26714406	0.28681009	0.22348321
17Networks_LH_SomMotA_15	0.52470802	0.48926321	0.38584961	0.55395255	0.20448944	-0.05885787	0.38060831	0.26731464	0.23151645	0.18513275	0.30951515	0.32852408	0.35251771	0.54406171	0.52900036	0.13267971	0.21844749	0.34020799	0.11806448	0.24467649	0.20745426	0.12872758	0.26281242	0.18767630	0.32235210	0.24027190	0.31298651	0.44061241	0.40460485	0.34063909	0.37997394	0.24480233	0.38266792	0.39550035	0.49429466	0.45732435	0.13439957	0.61208969	0.99235110	0.43225190	0.42087493	0.56938956	0.47180833	0.23225504	0.08506514	0.01887578	-0.03545155	0.08142590	0.04219248	0.10990854	0.17621700	0.27504743	0.08902278	-0.04098495	0.06568085	-0.16446222	0.08353216	0.22874920	0.29286310	0.38661682	0.36723581	0.40667703	0.29696409	0.08111900	0.36897827	0.11274991	0.34138513	0.36053239	0.32151949	0.26011413	0.34806813	0.47766384	-0.08033871	0.13853631	0.03114606	0.23896632	0.38098600	0.40817005	0.47700997	0.41901545	0.57683982	0.33065154	0.28551237	0.28655428	0.28157303	0.19390196	0.16220930	-0.08734670	-0.04801664	-0.17193217	0.05028056	0.08033502	0.31105083	0.20359624	0.22529249	0.23634173	0.37277683	0.38519766	0.35274545	0.62099676	-0.06359275	0.21607546	-0.02417372	-0.02898394	0.12579726	0.07127399	0.10452196	0.24246955	-0.04321446	0.39777034	0.02256885	0.07754492	0.13079854	-0.05535863	-0.04446429	-0.18751816	-0.20677708	-0.03119620	-0.10439136	0.02806392	0.18175490	0.39541176	-0.00239077	0.32505803	0.17351540	0.12007288	0.38364853	0.20483193	-0.03761470	0.14067486	0.21694289	0.07857422	0.11555274	0.31186024	0.28254286	0.32648209	0.24369287	0.16320733	0.37564667	0.24490727	0.20546712	0.17047159	0.31203559	-0.13976805	0.16650131	0.25953886	-0.09064794	-0.02650842	0.23947305	0.23394552	0.06250684	0.16988089	0.19246584	0.24978447	0.25071303	0.07090425	0.05326523	0.31067914	0.33116782	0.10701285	0.31302539	0.15754168	0.30237529	0.14302062	0.29440678	0.06353754	0.17343593	0.13853344	0.01847968	0.25158575	0.16966839	0.25228879	0.32651548	0.32747291	0.42300552	0.38091162	0.26644646	0.38675626	0.30912926	0.52346645	0.25875156	0.37604209	0.38109536	0.22599864	0.32061138	0.40506853	0.39011397	0.14314975	0.21109547	0.15945824	0.02167820	0.24259882	0.18281894	0.05522692	0.33555052	0.20940249	0.11729492	-0.03430077	0.11623883	0.08930440	0.48540493	0.32490247	0.35211917	0.45251433	0.19459667	0.21573402	0.38380306	0.08631302	0.09734474	0.27917670	0.17032126	0.32968737	0.34410837	0.12022874	0.44878599	0.45545226	0.17505262	0.31325037	0.30127357	0.24721126	0.24699651	0.11716299	0.23596433	0.28039302	0.20102892	0.32171603	0.39332810	0.28757732	0.43718008	0.38534540	0.44324704	0.48179674	0.40879772	0.34466814	0.46757213	0.53150784	0.33843455	0.41036852	0.47244348	0.45835500	0.63865433	0.56385807	0.46791801	0.25120437	0.22675721	0.22372777	-0.01609203	0.30106294	0.18843514	0.03637017	0.32760032	0.14453076	0.31755436	0.28083532	0.24756128	0.11750521	0.26996912	0.36028044	0.31985750	0.47524726	0.33424887	0.41617275	0.38107428	0.25285624	0.32495316	0.28258113	0.27355217	0.36251985	0.38668457	0.35505526	0.36348953	0.36209775	0.16893438	0.07864977	0.10672355	0.28032481	0.26670410	0.30381011	0.40702142	0.47016613	0.49293149	0.38380818	0.34137151	0.34982374	0.13851133	0.14257781	-0.00210420	0.11359028	0.13175878	-0.05493466	0.05235563	-0.10991342	0.07235794	0.15288482	-0.16823945	0.31307905	0.35523201	0.19140145	0.09583476	0.27513021	0.32053323	0.46943543	0.30437106	-0.11637772	-0.01483081	0.01074441	0.04422173	0.32467696	0.09461609	-0.10231175	0.05231994	0.19518317	0.09558865	0.29297791	-0.08453111	0.09071931	0.16507937	0.07273188	-0.03268381	0.02849353	0.10862899	0.05628198	-0.15355117	0.08387437	0.31459419	-0.02075005	0.06378821	0.29482185	0.33442733	0.21258571	0.12272259	0.19388444	-0.05835516	0.17972663	0.17109383	0.23275839	0.31107260	0.13671939	0.05486549	-0.11954918	-0.04311911	0.20190053	0.05595423	0.14521563	0.39442000	0.26035323	0.22631433	0.06816431	0.16628627	-0.00515178	-0.15833569	-0.09149251	0.32977042	0.06449142	0.19318839	0.10844715	0.09176439	0.21964419	0.21503428	0.16860726	0.43646987	0.39886990	0.31315886	0.32125267	-0.10972840	0.17452921	0.02841669	0.31850743	0.26844833	0.12189628	0.38243116	0.34876804	0.19177327	0.24751688	0.14398078	0.09750326	0.45636543	0.16827442	0.29698701	0.29698922	0.24291565	0.24467403	0.22087421	0.05816092	0.13675314	0.00483161	0.19776781	0.10665990	0.19366402	0.13363945	0.08751249	0.09864348	0.18901316	0.27285152	0.15752227	-0.03895970	-0.02003184	0.05215927	0.24903414	0.00066034	-0.09681515	0.05430417	0.10102688	0.01464391	0.18049700	-0.05465258	0.25557312	0.17357692	0.16771056	0.09999085	0.08836134	0.06183008	0.21744260	0.19516373	0.25543322	0.33335782	-0.03962820	0.01658087	-0.00862000	0.24418491	0.16615501	0.01522552	0.17093208	0.17581026	0.20843963	0.03610972	0.05714107	0.25007950	0.19998222	0.31071513	0.29831984	0.39289186	0.55205747	0.36894660	0.38559599	0.19474168	0.08765573	0.48708316	0.36071969	0.25176069	0.38190385	0.46673628	0.49479498	0.50202540	0.52072727	0.47012845	0.29045145	0.43496012	0.45883520	0.43639508	0.35445903	0.14061959	0.21557219	0.46621288	0.23292672	0.26847815	0.30247629	0.43181696	0.54728503	0.36746098	0.46368313	0.36096073	0.36156836	0.26358552
17Networks_LH_SomMotA_16	0.23341195	0.23368635	0.21124152	0.31942779	0.08029917	-0.11288102	0.18038644	0.15667075	-0.00767719	0.00238184	0.15328426	0.18355201	0.25224093	0.47051902	0.21332636	0.02906121	0.25848352	0.03873179	0.14983308	0.27421338	0.04764418	0.03392015	0.16784903	0.17315848	0.29674382	0.27811596	0.22419001	0.48268122	0.25131373	0.28616533	0.28946489	0.50212524	0.56331428	0.61240017	0.42719817	0.55038364	0.26681540	0.19244744	0.43225190	0.97353879	0.17974364	0.16515984	0.36825968	0.16686946	0.04716209	-0.07484605	-0.09967839	0.04036348	-0.06144077	0.06293415	0.31165463	0.39819527	0.17750623	0.03532973	0.08973125	-0.10675420	0.22744927	0.38737665	0.24365865	0.26931323	0.26909607	0.23770178	0.18921652	0.19025912	0.23670310	0.13491542	0.41350665	0.35599830	0.38226174	0.31747610	0.49626048	0.48607921	0.10070289	0.19020515	0.14438877	0.45488827	0.54335683	0.39914200	0.26990901	0.22233081	0.19151533	0.34036905	0.38350749	0.28248063	0.30806499	0.04229547	0.05478652	0.09359682	-0.03733324	-0.32026332	0.10872852	0.02670333	0.19426707	0.18820580	0.38687528	0.28403993	0.12560100	0.43364008	0.27120254	0.54791557	0.13021558	0.41953423	0.23360003	-0.06040297	-0.02682182	0.28415118	0.17521042	0.18001848	0.02648954	0.15158918	-0.01324386	-0.02322005	-0.09004294	-0.02569370	0.03570520	-0.15761008	-0.16821475	0.00712012	-0.01049021	0.04921985	0.12283567	0.33920146	0.14961587	0.34133183	0.40000717	0.25459868	0.27531976	0.09951306	0.15111770	0.25174368	0.02138578	0.06572000	0.12547719	0.10293666	0.14899597	0.23336481	0.18527088	0.31468904	0.11256411	0.02222335	0.02269030	0.16374179	0.06394149	-0.03944346	0.15051912	0.19628383	0.11106895	0.02548849	-0.04927626	-0.00652232	-0.03146539	0.04059903	-0.07686634	-0.04390105	-0.02549275	-0.04837221	-0.08782674	0.18494077	0.03278635	-0.06070635	0.05358663	-0.00864077	0.07544572	-0.05340931	0.11202738	-0.08735377	0.06159716	-0.12504087	-0.19907060	-0.04363282	-0.09322252	-0.04376455	0.12340724	0.03947113	0.13656947	0.10677598	0.14766457	0.20606642	0.08457141	0.43692333	0.03815520	0.14703697	0.13041570	-0.00347930	-0.03885187	0.14316876	0.13259731	0.06196609	0.20255654	-0.00033292	-0.06146255	0.03617015	-0.08069169	-0.00844723	0.20904269	0.09895473	-0.07841290	-0.07066761	0.00757310	-0.11917542	0.41698777	0.16858338	0.20081642	0.20774296	0.06962241	0.23684197	0.11905604	0.15895016	-0.00510454	0.33177721	0.05230416	0.12365545	0.23486285	-0.00871692	0.29246394	0.28311757	0.12448194	0.09842438	0.20009378	0.21491161	0.05239669	0.22245696	0.10493625	0.35793330	0.22826417	0.32598503	0.47855294	0.31649148	0.43525336	0.44353665	0.37495614	0.42539171	0.41957576	0.40398484	0.53194132	0.21364636	0.15054859	0.03118357	-0.02451309	0.36784030	0.30969271	0.44689993	0.31296049	0.20148183	0.16714418	0.11087536	-0.06780981	0.04921433	0.19849727	0.05818969	0.16234558	0.03042370	0.16443844	0.10218683	0.23758778	0.17557308	0.38293103	0.43119576	0.35359652	0.36177818	0.22923140	0.38830825	0.09645368	0.06372878	0.25835675	0.24780312	0.21408925	0.28445470	0.38346421	0.27994935	0.32910402	0.34688579	0.16333565	0.16736929	0.18902359	0.35371105	0.32507068	0.32302672	0.29831972	0.11917647	0.07873396	0.21535785	0.37543447	0.48277258	0.13380669	0.09967952	0.17477172	0.13795116	-0.07780385	0.03470944	-0.04595912	-0.07880029	0.07957119	0.10036803	-0.04160356	0.20946627	0.11798516	0.23355415	0.15480739	0.22576798	0.31492498	0.49880946	0.27345203	0.02399753	0.07729562	0.18296040	0.04515988	0.33954939	0.09628330	0.04045341	-0.01537378	0.20855512	0.13511901	0.15467303	-0.05423950	-0.04905607	0.07285201	-0.14925529	0.03356288	-0.06182828	0.29301514	-0.00060561	-0.00916247	-0.00651697	0.25757166	0.17674701	0.08588167	0.40754504	0.09279601	0.09163276	-0.02165229	0.14842701	-0.02771521	0.06783887	0.09640174	0.14297433	0.21402399	0.06973884	0.01925799	0.09108772	-0.08728144	0.20685308	0.09043417	0.06990431	0.21328303	0.03586865	0.15128473	0.20091801	0.07669819	-0.01832141	-0.12966457	-0.02062079	0.04194741	-0.02889619	0.10494633	-0.03540130	0.09396071	-0.01457250	0.03561524	0.01156867	0.16345060	0.13532899	0.06060016	0.04896954	-0.10573899	0.13093871	-0.04457602	0.12424626	0.00014051	-0.00212041	0.09604123	0.25526398	0.05337635	0.09561704	-0.05681022	0.25484363	0.28104468	0.07157729	0.19240365	0.19493425	0.32239048	0.09838542	0.06913743	0.06531527	-0.05464516	-0.05013239	0.10388425	-0.07495638	0.02529882	0.02992035	-0.00839075	-0.00979483	0.18974075	0.21696702	0.01718757	0.02467165	-0.15175022	-0.03115857	0.10740335	0.03457650	-0.16003873	-0.09258338	0.02265584	0.04861281	0.19512942	-0.02429969	0.12523420	0.29606156	0.11727014	0.18930042	-0.00420876	0.05451103	0.23887072	0.05142962	0.25933300	0.24807609	-0.07633363	-0.01919517	-0.04837352	0.12423676	0.02191225	-0.04021035	0.06829206	0.12534178	0.10171863	0.09981669	0.05958319	0.14016646	0.18319305	0.18941006	0.22546469	0.22481956	0.32508462	0.30804722	0.38523541	0.02494658	0.03051173	0.32987333	0.30328663	0.08760399	0.21787804	0.24405580	0.26812015	0.31758001	0.26073452	0.23108294	0.06736589	0.07614634	0.26365966	0.46351618	0.46031219	0.02299158	0.27237006	0.45584567	0.22191063	0.22495303	0.25264398	0.30747278	0.32578703	0.12979201	0.24659040	0.18709211	0.15329366	0.01505161
17Networks_LH_SomMotA_17	0.16228624	0.15644324	-0.03936242	0.06734877	-0.02526444	-0.07045110	0.04468768	0.28812686	0.06784901	0.16106376	0.10069131	0.22240225	0.32916882	0.30617352	0.22178789	0.26623886	0.17740157	0.13807753	-0.03941605	0.20214086	0.00392297	0.14644101	0.11767484	0.15631762	0.42789097	0.04621078	0.19745268	0.33356524	0.44968944	0.31993478	0.43934931	0.19271141	0.38979147	0.27068855	0.37204173	0.31537972	0.46635520	0.31478711	0.42087493	0.17974364	1.05329986	0.46117593	0.59718474	-0.00868336	-0.03249031	0.10120152	-0.02086602	0.18240096	-0.23570540	0.08331978	0.14439787	0.18450073	0.26774639	-0.09214282	0.14317037	-0.11537430	0.07003331	0.21101504	0.12235873	0.24762257	0.35825801	0.03509138	0.04709518	0.15275499	0.26311626	0.08790046	0.27072957	0.26736061	0.32786569	0.43057519	0.23307595	0.33800467	-0.12079429	0.22539829	0.14503899	0.30165135	0.44329343	0.48590605	0.27876100	0.33161504	0.33492104	0.09146315	0.31135324	0.24750502	0.26432772	0.14306513	0.02377308	-0.07296081	-0.00396355	-0.14370424	0.05495536	0.08019442	0.18318739	-0.02937721	0.34811769	0.25484711	0.26527556	0.37153932	0.12670044	0.33840681	-0.09271247	0.09635539	0.03126361	-0.11159097	0.04323149	0.12805662	-0.15450194	0.03163911	0.06770830	0.28519590	0.04945787	0.06360105	-0.15351606	0.01507279	0.23024736	-0.10643063	-0.10092184	-0.05763155	-0.06533192	0.00589046	0.17870849	0.34207931	-0.01429726	0.18988464	0.24080401	0.06474933	0.08799053	-0.08998580	-0.15656434	0.02869988	0.02758694	-0.05640604	0.07251206	-0.00789842	-0.03031959	0.07304762	0.04128700	0.18340077	0.08344145	-0.08118619	-0.04519885	0.01547022	-0.02001261	0.01519989	0.12838859	0.21948885	0.06865663	-0.03855360	0.08186456	0.09617539	-0.00225918	-0.06733508	-0.03706768	0.17444650	0.15605394	0.14807038	0.13662615	0.24763776	0.14927846	0.09375330	0.04506298	0.08313154	0.11248328	0.00771660	0.06824065	-0.06302024	0.07844633	0.00993678	-0.03844040	0.14021772	-0.12458750	0.10395836	0.23181057	0.10316144	0.05657298	0.05364452	-0.00855235	0.01613203	-0.10850718	0.05687072	-0.00157009	0.10476607	0.23084683	-0.03657523	0.00207710	0.07486324	0.09423209	0.15194442	0.11877877	0.11400945	0.10534506	0.09714656	-0.01622287	0.12513849	0.00975226	0.02554526	-0.02946228	-0.11855277	0.11101516	-0.02269049	0.20570836	-0.01520715	0.09237420	0.03431340	-0.12670346	0.00334142	0.06993819	0.04235524	-0.05846891	0.18364528	-0.07978006	0.11274238	0.21081871	0.08237758	0.16257169	0.18240098	0.11953318	0.08886998	0.12625571	0.07760361	-0.03749911	0.08822418	0.04349092	0.14446807	0.07664322	0.23149077	0.40874806	0.36374969	0.34137689	0.37838049	0.38488705	0.38098150	0.37807217	0.31352975	0.39735974	0.22024603	0.28217241	0.36084164	0.35027029	0.43012802	0.32671048	0.30529386	0.05993293	0.18113161	0.13241409	0.32684974	-0.04057021	0.19447814	0.12381508	0.06442548	0.40479193	0.17705158	0.37550198	0.35257380	0.28385260	0.11647770	0.23950230	0.31200917	0.32070874	0.23308949	0.03955562	0.32797025	0.19858066	0.18577643	0.13677612	0.23865906	0.29312767	0.31637199	0.30251205	0.35642529	0.33528868	0.30258535	0.17471121	-0.06330726	0.06745656	0.30801600	0.22782116	0.34104023	0.32837733	0.32470611	0.18015977	0.34929691	0.35391245	0.24164800	0.16616456	0.13992465	0.00398210	0.03216329	0.13319418	-0.00515237	0.09518923	-0.00968926	0.14935107	0.13924651	-0.02869353	0.26845898	0.32841791	0.30959605	0.12794494	0.26835125	0.30440803	0.18694655	0.06115838	-0.10683355	-0.03446249	-0.09595053	-0.10084622	0.07197461	0.00481930	-0.04291548	-0.03375066	0.18954646	-0.01698225	0.13938484	-0.07160026	0.21610054	0.17222206	-0.02954030	-0.06909171	0.07813878	0.20206636	0.06560348	-0.05726908	0.19953047	0.31193497	0.00756270	0.04624154	0.29003612	0.22467322	0.01412925	0.00170535	-0.04963303	-0.04911531	0.05698630	0.19826437	-0.00726446	0.02792752	-0.03416963	-0.16091110	-0.13827048	-0.00948076	0.06626165	-0.13964690	-0.04988670	0.09447553	0.00628545	0.22271586	-0.00823129	0.01270272	-0.11895531	0.03964866	-0.03755737	0.19800737	0.09273453	0.23483506	0.14978901	0.09983473	0.13852926	0.01683611	0.00404780	0.18960432	0.25261226	0.21353006	0.20057307	-0.01405172	0.13198330	0.10014063	0.14201782	0.11188031	0.03652385	0.16901635	0.03264384	0.05590127	0.13476023	-0.03312523	0.08437188	0.19383841	0.01615006	0.08456522	0.15243411	-0.02973239	0.23631627	0.09097950	0.03820439	0.08227126	-0.03699150	0.13698303	0.11486854	0.10084409	0.20312713	0.06725895	0.10152247	0.08769583	0.11660331	0.06945705	-0.00179652	-0.02299413	0.03926872	0.07151500	-0.04866195	0.03550025	0.08673432	0.01735501	0.09010162	0.20765549	-0.02779861	0.18255714	0.17984879	0.01029494	0.01400359	0.04709854	0.17474527	0.07629282	0.06973911	0.08361532	0.07489334	0.18503632	0.03240892	-0.00632550	0.14060508	0.23238187	0.17554247	0.18216616	0.09188579	0.14873305	0.00080238	0.16604554	0.06462691	-0.01298486	0.16282760	0.06804515	0.04289413	0.36936777	0.18204802	0.26594925	0.18638145	0.30761727	0.31688898	0.24273371	0.29472632	0.10924246	0.22058596	0.21867805	0.20407329	0.17753097	0.13549621	0.03669897	0.17444444	0.21726164	0.29331733	0.30991856	0.32037901	0.25592285	0.43673868	0.15155526	0.24314184	0.19307967	-0.08194504	0.21959635	-0.05116085	0.14917079	-0.00596616	-0.00261498	0.02733503
17Networks_LH_SomMotA_18	0.29429877	0.36459403	0.07779820	0.30532909	0.14559256	-0.13360986	0.14394709	0.15810039	0.05594051	0.15649503	0.21120965	0.18445968	0.37576921	0.46408577	0.42209974	0.30504762	0.30483391	0.28031589	0.27270783	0.24887744	0.29918967	0.32783500	0.35471075	0.40952455	0.40528986	0.26712594	0.26983626	0.39731088	0.35933775	0.39472486	0.33021658	-0.01331539	0.19541155	0.20845329	0.42748778	0.20074360	0.06353068	0.46172091	0.56938956	0.16515984	0.46117593	1.03423001	0.31704076	0.16914936	0.12897235	0.19065048	0.06222576	0.19610700	0.04996869	0.17025610	0.05187773	0.02632257	0.11998553	0.04907292	0.07647561	-0.05147162	0.04777832	0.04364975	0.14534120	0.33963722	0.39970437	0.23021272	0.13660230	-0.05118034	0.25703509	-0.01836798	0.23273351	0.26404011	0.23260470	0.07717314	0.17695086	0.30225350	-0.04223463	0.07876119	-0.01001415	0.03516360	0.14942971	0.44576566	0.37968869	0.48574999	0.51815787	0.19146640	0.17091154	0.24839632	0.19056577	0.31413451	0.15718990	-0.01732372	0.11420407	0.08173974	0.08908222	0.24402679	0.40560333	0.18696964	0.15441279	0.26235086	0.44567610	0.34787602	0.27724910	0.32271404	0.00181754	0.16436889	-0.05080934	0.02770179	0.18639587	0.02693290	0.10167952	0.28480476	-0.07415629	0.36659791	-0.06995404	-0.04605475	-0.00321139	-0.12724931	-0.03524864	-0.20290454	-0.17672204	-0.05315796	-0.10477460	-0.02867098	0.09337355	0.29905926	0.00731206	0.25793025	-0.02593875	0.10426057	0.24149910	0.15146755	-0.04529446	0.05220796	0.25181800	0.07411342	0.20584400	0.21624141	0.22159156	0.14510885	0.19697645	0.12546826	0.27102258	0.19727824	0.09827602	0.15483008	0.22836590	0.02434802	0.18902552	0.18192471	0.04091858	0.09224592	0.14776280	0.22114529	0.07897134	0.09559106	0.18194030	0.17602948	0.17339523	0.09097424	0.09237523	0.37760716	0.21036192	0.08932841	0.16611565	0.15547975	0.19468404	0.14447696	0.16607245	0.13855262	0.10296862	0.08568337	0.01547648	0.15640285	0.16624596	0.18813739	0.17156019	0.24836796	0.25269034	0.26719828	0.19156493	0.25983965	0.17796808	0.30485527	0.20533482	0.30781143	0.32867403	0.17244363	0.21046140	0.31417379	0.32429641	0.11857511	0.17062384	0.16860683	0.12774067	0.32591948	0.21643304	0.10610057	0.18548699	0.15021136	0.15714022	0.01813919	0.04567307	0.08599417	0.28773055	0.17932195	0.31282253	0.20191232	0.00457493	0.09074989	0.17394192	0.01342484	-0.06962779	0.17571136	0.11259775	0.23966401	0.32384479	0.15877688	0.42099442	0.44724167	0.25953158	0.39754071	0.22386466	0.29483088	0.31098640	0.20578638	0.32101717	0.10284361	0.21752983	0.37419250	0.25317697	0.19060505	0.26378527	0.22071903	0.39645944	0.45286481	0.27333666	0.22115282	0.30257474	0.43756496	0.51542255	0.68739742	0.60128023	0.29669370	0.50238225	0.47153072	0.36031707	0.34495242	0.34498573	0.44279354	0.17792752	0.37275624	0.17828379	0.16618532	0.48995584	0.18719805	0.28353001	0.41238658	0.27361877	0.12909834	0.08345741	0.22411686	0.36791809	0.37210841	0.17891778	0.26401991	0.18754038	0.24730835	0.20250548	0.21966734	0.27997555	0.23659012	0.24731684	0.31688185	0.26181382	0.23266482	0.14294736	0.02421354	0.07680475	0.17014107	0.09697925	0.17641188	0.39187918	0.51800543	0.45122288	0.37078373	0.18798331	0.17001301	0.12646015	0.24358693	-0.00109115	0.15022770	0.22894360	0.00841379	0.20302539	0.06165385	0.16754667	0.31302737	-0.10112295	0.44947805	0.46013643	0.26611031	0.16212625	0.29721108	0.33441928	0.27767860	0.19203045	-0.12494068	0.06671095	-0.05782045	0.05935669	0.22278157	0.15326444	0.00269867	0.14809565	0.34755077	-0.00599776	0.28607674	-0.14691000	0.13001963	-0.01210958	-0.06228595	-0.09425673	-0.05100855	0.03954586	-0.00848145	-0.11175920	0.09774284	0.28538105	-0.08941184	0.06815190	0.09328251	0.24592719	0.17835154	0.14617930	0.10946548	0.03977758	0.17548250	0.25737009	0.04256324	0.21943401	0.08351225	-0.01952770	-0.09755307	0.09889462	0.14119219	-0.00409850	0.07844005	0.25529526	0.20537899	0.15281487	0.01060058	0.16329802	-0.03715622	-0.02360291	0.06073653	0.27038546	0.05827397	0.14723659	0.09140737	0.15995851	0.16398086	0.13055385	0.15043846	0.34201795	0.31792238	0.25070016	0.26443970	-0.04262051	0.22925383	0.07816218	0.17074610	0.15912320	0.19443939	0.25274435	0.17888524	0.23609378	0.24732061	0.06453943	0.02831073	0.27849835	0.10742033	0.13471484	0.23426094	0.15405933	0.33117006	0.19343932	0.06951262	0.12708046	0.03940637	0.18330306	0.17507779	0.31066958	0.19992136	0.04060223	0.00891684	0.16434570	0.13350580	0.04463480	-0.07864389	0.01724826	0.06444702	0.21893166	-0.02875803	-0.11594463	0.17424529	0.03444079	-0.02019742	0.29214238	-0.10804669	0.28907810	0.16019115	0.09978231	0.04199484	0.14938225	-0.02538638	0.02316244	0.19643735	0.14863308	0.17124938	0.03847446	-0.00925239	-0.01132454	0.23180069	0.15994675	-0.08910884	0.12840999	0.17064569	0.09010501	-0.03335305	0.07731866	0.16491703	-0.00060399	0.22873070	0.17699166	0.28675322	0.43921860	0.25687610	0.28350307	0.21343690	0.08803852	0.39884006	0.38496783	0.20396310	0.22422553	0.32880608	0.33339250	0.32119077	0.34271520	0.25711807	0.06337286	0.31867720	0.33227638	0.27500609	0.25576085	0.29807866	0.18855839	0.44738010	0.25857087	0.20670495	0.23532955	0.23814492	0.41329887	0.18471895	0.31613966	0.13692257	0.08542322	0.06707399
17Networks_LH_SomMotA_19	0.22459028	0.29082675	0.10639853	0.17844984	0.03279222	-0.08048075	0.12485640	0.28915929	0.03790851	0.17770194	0.21489995	0.30898274	0.34470685	0.36146206	0.25890678	0.15084569	0.24551294	0.18086888	0.10231707	0.27719739	0.12562434	0.07424855	0.19323942	0.18338181	0.33263137	0.04846154	0.15856945	0.35150846	0.32003682	0.30444259	0.35018047	0.26749630	0.51178121	0.29515561	0.28767394	0.50455651	0.45964497	0.33070518	0.47180833	0.36825968	0.59718474	0.31704076	0.98593872	-0.03083405	-0.06960214	-0.10738243	-0.12279002	-0.03512260	-0.27736419	-0.01371636	0.23198354	0.21010673	0.27847131	0.02999515	0.10939682	-0.07418699	0.02473211	0.26210607	0.07167194	0.18401985	0.32775724	0.08544409	0.10011834	0.19910050	0.31886043	0.11320300	0.46327027	0.41883942	0.47236149	0.45788590	0.47163646	0.47924463	0.01143778	0.24324156	0.20359510	0.33750556	0.52465038	0.46963673	0.40908612	0.35000007	0.38095204	0.19277821	0.30093269	0.33144487	0.26829571	0.10003273	0.02687926	0.03430102	-0.02980848	-0.26955862	-0.04318597	0.03194610	0.19407529	0.03653029	0.40460752	0.38267825	0.27891054	0.44917843	0.10718734	0.44549610	-0.00442450	0.17232211	0.15498442	-0.24402251	-0.07582317	0.12365670	-0.14410800	-0.04306670	0.07609805	0.18407911	0.01401287	-0.02047036	-0.20868474	-0.00631835	0.16904496	-0.21015627	-0.14493438	-0.17458009	-0.13473527	-0.04852832	0.28988048	0.32503208	0.05156826	0.31416126	0.28205688	0.15532893	0.13466494	0.00756986	-0.06678196	0.13088362	-0.04834741	-0.07537732	0.09348268	0.00278970	0.00505790	0.10476679	0.09908124	0.28155019	0.04312279	-0.07475419	-0.05946949	0.03514468	-0.05954561	-0.08051161	0.13932163	0.19995854	0.04120351	-0.11158994	-0.06166467	0.03241531	-0.02565026	-0.07383771	-0.15379886	0.10188876	0.05478952	0.01566618	-0.00264254	0.16963450	0.10162311	0.03839373	0.04565480	0.03077591	0.11612673	-0.01749823	0.02780800	-0.13718387	-0.04832697	-0.12471112	-0.17317496	0.02125316	-0.11724074	-0.04697578	0.12761177	-0.01588519	0.07548461	0.01794512	-0.00544012	0.01061071	-0.07574356	0.17355721	-0.02853197	0.07827673	0.06698451	-0.09281713	-0.05189307	0.05202239	0.03389313	0.18063853	0.21378967	0.05587708	-0.00017060	0.09357952	-0.05122324	0.04902646	0.08877245	-0.02651012	-0.04675519	-0.11098878	0.10068359	-0.08285201	0.30088778	0.09174293	0.17601263	0.13937506	0.01005811	0.14173231	0.10430907	0.08140624	-0.00659604	0.21493985	0.05929779	0.17700071	0.22582705	0.11925231	0.27797941	0.21652679	0.11680392	0.17538670	0.16568340	0.16721618	0.10120052	0.22234639	0.11230978	0.25140346	0.07575277	0.25730512	0.37018727	0.38506787	0.32681718	0.42081989	0.34957004	0.40215239	0.37549390	0.28534919	0.58451796	0.30209109	0.21351191	0.18875533	0.29161971	0.55299456	0.37502890	0.43058981	0.08790956	0.25970861	0.17249743	0.22050742	-0.06927695	0.12428116	0.26201998	0.00280564	0.31851380	0.16717198	0.31136120	0.30873618	0.24669429	0.17560292	0.28691945	0.39111432	0.39804514	0.29251141	0.23414435	0.35215661	0.14425823	0.20947750	0.29729955	0.29037999	0.35878620	0.43627534	0.47323084	0.39145142	0.42787918	0.43930683	0.26871550	-0.00691380	0.20903468	0.49694871	0.36619086	0.37196313	0.44698679	0.31688099	0.15315123	0.38178200	0.51641758	0.46112281	0.22651359	0.21119909	0.19479411	0.04151386	0.06975067	0.06472712	0.06556454	-0.09244590	0.16363628	0.14092238	-0.00896471	0.32168521	0.21147186	0.41780465	0.20676124	0.38261840	0.44323220	0.32359704	0.06088481	-0.02064655	0.05482907	0.08042747	-0.12271513	0.22491982	-0.08720681	-0.07132726	-0.15292636	0.13401574	0.02461281	0.10523270	-0.15675917	0.16077845	0.15629970	-0.11091774	-0.04309125	0.02890423	0.17046351	0.00677170	-0.04954896	0.13491605	0.41305608	0.17195217	0.12712592	0.42663027	0.11978739	0.04366530	-0.12649932	0.02687976	-0.08690088	-0.04068477	0.15593397	0.03699665	0.14705763	-0.02431936	-0.07770818	0.00112810	0.06591131	0.21133747	-0.04512442	-0.04173369	0.07594556	-0.07560695	0.22767688	0.14012873	-0.00484038	-0.09857784	-0.06586839	-0.01764008	0.07468338	0.04226605	0.28859428	0.04997365	0.10230925	0.00748790	-0.06127316	0.01166203	0.12112936	0.15744975	0.14082865	0.08963134	-0.08794692	0.07927565	-0.06772105	0.11270452	0.05139754	-0.03017058	0.11484354	0.07226894	0.04027212	0.16427256	-0.14851618	-0.00388324	0.21015483	0.00904495	0.08044910	0.05798602	0.02233391	0.06382053	-0.06768963	-0.06224543	-0.03630390	-0.04076695	0.17334990	0.01858259	0.07894724	0.17608500	0.06070065	0.02360145	0.07617728	0.17042327	-0.06377434	-0.02615309	-0.20215397	-0.09838437	-0.05191971	-0.13026946	-0.02211731	0.01402284	0.01055339	0.05826733	0.19428974	-0.10562722	0.10174947	0.19675499	0.00674935	0.06639569	-0.02884007	0.10202956	0.11756858	0.04730277	0.21824662	0.17494536	0.07794313	-0.02446062	-0.04782337	0.05277667	0.24071682	0.09025610	0.06438129	0.07482888	0.14314727	0.10577252	0.12079282	0.10422902	0.08959888	0.24402258	0.23433220	0.20207135	0.34687196	0.19541473	0.31384280	0.08220987	0.26163054	0.34840521	0.23333726	0.23744345	0.12909679	0.20657269	0.24462160	0.22458664	0.15963457	0.12336875	-0.00612286	0.13774047	0.32325745	0.38718564	0.35760972	0.21091167	0.24630309	0.41390125	0.15057097	0.26707444	0.21371675	0.00186786	0.24481119	-0.02779785	0.18112649	0.00362451	0.06869925	0.04179554
17Networks_LH_SomMotB_Aud_1	0.23520603	0.24402638	0.42460282	0.41906972	0.00800042	-0.12850191	0.30391834	0.05364620	0.04890433	0.12895110	0.13874807	0.08434898	0.11422942	0.27045862	0.34535123	0.10917159	0.06207407	0.13670968	0.07223161	0.15716652	0.14323916	0.17317017	0.05148254	0.19680529	0.10072685	0.14116076	0.17250273	0.16939444	0.09679093	0.01218592	0.06236119	0.08937711	0.01337283	0.19408013	0.16879979	0.22544694	-0.13300287	0.17260579	0.23225504	0.16686946	-0.00868336	0.16914936	-0.03083405	1.16419887	0.59758575	0.23585721	0.27083356	0.16601997	0.33757667	0.36960932	0.31857578	0.31857952	0.19764153	0.18464440	0.23624735	0.08053632	0.23535559	-0.04249500	0.31180902	0.05927824	0.06976483	0.15905287	0.16645186	-0.01670267	0.07408895	-0.07372738	0.00309142	0.02941494	-0.04505372	-0.00664238	0.04396205	0.12059067	0.16224278	0.20771303	0.03780502	0.07803340	0.01882233	0.09317500	0.19851394	0.11020063	0.16907906	0.19087488	0.12704302	0.11537716	0.06204930	0.28436654	0.18606457	0.03369404	0.28104306	0.19794546	0.12115254	0.10833923	0.25242042	0.23643811	0.17446678	0.13359567	0.18062988	0.11268282	0.36471993	0.31217800	0.01973487	0.20947798	0.01489760	0.29351957	0.11899033	-0.00847823	0.26711559	0.30497109	0.05336852	0.23500437	0.08986691	-0.02664493	0.38450379	0.02853565	-0.03584940	-0.01718828	-0.12583110	0.08563414	0.02919448	0.20000548	0.18483023	-0.03442752	-0.05635890	0.06874849	0.06740410	0.09015722	0.26726996	0.20062742	0.07401559	0.15588641	0.20684999	0.14136336	0.14038305	0.25471539	0.26249680	0.17152814	0.13039560	0.06290914	0.14228191	0.31781277	0.30342333	0.23221936	0.40439739	0.00942703	0.11463394	0.16155009	-0.11727549	0.03952073	0.20619046	0.08315061	0.13423911	0.06264908	0.18167719	0.14588155	0.16518141	0.09658488	-0.02085205	0.25032818	0.18393133	0.10756680	0.21989666	0.08625792	0.23832941	0.22150478	0.23608365	0.20958331	0.15318468	0.22807046	0.17160997	0.08090098	0.26530070	0.19159051	0.11444100	0.16771711	0.33983300	0.27424930	0.29126963	0.15131323	0.09664965	0.32737541	0.08823690	0.25904015	0.22495622	0.23823913	0.28944087	0.27952827	0.28136776	0.11777149	0.09776918	0.14549077	0.03240132	-0.00600712	0.15139352	0.00364414	0.38931514	0.51408932	0.28407702	0.04623384	0.08262631	0.09101431	0.17091382	0.20841710	0.28810473	0.41672218	0.13853111	0.18520356	0.32170485	0.04921677	0.07784434	0.16791800	0.10405593	0.27115862	0.18346016	0.15464933	0.27922573	0.20245267	0.04718404	0.16079584	0.21348907	0.21267380	0.19592429	0.12191351	0.12588130	0.13562568	0.10101957	0.15828793	0.12477232	0.04147745	0.24088967	-0.00522513	0.06758241	0.13851732	0.10457864	0.12964679	0.09813814	0.09388667	0.11449098	0.04371915	0.20611408	0.07067576	0.21711069	0.16303687	0.05433777	0.41876004	0.43993634	0.28694322	0.31159809	0.22252363	0.27230460	0.01230501	0.37022796	0.19322892	0.14257601	0.20231985	0.27874910	-0.02714441	0.14371437	0.06087428	-0.05785403	0.22444275	0.19706027	0.21349062	0.11857428	0.11938469	0.22033192	0.10210660	0.04764558	0.05380294	0.03339034	0.06834998	-0.01300374	-0.06581854	0.19457407	0.21404460	0.08206810	0.08948237	0.16865611	0.03653657	0.01756816	0.08439513	0.07816845	0.11074735	0.09620936	0.09030769	0.08510081	0.19989520	-0.01268514	0.05318732	0.21834548	0.08849727	0.18989010	0.03429904	0.04684932	0.21905302	-0.20793145	0.15641140	0.10666291	0.06354113	0.09527416	0.01599163	0.05551569	0.23842264	0.05250454	-0.04623886	0.04332461	0.17011855	0.13327291	0.21028919	0.01192819	0.00099728	0.20288443	0.18885388	0.03203620	0.16791268	0.02795710	0.07257414	0.11378574	0.15144776	0.16983830	0.13259398	-0.00536436	0.21922515	-0.05222706	-0.05564971	0.04323779	-0.07826651	-0.03086717	0.10721196	0.21682488	0.16702849	0.10465807	0.08453188	0.00006817	0.11072405	0.21149174	0.23543169	0.29299659	0.07592141	0.05424991	-0.09555885	-0.05743913	0.10930981	0.08226415	0.06710758	0.21323341	0.18137828	0.15565841	0.09934215	0.19396972	0.16667828	-0.03876613	-0.02266282	0.14695131	0.05702005	-0.04552677	-0.00549192	-0.04388788	0.16723354	0.15610624	0.10667375	0.24615522	0.18418535	0.18446348	0.18757149	-0.05451915	0.09969408	0.13827008	0.14636726	0.19863888	0.11748194	0.20748572	0.24781875	0.07595039	0.26243971	0.22132166	0.10846425	0.12698164	0.09256777	0.17779307	0.05845861	0.07402047	0.04784818	0.27244843	0.11778978	0.15132617	0.10288932	0.10155528	0.06353841	0.07611158	-0.06853115	0.07027771	0.07811674	0.15705043	0.37909817	0.04878655	0.19671581	0.10704016	0.24889125	0.14727538	0.02743035	-0.08197698	0.06708247	0.10191154	0.04565793	0.17515568	0.00342290	0.11069433	0.12328719	0.23316662	0.05598556	-0.06941625	-0.11435634	0.18949977	0.15060897	0.23770280	0.29110969	0.00590213	-0.03027066	-0.01398714	0.18681945	0.00358446	-0.08126145	-0.00470053	0.13822635	0.12177910	0.01901243	-0.04847278	-0.08248149	0.21366890	0.22061256	0.17376603	0.25280125	0.29090259	0.16695155	0.18039751	0.15656894	0.14129138	0.22280902	0.09640747	0.12669837	0.12097853	0.37220926	0.28381205	0.31566324	0.31478621	0.35433436	0.32286891	0.37335121	0.23551784	0.27436378	0.18361490	0.05509604	0.06128482	0.20758130	0.17903156	0.14713574	0.20527535	0.34040806	0.33848630	0.44580012	0.34072677	0.31404989	0.39927194	0.35162162
17Networks_LH_SomMotB_Aud_2	0.01506690	0.11871636	0.22530901	0.25645869	0.02403525	-0.12744099	0.14776994	0.01702550	-0.02393043	0.09701032	0.06184151	-0.00032818	0.05398523	0.21904919	0.18472470	0.21633847	0.11903016	0.11128249	0.16592574	0.10649806	0.17640681	0.18382215	0.09367693	0.23967327	0.08671504	0.17027594	0.19010998	0.10876682	0.12575686	-0.01920223	-0.06601615	-0.00818256	0.01059342	0.01148643	0.06245029	0.10841885	-0.18318606	0.06785141	0.08506514	0.04716209	-0.03249031	0.12897235	-0.06960214	0.59758575	1.09461991	0.27026313	0.25383065	0.23081996	0.31617098	0.44787656	0.29062096	0.27430929	0.27344802	0.22978868	0.18320475	0.15115357	0.28602167	-0.03063064	0.29593153	0.04414478	0.08955859	0.12799374	0.03036357	0.01067672	0.01197642	-0.11383502	-0.01304587	-0.07371609	-0.07185478	-0.11044137	-0.00289071	-0.02103866	0.11615459	0.13109562	-0.02090285	-0.02139538	-0.05744521	0.05316469	0.09639557	0.05598611	0.08927108	0.11954472	0.04881492	0.19590248	-0.01755558	0.30858300	-0.01276610	-0.05610460	0.21807856	0.28162861	0.04554195	0.11092936	0.14705455	0.02970127	0.02870244	0.05604545	0.12562694	0.06915474	0.18220228	0.10669758	0.02348836	0.05696377	-0.01378070	0.11492735	-0.03839852	-0.01254266	0.15062832	0.14249563	-0.04703114	0.05567136	0.06429354	-0.04551865	0.20377059	0.05130157	-0.04209911	0.09007457	0.00671338	0.10091426	0.14447258	-0.02332709	0.16996881	-0.06350709	-0.02787514	0.01047829	-0.01529486	0.07081892	0.12200210	0.00516531	-0.01736688	0.05789184	0.14285980	0.01844252	0.01589594	0.10084961	0.21630984	-0.00923956	-0.06587732	-0.00048812	0.10344793	0.11218297	0.08036169	0.11340909	0.21721359	0.01607703	0.06757361	0.18569610	-0.04446163	-0.03805398	0.08475790	0.00604360	0.13778794	0.10063132	0.13544057	0.00443784	0.16197656	0.04659749	-0.08985787	0.10452037	0.15531188	0.03495379	0.12456230	-0.01733519	0.19540137	0.15856087	0.08852624	0.18462008	0.07152652	0.07411191	0.17369309	-0.03008052	0.03261510	-0.02036346	0.05523364	0.05465641	0.22404011	0.17611971	0.18399713	0.14214237	0.07673649	0.14381851	0.05518208	0.15659649	0.06192745	0.03464777	0.04753618	-0.01313967	0.08844972	0.00655353	0.10352663	0.11086017	0.00676562	0.05223024	0.20036646	0.06875356	0.15295825	0.24801996	0.23214402	0.02572137	0.19768848	0.09940844	0.11160023	0.09923391	0.26306380	0.23752903	0.14534919	0.17040148	0.13985542	0.00100403	-0.03013439	0.04930130	0.03152244	0.12868642	0.13078824	0.12813794	0.22872836	0.17802814	0.10398827	0.16663521	0.13367819	0.19238815	0.19820295	0.18998843	0.14059030	0.11648017	0.21034914	0.13558061	-0.00539800	-0.00630274	0.09705728	-0.05360587	0.07274164	0.11522269	-0.01566257	0.03977629	0.04750099	0.06720646	0.02661944	0.06424093	0.13486820	-0.00489084	0.16004579	0.08417971	0.01064144	0.36001899	0.51726314	0.25012949	0.37641191	0.23184026	0.32226649	0.04193967	0.37149107	0.22167163	0.10910638	0.31098558	0.27747983	-0.05965121	0.10911211	0.08234229	0.00222206	0.17181707	0.15380890	0.09398710	0.06264511	0.09984271	0.12992629	0.01224789	0.10885183	-0.00081758	0.00797641	0.02220181	-0.02916531	-0.10203295	0.10972554	0.28148171	0.04732948	0.01981904	0.04462072	-0.00764127	0.08465511	0.08976321	0.03462171	0.14774503	0.08586900	0.03304789	0.07546878	0.24658755	0.04869971	-0.00610027	0.13867938	0.05720316	0.24871596	0.13952043	0.18447193	0.22657230	-0.08549586	0.11129874	0.15379248	0.06797701	0.12980600	0.01271324	0.02277123	0.13388413	-0.05850798	0.01552640	0.02173011	0.11395560	0.09443168	0.07586312	-0.00993667	0.02128503	0.22404760	0.10625586	0.05626330	0.17909658	0.05686640	0.03916683	0.08787149	0.09241162	0.15356299	0.16368168	-0.06736835	0.31948174	0.06837853	-0.06469578	0.07414164	-0.09491928	-0.02787779	0.01714308	0.19563944	0.10423741	0.05549611	0.10699753	0.03095047	0.00191960	0.15067772	0.14782753	0.21106774	0.05772962	0.02891951	-0.00038741	-0.00359190	0.13072293	0.10237911	0.02165367	0.15307850	0.07588571	0.03550054	0.07490167	0.16032235	0.13683458	0.05590255	0.04330051	0.06478116	0.05111850	0.01459850	0.00703421	0.02424684	0.14137386	0.11025801	0.05371236	0.19751241	0.16554850	0.09709998	0.12043746	-0.02496929	-0.00029416	0.17794223	0.10498648	0.10779919	0.15509798	0.21001911	0.15201734	0.07025472	0.20240271	-0.00827289	0.07967320	0.13206717	-0.01444294	0.17485606	0.02472246	0.02367235	0.00162683	0.09652314	0.01783275	0.15300252	0.09611467	0.02933329	0.04598602	0.10527165	0.07243425	-0.01274039	0.11581887	0.07730607	0.22971663	-0.04262645	0.12535983	0.06334044	0.28661550	0.07412685	-0.05679865	0.03341912	-0.05291853	0.05474586	0.14514050	0.14670479	-0.01109682	0.06574619	0.10071655	0.10507552	0.00416723	0.01527297	0.00217526	0.09971486	0.17063080	0.17340668	0.12256321	0.07273466	-0.00156357	0.16241361	0.19102900	0.07479732	0.00069393	0.10936268	0.13905210	0.01062151	-0.06314783	-0.08346696	-0.02033654	0.05978064	0.05588088	0.09710032	0.08038200	0.21441281	0.02415264	0.04558868	0.03154167	0.00200257	0.09625226	0.16280897	0.15137018	0.03255507	0.21362462	0.11020566	0.16179414	0.16554339	0.22199592	0.15881748	0.19161572	0.14123910	0.12832991	0.14307679	0.10757057	0.06969468	0.18646871	0.17175836	0.05821351	0.14606183	0.28199085	0.24104877	0.32063742	0.24102455	0.20969419	0.23528668	0.23210678
17Networks_LH_SomMotB_Ins_1	0.02275867	0.06612395	0.06756694	0.04357127	-0.07671921	-0.01402070	0.03720694	0.03035318	-0.01466549	0.03604873	-0.00322854	-0.04164536	0.16241605	0.14044123	0.12765650	0.15059886	0.10216081	0.03954835	0.10880780	0.15497213	0.10813396	0.17572262	0.08301563	0.16305354	0.13067761	0.01003123	0.12423573	0.20383146	0.09079994	-0.01584082	0.06365082	-0.04932483	-0.05131309	0.03427334	0.13989565	-0.03209602	-0.02513129	0.04040256	0.01887578	-0.07484605	0.10120152	0.19065048	-0.10738243	0.23585721	0.27026313	0.82765640	0.26161477	0.21374681	0.09611177	0.17910825	0.09928904	-0.03134787	0.16661199	0.08390309	0.14486065	0.11405848	0.15659501	-0.14655026	0.16982175	0.05664862	0.14477732	-0.02204448	0.01151170	-0.05609229	-0.08894580	-0.09636029	-0.10307759	-0.02055640	-0.03760414	-0.05501484	-0.05921794	0.07696067	0.05331682	0.15923084	0.01373776	0.05980920	-0.05888300	0.07947637	0.06791539	0.20032281	0.08597612	-0.01399534	0.03177296	0.14349241	0.03886349	0.22764570	0.02830911	-0.01135601	0.15650426	0.36943527	0.07642317	0.09358748	0.11527677	0.07295496	-0.04582815	-0.01792541	0.03084909	0.05650200	0.07993097	0.03447545	-0.00130049	0.06274972	0.00163762	0.10424501	0.07520249	0.02848240	0.01282859	0.10621468	0.01524621	0.02506385	-0.12236949	-0.08826066	0.02486564	0.00663086	-0.04187621	0.02014351	0.09738381	0.14243780	-0.04475586	-0.01231469	0.13356462	-0.05518622	-0.00169857	-0.03357125	0.02058915	0.09635550	0.06991515	-0.04308788	0.01377274	-0.02277350	0.08882007	0.12447408	0.09583141	0.01877568	0.08301539	0.03634335	0.00972304	0.09272560	-0.08484227	0.09889417	0.07284200	0.04919856	0.10161052	0.12095329	0.06008898	0.07778170	-0.07372214	0.05440372	0.10507305	0.13186164	-0.00211522	-0.04532951	0.05181638	0.00791618	0.06701165	0.06230316	-0.00524938	0.03073461	0.02231017	0.02253028	-0.05040960	-0.07673234	0.00813101	-0.04530612	0.03596108	0.08398162	-0.10731685	0.05844394	0.12921860	0.04077614	0.10414854	0.10189924	-0.04886511	0.02664446	0.00201306	0.00809797	0.03633362	-0.04969541	-0.11483989	-0.04074256	-0.01758730	0.07640639	0.00513612	0.02903819	-0.01446319	-0.03670480	0.01899460	0.01145879	0.07727605	0.09205424	0.06681870	0.08711342	0.21429753	0.05103617	-0.02197181	0.16527676	0.03537812	-0.03898472	-0.00599551	0.01317280	0.02685850	0.04945733	0.15595557	0.04419252	-0.04562833	-0.00858913	0.08535231	-0.05366235	-0.09117908	0.03427069	-0.01446672	0.04220087	0.16038668	0.12294791	0.10069260	0.08449649	0.12536007	0.14723740	0.10907498	0.05879315	0.10269716	0.05717587	0.05815051	0.05649351	0.00014250	0.02197060	0.07190254	-0.03263873	0.04935196	-0.03789562	0.06207907	0.10109717	-0.00879692	-0.00499178	0.01872254	0.01240200	0.10705635	0.10099854	0.04966083	0.03597667	0.04515776	0.03114390	-0.08524419	0.14849397	0.20190029	0.17405449	0.25617756	0.23928857	0.07381587	0.09774886	0.27756142	0.18642651	0.03023894	0.21846233	0.14153808	-0.08486440	0.00161425	0.02237838	0.04036937	0.00373336	-0.03840360	0.02997239	-0.05448586	0.06947855	0.04889390	-0.01440884	0.00350439	0.02862086	-0.03537049	0.14529577	0.12924311	0.07000841	0.05540475	0.16748096	0.12227096	0.02040726	0.04840790	0.02082575	0.03523312	0.17059178	0.04285601	0.07280072	0.00584520	-0.07968695	0.03866996	0.16319852	-0.02134725	0.00025332	0.14277874	-0.00948637	0.12504982	0.11833099	0.01501919	0.10965014	-0.02647694	0.15443123	0.19231351	0.01566296	0.07691308	0.04347649	-0.16409526	-0.01281319	-0.08991300	-0.08420502	-0.07855216	0.00190937	0.05566862	0.06026934	0.00337041	0.02669940	0.11036120	0.13320699	-0.09535118	0.03903566	-0.04185808	0.12273484	-0.09138129	0.06503564	0.11305133	0.09378427	0.03740427	0.24135627	0.07142013	0.13207985	0.00743221	-0.04532944	0.05956850	0.02726542	0.08775772	0.02365495	0.04495559	0.02558353	-0.02572146	0.03747794	0.04333095	0.09406162	-0.03292911	-0.00945775	0.02654362	-0.01976728	0.04872073	0.05126295	0.03114611	0.01376813	-0.01998238	-0.01229441	0.03766561	-0.04182653	0.02771045	0.09296303	0.08612421	0.09775213	0.03222693	0.05140426	0.04307403	0.02794832	0.04761204	0.25655275	0.06248541	0.02980282	0.04092138	0.05081248	0.05346172	0.05041443	0.02962969	0.02316122	0.09224935	-0.07168784	-0.00739470	0.00581720	-0.01541279	0.01272948	0.07763226	-0.02659840	-0.01300575	0.09117833	-0.02746346	-0.07596637	0.00747565	0.01313629	-0.11374583	0.04360288	-0.00331951	0.00459351	0.07563185	0.02728971	0.09942290	0.05068315	0.12293279	0.08608529	0.12494289	-0.02558409	0.03269827	-0.04616415	-0.08596994	0.03835761	0.02856764	0.12932379	0.03670175	-0.00199242	0.15428578	0.09845950	0.06191567	0.04511751	0.12333263	0.04392916	0.08297324	0.05637003	0.06451409	-0.02520023	0.00090992	-0.04154826	-0.08269304	-0.01080908	-0.04146939	-0.03143601	0.23741136	0.01735692	0.03862846	0.05102219	0.03882845	-0.00582546	-0.01975982	0.11643733	-0.08832135	-0.06587339	0.15352721	-0.09791910	-0.14032849	-0.00982033	-0.03738208	-0.07478804	0.07474681	0.11692448	0.02624302	0.15862281	0.14162475	0.07946889	0.14716815	0.12255627	-0.02726100	0.14537964	0.06689549	0.05095954	-0.00004209	0.03947679	0.06436346	0.17829638	0.12449351	0.09033431	0.10546112	0.21404909	0.15610618	0.12059708	0.11212639	0.12008701	0.06604929	-0.01869213	0.10478172	0.10814385	0.04001905	-0.02671257	0.03973314	0.04460856
17Networks_LH_SomMotB_S2_1	0.13694455	0.04306452	0.12481804	0.06946944	-0.09720560	0.11200783	0.12922203	0.14125758	0.10789271	0.15969371	0.01411939	-0.01594741	0.14825968	0.15480513	0.06823820	0.01672898	0.18712243	-0.03598536	0.01259905	0.14699512	-0.00656845	0.04165324	-0.07552113	0.21529178	0.24280055	-0.00757214	0.17439601	0.12257493	0.12299556	0.04055010	0.03272714	0.00287450	0.05236635	0.12337205	0.05039520	-0.01417016	-0.03910697	-0.05445518	-0.03545155	-0.09967839	-0.02086602	0.06222576	-0.12279002	0.27083356	0.25383065	0.26161477	0.97914372	0.21689491	0.18137307	0.35158080	0.37216971	0.08026217	0.11580305	0.25629291	0.36413474	0.19497911	0.19424631	-0.05774976	0.09633735	0.08689163	0.06146532	0.08787852	0.09164307	0.07413321	-0.03521611	-0.02860249	-0.01515331	-0.03157104	0.07200340	0.07767698	-0.02022255	-0.04672471	0.22766859	0.11303670	0.13628345	0.10684510	-0.02655143	-0.00487599	0.06905188	0.08032747	-0.01649364	0.10295156	-0.00068831	0.14351417	0.10626414	0.24888978	-0.03246021	0.09497468	0.41269694	0.34542979	0.17996293	0.29181365	0.28320648	0.07518710	0.11602894	0.07712815	0.09224811	0.15642251	0.16326389	-0.04322405	0.07746616	-0.01288067	0.04601610	0.19204715	0.00011368	-0.03425661	0.08280052	0.08547071	-0.06243716	0.08247946	0.05573275	-0.05871022	0.15447898	0.05030490	-0.10223585	0.05201905	-0.04065324	0.06138061	-0.08374176	0.00101152	0.17746359	0.04396118	0.01036690	0.02685731	0.01741125	0.10627606	0.13829906	0.10954180	0.06509484	0.13634713	0.04297103	-0.05731903	0.20642259	0.09802526	0.22156665	-0.00287973	0.00672033	0.00725594	-0.05860883	0.08096438	0.07162739	-0.01263339	0.17327481	0.03648982	0.02636756	-0.05127039	-0.06216912	-0.01876268	-0.00077935	0.04172692	-0.07560828	-0.02499100	-0.04603979	-0.06033252	-0.03349288	0.04636107	-0.02199394	0.17488016	-0.00708623	-0.04342598	0.07457315	-0.04142492	-0.02048525	-0.05086174	0.05237321	0.06169686	0.03156685	0.06992194	0.11585958	-0.05989567	0.20481060	0.02466083	-0.00144398	0.00319311	0.09678192	0.08867175	-0.02300076	0.02983273	0.07447505	0.08018948	0.01722757	0.05322910	-0.02641704	-0.01437273	0.03196843	-0.03813296	0.02370845	0.12563617	0.09384055	-0.01834425	-0.02409210	0.03948877	0.22984968	0.13302637	0.03892529	0.33344749	0.09447392	0.10720411	0.13789967	-0.00714977	0.05285684	0.17375403	0.21332743	0.18361480	0.09184158	0.14011311	0.15079175	0.12563736	0.16519240	0.10604167	0.10032914	0.10447851	0.15504196	0.04154807	0.12161891	-0.04394411	0.04122049	0.05177706	0.12980367	0.07418402	0.01564765	0.06979623	-0.01202454	0.02952934	-0.00687818	0.10211379	0.03993192	0.05002160	0.06709445	0.02508673	0.01306257	0.02858146	-0.03692400	0.05462071	-0.00274241	-0.10355881	0.00014344	-0.07802035	-0.04249362	-0.10400206	0.00299616	0.03749595	-0.04186209	0.19828838	0.25296884	0.18771853	0.41385350	0.16804533	0.07378143	0.29836651	0.24815050	0.37083457	0.08206273	0.22670635	0.25534342	0.08407653	0.13397684	0.01998103	0.00222637	-0.02495222	-0.01919321	0.09051519	-0.07259870	0.03285802	0.01303438	0.07488797	-0.02470730	-0.08148174	-0.08710585	0.09494542	-0.09404465	-0.08052002	0.06378632	0.24623795	0.12095743	-0.02286031	0.13673267	-0.01855301	-0.05122449	-0.04109619	-0.12617631	0.06404299	0.03467643	0.03383530	0.08760274	0.25335986	0.04935303	0.04806768	0.11124009	0.22235233	0.19640238	0.30367351	0.10620559	0.14389091	0.00297639	0.19233914	0.06725854	0.03656033	0.12920070	0.09377840	-0.04603440	0.08347260	0.09603982	-0.06895078	0.07255442	-0.02768984	0.07099926	0.04430807	0.05741134	0.08965758	0.11546152	0.18444540	0.06944915	0.14152130	-0.00668445	0.05218723	0.02130283	0.06771420	0.12881355	0.00984029	0.00408876	0.08088605	-0.00441026	-0.04741312	0.05860948	-0.02332587	0.04374132	0.02046169	0.04820137	0.14159088	0.08374364	0.00696868	0.18165538	-0.04690804	0.28557096	0.10467633	0.14082360	-0.00654289	-0.01709410	0.02867803	-0.00215356	-0.00626912	0.01145752	0.00361476	0.05983079	-0.03700365	-0.02341258	-0.04789655	0.02413565	0.16873819	0.05308026	0.05713562	-0.01509176	-0.07387895	-0.12101937	0.03112603	-0.03733061	0.08913509	0.07230119	0.05141451	0.01412984	0.00554120	-0.07192148	-0.00969729	0.02859851	-0.01561494	-0.05141344	0.00481437	0.10471231	0.02927977	-0.01383035	0.10077325	0.02822690	0.09412776	0.08070745	-0.00394253	-0.03354069	0.00140773	0.12202350	0.05807059	0.01606308	-0.03794519	0.07447927	0.03923195	0.04031684	0.10005513	-0.03461516	-0.03862306	0.19326283	-0.03634058	0.02445106	0.04459869	0.09006744	0.09732412	0.00409434	0.23225301	0.05718363	0.25546730	0.05537605	-0.02464518	-0.09213449	0.13412681	-0.06271097	-0.05924274	0.12658285	-0.01908397	0.07685029	0.09016356	0.27712578	0.09644475	0.03903768	-0.01786864	0.10667119	0.05569193	0.06697182	0.14251327	-0.01766503	0.05412478	0.00939284	0.11501725	0.10257807	-0.14184606	0.09184209	-0.00035636	0.16359896	0.14160804	-0.04036052	0.04389669	0.05846962	-0.02732540	0.01620981	0.08567738	0.02060163	0.01423161	0.04759150	0.07166602	0.01378727	-0.00685568	-0.02845400	-0.11060351	-0.08422010	0.10600239	0.03420584	0.04165039	0.02306885	0.05337057	0.09692971	0.17421674	0.15671357	-0.02201787	0.14595714	-0.01079824	0.02238714	0.07021965	0.06917169	-0.04098219	0.04128153	0.15980127	0.04654594	0.18726015	0.08200380	0.08957178	0.14667445	0.12920843
17Networks_LH_SomMotB_S2_2	0.00347215	0.01513199	-0.06697849	-0.04677540	0.08062868	-0.09460233	-0.00007176	0.07944739	-0.10160298	0.05987910	-0.08932814	0.03218340	0.23048053	0.11944651	-0.02332728	0.18278314	0.22455874	-0.04941357	0.06480293	0.10760869	-0.01063896	0.18742025	0.05445692	0.26081321	0.22481010	0.20945571	0.11543977	0.16401110	0.20088349	0.15112015	0.23759228	0.04331521	0.07552730	0.07136703	0.11651316	-0.04681430	-0.05281389	-0.00728746	0.08142590	0.04036348	0.18240096	0.19610700	-0.03512260	0.16601997	0.23081996	0.21374681	0.21689491	0.89956001	0.05434332	0.25130995	0.16332694	-0.00395211	0.17900081	-0.03118414	0.17222747	0.04220696	0.08497844	0.03908567	0.05862873	0.04341934	0.15320934	-0.02748078	0.08992301	0.04625435	0.01265319	-0.04348658	-0.00956881	-0.04330349	-0.00510863	0.02755606	-0.06905539	-0.04165049	-0.05046852	0.07374826	-0.10557870	0.05397268	0.07727916	0.14121060	-0.00390355	0.11634538	0.00911990	0.00307567	0.04891699	0.12853734	-0.00357805	0.19618801	-0.06675272	-0.10069597	0.17976128	0.21800750	0.14217550	0.13530084	0.16001751	-0.12650415	0.16377932	0.01676885	0.14116492	0.19115919	0.05333427	0.00023809	0.02567529	0.06844597	0.00633250	0.07011427	-0.03312098	0.06951524	0.01376064	0.05025790	-0.13104396	-0.00226765	-0.05500947	-0.05158912	0.02763435	0.01678321	-0.05609723	0.00763152	0.00610353	0.01843971	-0.03052414	0.02382423	0.02136699	0.00651992	-0.14353457	-0.13726156	-0.05070688	-0.10853920	-0.00862139	-0.19212328	-0.12096976	-0.09770738	-0.08563461	-0.03391891	0.13148068	-0.04117673	-0.05993145	-0.15248620	-0.14951226	-0.09635525	0.11586500	-0.16437690	-0.04132597	0.06264901	-0.02288212	0.09541555	0.11854439	0.09484724	0.12257865	0.00095777	0.06319225	-0.01992868	0.07276815	-0.06305043	0.00269874	0.02382238	0.04071136	0.01686929	0.01013321	0.19354371	0.03186672	-0.04350909	0.00355460	-0.04512420	0.04559486	-0.00464080	-0.00064355	0.02574764	0.01062797	0.04922746	0.03766601	-0.07883295	-0.08914355	-0.06849484	0.13543838	0.00629419	0.05728930	0.11116457	0.05736434	0.04416812	-0.02829083	-0.02195529	0.04704486	-0.01112677	0.11451801	-0.05824976	-0.07264550	-0.06822432	-0.01817818	0.02159613	-0.00808362	0.06847637	0.06017724	-0.00255998	0.07602749	0.05593990	-0.04978505	-0.05723044	0.04116918	-0.05699640	0.09048790	-0.07417997	0.02076875	-0.10191710	0.05894023	-0.09444671	-0.13009399	-0.08957555	-0.08147608	-0.01602989	-0.13466410	0.05886067	-0.15110736	-0.02946907	0.12223276	0.10095619	0.03957045	0.06122722	0.14343137	0.06983841	0.12743618	0.14304499	-0.03191514	0.12335902	0.03843284	-0.02738758	0.20904177	0.23703073	0.20794637	0.14807568	0.15429107	0.14470179	0.11865157	0.27445412	0.19784304	0.16178454	0.06754672	-0.03276416	0.18853124	0.25030085	0.11022017	0.05474846	0.08705216	0.12391905	0.06071872	0.16514500	0.29361427	0.23455085	0.16203128	0.27423313	0.14921719	0.21853194	0.28874971	0.08508981	0.17175659	0.26423854	0.14704181	-0.01067965	0.10759886	0.09642341	0.11177246	-0.02023166	-0.13332676	0.09443927	-0.01230504	0.02729837	0.01584206	0.07452357	0.05614326	0.05728977	-0.02517751	0.09154858	0.10153385	0.04969806	-0.02417872	0.03768873	-0.01925509	0.02134625	0.01773433	0.09109471	0.13238494	0.10787317	-0.03349407	0.16315744	-0.01791680	-0.01799550	0.05053116	0.13048551	-0.04993128	-0.15329691	0.06800447	0.11703237	0.09977442	0.16011505	0.20480504	0.13211991	-0.11785875	0.25458872	0.19915431	0.14527729	-0.03737211	0.15171388	0.14786723	-0.01583522	0.02524568	-0.20839831	-0.13734754	-0.10792106	0.04470521	0.07469711	0.14666914	0.05619746	0.10599673	0.20203476	-0.11527154	0.13095524	-0.13353659	-0.09105768	0.06714934	-0.06312493	0.01152845	0.04786628	-0.04990759	0.06740419	-0.07171878	-0.07538927	0.03403936	-0.06261426	-0.12790804	0.00988081	0.01189642	-0.15061255	-0.15092861	-0.10651736	-0.03693386	-0.03291419	0.17922518	-0.08268424	-0.12091852	-0.25980794	-0.28702860	-0.13063232	-0.06088368	0.04522269	-0.14364293	-0.19828257	-0.02084773	-0.00233410	-0.16629238	-0.13880258	0.04496498	-0.18426655	0.09054872	-0.04059733	0.01983850	0.01364988	-0.04311178	0.07063879	0.03072788	0.02116152	-0.09012809	-0.18685997	0.09010508	0.07205639	0.02687982	0.01105193	-0.05787980	0.07670179	0.08652426	-0.03720473	0.01257546	0.03335155	0.03297283	-0.02647591	0.08276156	-0.10278726	-0.10891871	-0.00564019	-0.00904363	-0.02848572	-0.05686809	-0.01212609	-0.09674277	0.12341736	-0.00667980	0.00937724	0.04803880	0.01255353	-0.11833341	0.04771095	-0.06124789	0.12475045	-0.02213445	0.07848963	0.01547778	0.00962384	-0.01139417	-0.11239135	0.02466045	0.13058421	-0.01723238	-0.03746352	-0.04810549	-0.03833172	-0.01054316	0.00867662	0.06396036	-0.04035618	0.05554189	0.12021937	0.18058820	-0.00177854	0.15864664	0.05750211	0.06396723	0.09588904	-0.07824018	-0.05225584	0.05517810	-0.00379671	-0.01181883	0.02639778	0.06556423	-0.04175071	-0.06673863	0.00189769	0.14052375	0.02981416	0.16478786	0.12722910	-0.01428828	0.01625955	-0.16378064	-0.03550115	0.11991728	-0.01766726	0.20396166	0.04665229	-0.11190601	0.06409398	0.08272021	0.05323490	-0.05147650	0.01810819	0.03425056	0.05356457	-0.01852208	0.04729851	-0.00658858	0.11401201	0.02512528	0.06186213	0.19807363	0.09586621	0.06840886	0.15094211	0.11267768	0.01659426	0.07724324	0.03971235	0.03527679	0.01371675	0.00214270	0.02290301	-0.05285780	0.02699017
17Networks_LH_SomMotB_Aud_3	0.07638442	0.03539794	0.19142462	0.20033686	0.09215072	0.03373383	0.07474708	-0.00291864	0.16567766	0.11689994	0.04633032	-0.15017668	0.00648457	0.04334544	0.06832413	0.17730690	0.20338772	0.06976355	0.11479841	0.00774548	0.11331193	0.10048918	0.02090386	0.12505580	-0.06451842	0.12731552	0.13407731	-0.01998192	-0.00651834	-0.04086971	-0.20125280	-0.10431214	-0.08108293	-0.00925384	0.05871600	-0.03400233	-0.28577267	0.08267919	0.04219248	-0.06144077	-0.23570540	0.04996869	-0.27736419	0.33757667	0.31617098	0.09611177	0.18137307	0.05434332	1.21267771	0.34122378	0.01011116	0.02512837	-0.04699056	0.16438541	0.08094100	0.09466884	0.11195017	-0.09603279	0.11692779	0.07754111	0.13062397	0.21505819	-0.00115497	0.08557070	-0.00493763	-0.10102240	-0.19424272	-0.11494047	-0.08263797	-0.23326959	-0.15936943	-0.16376493	0.11505057	-0.18578764	-0.00192894	-0.24421367	-0.21571913	-0.13864014	0.04537537	-0.05772731	0.06545631	0.20831598	-0.06516640	0.07479581	-0.11325231	0.21753027	0.43613100	0.19354998	0.20428745	0.23762355	0.04785543	0.03153763	0.08584318	0.09489646	-0.01943221	0.02084129	0.14585017	-0.12397417	0.26744346	-0.03095044	0.07325495	0.23105423	0.03785250	0.08920876	0.04570791	-0.02390064	0.19816588	0.23960795	-0.14616466	0.08773271	0.02280146	-0.06710711	0.35287694	0.06479578	-0.14083348	0.08986777	-0.01551657	0.11829037	0.05494839	0.15085618	0.01610434	-0.01831905	0.05974567	-0.06116296	-0.14589246	-0.04950765	0.07847165	0.16648675	0.09437598	0.05078783	0.25024606	0.03000891	0.16890371	0.01785571	0.23509461	0.05134455	0.03964752	-0.14479487	0.19578066	0.14774299	0.13822759	0.14429069	0.43835333	0.02721717	0.10070089	0.19802949	-0.02645786	0.01311672	0.14422679	0.10808097	0.27509357	0.19765285	0.18421847	0.06784688	0.11447930	0.16341375	0.10567453	0.16789181	0.23586450	0.19245936	0.22227622	0.10809981	0.20561583	0.27755050	0.13125334	0.28665199	0.10496691	0.26525129	0.16743226	0.18094300	0.39535709	0.25806719	0.12248874	0.26896336	0.33271141	0.26901951	0.35350711	0.24402613	0.21607117	0.18838164	0.29239134	0.26549740	0.24088143	0.16403216	0.32152805	0.36673560	0.32134665	0.03894961	0.17033610	0.08685554	-0.02883993	0.20073232	0.38031774	0.07876733	0.24763245	0.46674870	0.52183345	0.47612359	0.38909023	0.49170138	0.13062046	0.14342196	0.14262009	0.12797246	0.05772099	0.05324510	0.10035594	0.01553950	0.13904385	-0.01892100	0.21462741	0.08691865	0.05612024	0.05360251	0.17794940	0.17050636	0.11726108	0.16558634	0.10652780	0.13053399	0.18385468	-0.00016379	0.15893430	-0.12769907	0.06863673	0.10910868	-0.11269308	-0.11901157	0.00114718	-0.12890317	-0.08035833	-0.16088133	-0.11558328	-0.09693253	-0.20728288	-0.01286535	-0.08581275	-0.10180421	0.07969353	-0.15042069	-0.00406773	-0.11979560	0.06339019	0.10110942	0.09584317	0.03207479	0.11129112	0.00069066	-0.04166746	0.02631636	0.00149427	0.10314594	-0.12090052	-0.00390231	-0.05543261	-0.08087561	-0.15186495	-0.07807766	-0.12527593	0.03622506	0.09456034	0.03315263	0.11962049	0.03898292	0.05329965	0.04207535	-0.14397007	-0.16187913	-0.21676616	-0.21476787	-0.20209430	-0.25116710	-0.00326806	0.05359854	-0.06837908	-0.20563841	-0.22865077	-0.25459958	-0.09828741	0.00424158	0.08948500	-0.03155083	-0.22663263	-0.12079678	0.04757089	0.01530168	-0.05968566	0.12055977	0.16301298	-0.05543174	0.06646817	0.09464050	-0.00453559	-0.00076685	-0.05556074	-0.03468548	0.11135978	-0.15972938	-0.07672291	-0.07791454	-0.10602240	0.04140913	0.08394896	0.09247556	-0.01453195	0.06477167	0.34071243	0.24855228	0.15538044	0.02133044	0.43833708	0.19154506	0.05177071	0.09973950	0.08023237	-0.11588013	-0.03507873	0.39548678	0.10006441	0.08636839	-0.11061166	0.12414506	0.00211159	-0.11716008	-0.13596945	-0.07572894	-0.12034478	-0.11998205	0.18611856	0.05676139	0.07113556	0.02073499	0.03767573	0.18613770	-0.06997336	0.06615254	0.19148301	0.09134991	0.09076873	0.00951771	-0.01322004	0.09689127	0.01075436	0.02555860	0.13638904	0.07664468	-0.01802840	0.00689881	0.17193236	0.12682261	-0.03887131	-0.00264844	0.13446577	0.13635424	-0.05733740	0.03507242	0.01733951	0.12743775	0.13534559	0.07168926	0.21940083	0.09190207	0.07899301	0.16037231	0.08643666	0.11731751	0.07826611	0.14319562	0.12263460	0.28955177	0.21896670	0.20664068	0.06881317	0.24500524	0.34832363	0.10883620	0.10668818	0.11661356	0.16282424	0.10628809	0.07909011	0.15283081	0.30995484	0.20842908	0.13957650	0.17829006	0.02336709	0.02152154	0.12273491	-0.04394801	0.09575900	0.23230906	0.25434311	0.23546644	0.38623164	0.19662583	0.44386351	0.48159971	0.27581095	0.28409788	-0.01613539	0.20505181	0.14479184	-0.03599822	0.08224668	-0.03399293	0.00780461	-0.00081957	0.07959239	0.03825812	-0.01873740	-0.01936171	0.06101434	0.02630927	-0.05233879	0.04880946	-0.01044232	0.18833606	0.12249393	0.17678627	0.02749375	-0.07669378	-0.04543286	-0.00578251	-0.03536980	-0.03643269	-0.12322203	-0.08745349	0.01821430	-0.00966530	0.06817920	0.10808914	-0.01097272	0.00018950	-0.10652849	0.05704663	-0.05765055	-0.07299266	-0.05436128	-0.00400111	0.02792305	0.13237388	0.07793116	0.12830300	0.17678126	0.19733561	0.21217899	0.18230966	0.03529417	-0.05241310	-0.10861562	-0.11671332	-0.14598205	-0.06937075	-0.11697632	-0.13102678	0.00573396	0.23561979	0.08583722	0.22308265	0.17227908	0.26363054	0.18046471	0.21077319
17Networks_LH_SomMotB_Aud_4	0.09699325	0.14346354	0.27535101	0.20492431	0.03866129	0.10548844	0.12567249	0.20351767	0.13981150	0.23034096	0.09159898	0.09204225	0.12187141	0.22268939	0.13538886	0.09122684	0.05213510	0.10596435	-0.05515773	0.04994745	-0.05157033	0.13996052	0.06049568	0.20367491	0.19768561	0.17059712	0.26174470	0.19321405	0.24190850	-0.02493354	0.00005161	0.02647764	0.11607316	0.17043420	0.14551100	0.06264012	-0.11500525	0.05021624	0.10990854	0.06293415	0.08331978	0.17025610	-0.01371636	0.36960932	0.44787656	0.17910825	0.35158080	0.25130995	0.34122378	1.13016821	0.27328429	0.10619854	0.24257427	0.14528103	0.34459373	0.14240710	0.31129110	0.00632569	0.27758437	0.03283505	0.14916775	0.06177141	0.12735860	0.18619728	0.00570883	-0.02623868	0.01691107	-0.06838024	0.01991377	-0.00612339	0.00074789	0.05164156	0.10628359	0.12971992	0.03523580	0.11213839	0.04462859	0.05708249	0.10543444	-0.07106300	0.00245020	0.12494242	0.00953859	0.10710665	0.14650144	0.29512225	0.01903922	0.02934087	0.30509165	0.25679587	0.10292156	0.12564568	0.18362049	0.02591799	0.25220057	0.01708511	0.02938116	0.15094594	0.18553750	0.04327126	0.05177730	0.08827805	-0.02337715	0.12393126	-0.04452382	0.05169858	0.10920111	0.11518780	-0.08753262	0.02487286	-0.03152049	-0.10385844	0.16017506	0.14714952	-0.00338585	0.16106269	0.04228130	0.21343404	0.01935325	-0.02032032	0.17902941	-0.03276297	-0.02031231	0.02364751	0.10540422	-0.00695811	0.20421365	0.00429411	-0.00148862	0.13867262	0.05551931	0.00412282	0.10550716	0.03902255	0.17786464	-0.02165823	-0.10913783	-0.01860934	0.13520463	0.04860117	0.14590465	0.08754340	0.17273754	0.00779933	0.10048490	0.09711290	-0.07558914	-0.04991335	0.10373995	-0.02353883	0.11308986	0.05951750	0.06864766	0.00934154	0.11164060	0.03472937	-0.06761036	0.15094207	0.24517563	-0.01346921	0.05413882	-0.12601757	0.08647368	0.07537166	0.10909234	0.05850469	-0.01377293	0.09050107	0.19751415	-0.11855621	0.10672903	-0.04468162	0.05874220	0.05196285	0.13054606	0.17128901	0.13157620	0.13343167	0.16857074	0.14957047	0.19527056	0.15209995	0.05057354	-0.05907379	0.04520898	0.05608359	0.01179677	-0.00131652	0.00609773	-0.00623358	-0.09500496	0.04866752	0.20713016	0.16752066	-0.11094951	0.24015902	0.06411751	0.08463004	0.16924046	0.12373215	0.09589406	0.04977300	0.18536678	0.24796554	0.09173273	0.26495891	0.28492186	0.09848854	0.16059628	0.15289638	0.13881939	0.17091367	0.10285460	0.03322387	0.02115576	0.13786406	-0.02017310	-0.04381798	0.06631671	0.14594661	-0.03911236	0.09780199	0.06637627	-0.07590961	0.22971604	0.22289479	0.10358979	0.09079112	0.25655744	0.09754883	0.09005975	0.12222971	0.08974291	0.17048266	0.00361137	0.00178973	-0.09315825	0.06484184	0.14970304	-0.07638926	0.16777310	0.13303028	0.16523084	0.26151473	0.35487378	0.33572436	0.22789352	0.13822515	0.33145386	0.07322759	0.38462554	0.25071922	0.10918588	0.26703440	0.24271783	-0.04533848	0.17968926	0.06987031	-0.04557316	0.01278109	0.08404150	0.23218126	0.08187844	0.11152750	0.07062219	0.02275364	0.00199958	0.01062919	-0.05741289	-0.04686942	-0.09877363	-0.09184866	0.06828787	0.29767896	0.00501314	-0.09598124	0.03064471	-0.07048242	-0.03179875	0.00824695	0.03825371	0.09599347	-0.05692213	0.07599036	0.10738773	0.24935828	-0.02487229	-0.03365065	0.10558873	0.16351504	0.31870965	0.19380634	0.09016646	0.15314679	-0.03472338	0.15672047	0.14529340	0.06302656	0.01188614	-0.02803995	-0.03539048	0.12687540	0.18903159	-0.05620731	-0.08233924	0.04852860	0.11681525	0.03511892	0.12187008	0.10033333	0.13025240	0.18201645	0.05118246	0.09626693	-0.00483168	0.00992675	-0.00742254	0.08058701	0.14380885	0.16325113	-0.01907792	0.18608918	-0.00486711	-0.10119567	0.02711027	-0.13437804	-0.05317720	0.04209925	0.23321323	0.10967967	0.00492614	0.08519325	0.01654034	-0.03570944	0.05207843	0.14911131	0.11699769	-0.04358935	-0.02163152	-0.01857237	-0.11924680	0.05692566	0.09199042	0.03858799	0.25139486	-0.06659833	-0.06165529	-0.00664159	0.11373740	0.11398382	-0.02087454	0.00473715	0.15371231	0.11157470	-0.07501560	0.02156861	-0.05973355	0.20057539	0.13432204	0.00973799	0.12627017	0.19213367	0.06238243	0.16764587	-0.07471942	-0.04460624	0.07890965	0.00974859	0.06595861	0.03215427	0.11220348	0.12281886	0.00708986	0.03415220	0.09806812	0.07036616	0.10270472	-0.01079694	0.15035907	0.11417748	0.10917656	0.04426284	0.12921776	0.06805530	0.14957565	0.10204239	-0.04065392	-0.05307697	-0.02195098	-0.09952458	-0.16784720	0.11258029	0.18787753	0.16618801	0.06953075	0.15711450	0.09981478	0.31226645	0.07227309	0.03984897	0.04106806	0.12406954	0.13497907	0.13874051	0.15374670	0.09473184	0.10960119	0.21338174	0.10893292	0.05413081	0.06687390	0.10951558	0.19772679	0.25983975	0.10650478	0.16271146	0.10034289	-0.02248687	0.17481731	0.19246619	0.13054593	-0.04951516	0.11707779	0.09610085	-0.00940494	-0.00293873	-0.00587855	0.06941311	0.13665523	0.07654165	0.06966835	0.08805470	0.23662532	0.08460640	0.13865120	0.28373091	0.00713357	0.21161486	0.18007665	0.11277774	0.05990150	0.25693658	0.13243977	0.14981478	0.16611055	0.25198611	0.32978869	0.33152750	0.09180023	0.17880780	0.26282715	-0.02212660	0.07315273	0.22135683	0.12646839	0.06494612	0.09945293	0.23488596	0.20696078	0.26345390	0.17282529	0.18107834	0.29224158	0.24038301
17Networks_LH_SomMotB_S2_3	0.11676702	0.14985217	0.15696086	0.14677995	0.02992673	-0.03945656	0.13405538	0.24885970	0.01627537	0.06602192	0.06450876	0.10869635	0.20855006	0.31239519	0.09315409	0.13803248	0.23454596	-0.05329900	0.03108728	0.21514138	-0.01277773	0.00948525	0.03135649	0.18553876	0.33473121	0.14078977	0.17419070	0.33100960	0.27621936	0.16699152	0.17262812	0.25934984	0.40223651	0.38570144	0.22060861	0.32858561	0.23696631	-0.01040041	0.17621700	0.31165463	0.14439787	0.05187773	0.23198354	0.31857578	0.29062096	0.09928904	0.37216971	0.16332694	0.01011116	0.27328429	0.90413300	0.31943949	0.34300021	0.19814996	0.33188745	0.16251911	0.28997329	0.20807606	0.14465626	0.09779928	0.17999101	0.07179900	0.15406200	0.27996024	0.02751150	0.04369057	0.27992647	0.24729932	0.31200040	0.33293884	0.30101338	0.28802249	0.29643487	0.29800241	0.33602432	0.48821098	0.44420836	0.28390864	0.14695488	0.12580876	0.04472256	0.18145728	0.25893812	0.24380084	0.33637103	0.18790720	-0.11909733	0.06693186	0.28107548	0.12035684	0.14971313	0.15443435	0.21788780	0.02608282	0.38137498	0.23112968	0.14711629	0.38905393	0.13190606	0.23421932	0.10694851	0.19181167	0.20733887	0.03042806	-0.19252362	0.12622192	0.11260113	0.07462458	0.04941607	0.06504864	0.07889228	-0.02212645	0.02804799	0.09621307	0.03928039	0.01377262	-0.01880694	0.02973320	0.05809127	0.00372985	0.31914953	0.09205010	0.10012696	0.22026999	0.38481688	0.22454561	0.18872691	0.01924163	0.06001537	0.32872949	-0.09722745	-0.05081583	0.20511639	0.11487074	0.14735749	0.07328355	0.03896916	0.30031642	-0.01259330	0.00901177	0.01926652	0.04923719	0.08862547	-0.05067967	0.02255766	0.05196750	-0.00595527	-0.05865830	-0.14119609	-0.06867381	-0.03973844	0.07007139	-0.16713426	-0.09232516	-0.03182079	-0.05724990	-0.10676196	0.14180511	-0.02229667	-0.10319154	0.02540680	-0.12613887	0.05970076	-0.03549247	-0.01109216	-0.05688743	0.04155872	0.02094602	-0.01186116	-0.12893966	-0.07939999	-0.13074891	0.06842075	-0.07533119	0.09899307	0.08982749	0.07243344	0.10694368	0.01582745	0.15582719	0.02131833	0.02507124	-0.03385944	-0.11167355	-0.12633971	-0.11796896	-0.07864607	0.13628224	0.14418281	-0.01490738	-0.10927760	-0.11686700	-0.00394260	0.13491152	0.01917747	0.24689863	-0.10408864	-0.12783030	0.17135604	-0.15119848	0.18887241	0.08062136	0.12396871	0.12707116	-0.02235638	0.19239230	0.07568295	0.09608019	0.05935088	0.20547183	-0.03020529	0.06679833	0.16442760	0.11252629	0.20667485	0.08427159	0.07051421	-0.00584248	0.16525286	0.16317288	-0.01722024	0.19870996	-0.01764303	0.25538064	0.11881060	0.24764382	0.35096330	0.22372318	0.30649409	0.31639601	0.18998049	0.26208778	0.24642089	0.32317044	0.35987181	-0.00863427	0.00961694	-0.12937137	-0.04923020	0.14845466	0.14140088	0.23930561	0.07575414	0.31153070	0.33028369	0.18111946	0.21226030	0.05095410	0.28601328	0.10580892	0.32622671	0.38069816	0.15714430	0.26414967	0.41520493	0.22696561	0.39905826	0.30356681	0.17949705	0.11862278	0.09368619	0.31918063	0.02642982	0.00246743	0.16156446	0.17882008	0.13660702	0.12969483	0.18742969	0.29691075	0.13996577	0.19580701	0.24729256	0.24134992	0.29760691	0.33210163	0.42266117	0.27884697	0.17889189	-0.00015886	-0.12348675	0.20179646	0.35358123	0.31344402	0.21677831	0.31122900	0.25248687	0.09172246	0.02627121	0.20698673	0.16283579	0.18530071	0.22529535	0.11659621	0.03456918	0.23315765	0.03631103	0.26673477	0.22987932	0.20917050	0.25114377	0.30293340	0.16396102	0.02487053	0.16112968	0.13483935	0.02166597	0.20905745	-0.02279931	0.08833410	-0.00566615	0.14052102	0.10787742	0.17845952	0.02468677	0.11888737	0.11568971	0.01360321	0.07226325	0.05403780	0.15019924	0.11009058	0.04295531	-0.10889174	0.22938061	0.12580798	0.04263418	0.40971211	0.03441408	0.09890878	-0.05780118	0.08301091	0.12010598	-0.10355708	0.19280808	0.11886080	0.20820672	-0.01831585	-0.02611402	0.10689055	-0.05405031	0.17786717	0.07810762	-0.03488417	0.09248357	-0.06671908	0.07502682	0.09468550	0.00148917	0.06739040	-0.00204277	0.01807429	-0.08459739	-0.10265686	0.06687733	-0.00550975	0.04798527	-0.00885362	-0.03660083	-0.01722637	0.10817208	0.05272040	-0.02568660	-0.01866819	-0.10806832	0.04736764	-0.09017588	0.00639474	0.04441118	-0.03316524	0.03990312	0.17661565	-0.03857219	0.03760134	-0.09138253	0.04680817	0.14274489	0.06237682	0.16052217	0.09706332	0.16646113	-0.05430909	0.00619462	0.02328537	0.03315303	0.07587470	0.02616607	-0.05394202	0.04435927	-0.00948247	-0.00611851	0.02725202	0.08948168	0.18741718	-0.10550528	0.16050017	-0.14924695	0.19313215	-0.01885783	-0.04814587	-0.11582580	0.01045170	-0.03366320	0.01489236	0.14882831	-0.08295974	-0.02495835	0.29088353	0.17540745	0.09240916	-0.03533894	0.00391894	0.23337928	0.07812213	0.19497066	0.18688912	-0.02143143	-0.06522810	-0.01535686	0.05221564	0.07044502	-0.02475005	0.04414780	-0.01784538	0.13128210	0.15514988	-0.06978311	0.06084791	0.12637027	0.02673172	0.09019436	-0.00763638	0.23607130	0.18021053	0.28342811	0.16006317	0.16229183	0.21791135	0.14207558	0.06113501	0.06189830	0.23399390	0.14864193	0.18397322	0.09510461	0.13537318	0.09384549	0.11690375	0.21491816	0.28884791	0.35345092	-0.03796032	0.13690548	0.28757710	0.20789139	0.18681749	0.12418849	0.21608845	0.14534064	0.18991224	0.16854431	0.14024823	0.18773304	0.16131596
17Networks_LH_SomMotB_S2_4	0.18177114	0.02926490	0.25858226	0.21189332	-0.04054416	-0.05106158	0.16476405	0.10013586	0.01133201	-0.02879984	0.04327799	0.08792905	0.12087964	0.24231767	0.09809628	0.02055751	0.07449641	-0.01760990	-0.05153034	0.10083543	-0.08241935	-0.05863108	-0.04642697	-0.02256536	0.13230689	0.16280382	0.16478196	0.27811508	0.30137563	0.12693641	0.13045580	0.37117590	0.31874414	0.32356221	0.18727398	0.35855338	0.16941824	0.13972228	0.27504743	0.39819527	0.18450073	0.02632257	0.21010673	0.31857952	0.27430929	-0.03134787	0.08026217	-0.00395211	0.02512837	0.10619854	0.31943949	0.94367543	0.18518045	0.07048628	0.17612109	-0.00218212	0.19892187	0.29971685	0.25818344	0.21062543	0.11413007	0.13954132	0.06953550	0.18368198	0.06406321	0.07927651	0.19227986	0.12992156	0.13916007	0.15811287	0.22161303	0.23465941	0.07087463	0.13539713	0.05751871	0.25443686	0.39027362	0.20007633	0.08290475	0.03488813	0.17156497	0.17816887	0.25622155	0.08260722	0.12541000	0.02697287	0.06044700	0.06686420	-0.00973147	-0.15803203	0.08627511	0.04317987	0.08962481	0.14216044	0.23178555	0.08144142	0.07301907	0.22424941	0.17833737	0.41394148	0.00921666	0.11308140	0.05766427	0.08165657	0.06390272	0.12373904	0.07763075	0.09604650	0.02613394	0.18224911	0.12115778	0.03223110	0.07193471	-0.02348764	0.05785971	-0.08787753	-0.14530687	0.00395889	0.03426111	0.00214616	0.05757847	0.18598620	0.06179946	0.13187390	0.25406964	0.16867222	0.16697088	0.07209136	0.09953335	0.16158320	0.11255319	0.02248587	0.01576443	0.19367382	0.04614013	0.14497160	0.09764850	0.11132811	0.04975671	0.06987305	0.12454530	0.06529990	0.08290235	-0.02039277	0.00678506	0.07595408	-0.00980545	0.00533337	0.07431315	-0.01403333	-0.01811061	0.02281684	0.02298921	0.02697686	0.07704811	0.05612021	-0.06202242	0.14041047	0.02241106	0.04170195	0.12210180	0.05086555	0.09169971	0.02445240	0.10731842	0.05960304	0.07506274	-0.00978597	0.02449982	0.05628528	-0.07599950	0.03536413	0.17749943	0.04116226	0.18289383	0.07097620	0.01922180	0.12715097	0.00782518	0.26832800	-0.08373541	0.03351867	0.11697937	0.02369233	0.00701205	0.06596613	0.13882209	0.03985623	0.14241780	0.06883323	0.01507663	-0.04910022	-0.15442513	0.01009522	0.26132548	0.23306764	0.07123802	-0.04615763	0.04231894	-0.03166034	0.22322872	0.09330310	0.04321295	0.24722604	0.11156115	0.22591657	0.12758749	0.12190563	0.01256349	0.19698608	-0.05154048	0.04349490	0.11789014	-0.07542480	0.17428749	0.09236108	-0.02845438	-0.03579898	0.06900063	-0.02492208	-0.06429857	0.04790261	-0.10847192	0.36877130	0.18469122	0.17264300	0.29073512	0.15431335	0.31197611	0.24036033	0.27665114	0.20140858	0.25825272	0.22279417	0.24692531	0.09914026	0.12045954	-0.05837374	0.01299653	0.20547424	0.23134407	0.20586569	0.07933390	0.09548129	0.15717362	0.09028010	-0.01438350	-0.03399241	0.11641785	-0.02137976	0.12327859	0.05556958	0.23603393	0.09705388	0.24495428	0.02585348	0.30634303	0.18142796	0.12787986	0.23380372	0.10732487	0.25248207	0.17162161	-0.06015263	0.02687213	0.07860580	0.09181802	0.02368975	0.08664751	0.11678973	0.05566623	0.03016647	0.08744109	0.10995704	0.01310019	0.17353996	0.18192789	0.17446304	-0.01363626	-0.04562068	-0.02927530	0.04637598	0.26137583	0.24566441	0.03520535	0.02365112	0.04232539	0.12156161	-0.03876443	-0.01818988	0.03138899	-0.07975509	0.07939355	0.01522599	-0.04044270	0.04285019	0.08984929	0.08131511	0.05398584	-0.04004440	0.14006848	0.35322354	0.13280779	0.08741065	0.07188123	0.13699101	0.00788976	0.07906481	0.06939488	0.08150534	0.10743402	0.07124966	0.10640726	0.09187264	0.08923608	0.10146264	0.18768646	-0.03018181	0.02724407	-0.04112536	0.19360625	0.10523196	-0.00561943	0.01387189	0.05584683	0.07823768	0.05720654	0.22320603	0.16363935	0.14040743	0.10590949	0.16361149	0.03038722	0.11387098	0.10065425	0.15253553	0.17380532	0.19975804	0.12430653	0.04819376	-0.05904878	0.06271396	0.12623025	0.12144303	0.18143672	0.11528347	0.27796226	0.20357701	0.10422634	0.16898132	-0.05651744	0.02018043	0.02810744	-0.03227447	0.02630073	0.14296861	0.09424092	0.08171514	0.12412105	0.10903693	0.18652980	0.16519137	0.15378830	0.10933092	0.03233884	0.06280530	0.05411905	0.21461695	0.18275040	0.10134804	0.20059196	0.22483934	0.01140917	0.19538603	0.04505231	0.13717829	0.25288246	0.09115986	0.28678722	0.17456764	0.16883187	0.11690180	0.19669533	0.14406126	0.06788725	-0.08776080	0.06331407	-0.03490069	0.02382201	-0.07253249	0.00072675	0.04766191	0.01747893	0.28374239	0.10009439	0.18595935	-0.00250849	0.08160921	0.18789698	0.05918379	-0.07479579	-0.04337785	-0.00444989	0.10940695	0.09116722	0.09900474	0.07524663	0.17628320	0.15131912	0.21587327	0.00862434	0.06744156	0.25773190	0.12070921	0.28592942	0.22800896	-0.03425020	0.00922365	-0.08501197	0.14263536	0.03168614	0.12754581	0.14091964	0.14868299	0.21816092	0.05873661	-0.09213278	0.03877074	0.25343301	0.15780004	0.24136282	0.17224420	0.21565797	0.18668324	0.23827574	0.00012396	0.09241330	0.20408334	0.14782102	0.08036130	0.07367442	0.20393455	0.16959489	0.23831643	0.19674610	0.18556479	0.13062405	0.12636474	0.15107799	0.32625197	0.31114971	-0.02018657	0.09780794	0.25787304	0.11450883	0.10861984	0.07116431	0.25716902	0.21347023	0.14589584	0.16728010	0.11407557	0.18513797	0.17280842
17Networks_LH_SomMotB_S2_5	-0.07612040	0.06798663	0.02146240	-0.03342048	-0.06763877	-0.13791365	-0.03476333	0.09318996	-0.13228488	0.06253317	0.03816233	0.12496755	0.17107941	0.23252684	0.07140026	0.26184952	0.22287380	0.02930233	0.18311426	0.29356990	0.09864722	0.17402936	0.13114440	0.27930066	0.28346264	0.12281780	0.15243901	0.28704858	0.19506187	0.20264617	0.14578367	0.13782356	0.26643069	0.16652227	0.12662665	0.19955883	0.16172868	-0.08737891	0.08902278	0.17750623	0.26774639	0.11998553	0.27847131	0.19764153	0.27344802	0.16661199	0.11580305	0.17900081	-0.04699056	0.24257427	0.34300021	0.18518045	0.85917921	0.22967970	0.26812584	0.18552249	0.16793005	0.12674682	0.16216994	-0.01959250	0.20581056	-0.13321952	-0.06763800	0.15167823	0.00391346	-0.02776787	0.23065407	0.10514347	0.12268904	0.13582821	0.21064491	0.21759741	0.22964350	0.26490487	0.13145114	0.21761540	0.25339391	0.25973120	0.17259245	0.15762942	-0.03471746	0.01522353	0.07278182	0.24563935	0.09011004	0.25903008	-0.05781457	0.18141361	0.27563777	0.09255051	0.09480046	0.12774039	0.23929965	-0.02997415	0.36162709	0.31352346	0.18996608	0.35350867	0.04364895	0.08369369	0.10936653	0.10699651	0.15643750	0.03301741	-0.16386718	0.20362676	0.00064667	-0.00006685	0.13880417	0.03231904	0.07379778	-0.05008843	-0.16393607	0.08252770	0.19718977	0.00823919	0.00621107	0.06945072	0.06600803	0.00324044	0.21887297	-0.00935442	0.13520013	0.13190352	0.22724911	0.15726597	-0.02823514	-0.05472169	0.00927328	0.08192196	-0.12707870	-0.07937193	0.17396391	-0.09247600	0.05090572	-0.02962357	-0.00494490	0.17068940	-0.12455280	-0.07054862	-0.10230366	-0.04694513	-0.08043365	0.07199431	0.11337635	0.05949931	0.09168303	0.00273783	-0.17041876	-0.04075987	0.01783783	-0.09479767	-0.19944849	-0.08578050	-0.07789820	0.00577942	0.00813053	0.10023373	-0.11715051	-0.02602581	-0.10584646	-0.11177991	-0.05122038	-0.05145761	-0.08041517	-0.03787165	-0.05179707	-0.01925797	-0.01560547	-0.19396903	-0.12433890	-0.16261333	-0.09991101	-0.17248120	-0.08944517	-0.10778240	-0.05480985	-0.08651755	-0.11543044	-0.05087811	-0.01919723	-0.02630694	-0.01620560	-0.10798579	-0.15894410	-0.10517358	-0.07525592	0.12127074	0.16944499	0.10256314	0.03749823	0.02423476	-0.00275108	0.24213959	-0.09933309	0.00757281	-0.01344157	-0.02424614	0.04213632	-0.11194256	0.03941083	-0.11622472	0.10879995	-0.06954885	-0.13652215	-0.02274242	-0.08350567	-0.01642082	-0.11968874	0.09099600	-0.07355503	0.06191594	0.18932957	0.21204359	0.15888286	0.17506597	0.16352610	0.11830352	0.17258297	0.21030817	0.08360846	0.32647600	0.12000873	0.15658237	0.19749648	0.22672090	0.25068921	0.24201888	0.20705806	0.24441213	0.16933554	0.23577489	0.21237517	0.21286742	0.32862263	-0.00257912	0.09272897	0.04877007	0.06161223	0.22246306	0.10400373	0.17905741	-0.09562353	0.37153580	0.33240655	0.30592283	0.09496135	0.05677503	0.32099509	0.08903730	0.38203158	0.20586403	0.25258606	0.35261854	0.27734279	0.04472468	0.23697039	0.19878685	0.17889143	0.04854222	0.01778967	0.22271392	-0.04959205	0.12002123	0.17199157	0.07389620	0.20530338	0.16813628	0.16816498	0.19006328	0.20587081	0.20829578	0.24343869	0.13364521	0.19704693	0.32028181	0.21256729	0.19931786	0.25520227	0.10666771	-0.11732583	0.28023393	0.27892127	0.20791956	0.25076003	0.34311767	0.23811661	0.00908377	0.13763314	0.26864058	0.29356067	0.10312931	0.16131920	0.22227054	0.01569730	0.31280912	0.09066724	0.39236545	0.17518840	0.26360513	0.32119145	0.13667832	-0.10566126	0.01349494	0.08391544	0.11486678	-0.02780578	0.11672965	-0.06042206	-0.02700830	-0.05895481	0.15541996	0.01900688	0.16107052	-0.03666876	0.10878725	0.13631632	-0.09357751	0.03077704	0.11958997	0.08419374	0.08981052	0.08633748	0.00201589	0.18186093	0.20321233	0.09096034	0.21456186	0.01884241	-0.02345123	-0.17831436	0.01030064	-0.05142491	-0.17666272	0.10451949	0.08765133	0.07096094	-0.10082675	-0.02069855	0.12554724	0.03823869	0.15151436	0.01900413	-0.06640092	-0.05863543	-0.11936796	0.02280958	0.14727297	-0.06431638	-0.02755908	0.14805391	0.10062805	-0.08111169	-0.00645292	0.14585993	0.06750419	0.17148898	-0.00739582	-0.12488160	-0.02925269	-0.06772038	-0.05922507	-0.05060838	-0.07209042	0.00655419	0.03638757	-0.06075191	-0.06816790	-0.07942372	-0.06809313	-0.07063355	-0.11211004	-0.06406770	0.04889955	-0.16811517	0.01354135	-0.04862077	-0.09549033	-0.10439763	-0.02574610	-0.10504452	-0.05066093	-0.09612175	-0.01022948	-0.03094329	0.02280248	0.10766245	0.05748666	0.10396240	0.11647783	0.04017198	0.05118369	0.04025720	0.09376827	-0.17039742	0.07362568	-0.12823415	0.05483533	-0.16142716	-0.12443512	0.00786168	0.04370213	0.03834926	0.11373927	0.05748995	-0.01343721	0.03045090	0.19259266	-0.01075666	0.04517556	-0.01146806	0.02502026	0.12478927	0.15254857	0.11495433	0.05878368	0.20488245	0.02296750	-0.00496220	0.06513116	0.12365111	0.00044574	0.04798468	0.06900741	-0.00808066	0.11890785	0.15358836	-0.00872842	-0.00789854	0.09022785	0.08167296	-0.02753512	0.15988163	0.03239049	0.17750070	0.08481108	0.20950702	0.22316200	0.24534085	0.18573398	-0.03667464	0.14157378	0.08014023	0.05091802	-0.07601307	0.00975275	-0.02023310	0.03030756	0.16653630	0.23406192	0.23056987	0.06805441	0.22739666	0.27893928	0.22168580	0.23884952	0.06153463	-0.03440231	0.04729630	-0.09539843	-0.01396111	-0.08706033	-0.04378115	0.05508042
17Networks_LH_SomMotB_S2_6	0.01184813	0.06223141	0.09900984	0.12715568	0.00562603	-0.23637665	0.06487145	-0.08667291	-0.24262281	-0.06919860	-0.01561367	-0.14708704	-0.04039121	0.12970485	0.07277237	0.20715063	0.21870067	-0.00479114	0.29249356	0.15118138	0.18176542	0.09531712	0.10140725	0.23556508	0.04436532	0.05421702	-0.00647595	0.07719704	-0.06990243	0.23668966	-0.15004068	-0.07476006	0.02011462	-0.08057608	-0.10995960	0.08694156	-0.09632033	-0.01309483	-0.04098495	0.03532973	-0.09214282	0.04907292	0.02999515	0.18464440	0.22978868	0.08390309	0.25629291	-0.03118414	0.16438541	0.14528103	0.19814996	0.07048628	0.22967970	0.91499270	0.21031712	0.18016785	0.04656253	-0.10831294	-0.10494800	-0.05544329	-0.09813226	-0.01340576	-0.06976220	0.01735628	-0.15484352	-0.16786186	0.07051978	-0.03026526	-0.02282470	-0.01625669	0.11828063	0.05342647	0.51193607	0.13421123	0.28559728	-0.01733479	-0.04437365	-0.04048986	0.29336451	0.23528726	0.13220269	0.01724231	-0.02102183	0.18840405	-0.09162785	0.31179100	-0.06846177	0.41930273	0.44177851	0.13489794	0.09011727	0.21533475	0.31342226	0.20595568	0.09688050	0.33548336	0.21408211	0.17328997	0.01722682	-0.04525609	0.28802175	0.12119987	0.27068413	0.07768136	-0.17120024	0.03695723	0.22118543	-0.08690526	0.03042921	-0.10600029	-0.05542794	-0.20493642	-0.15367018	-0.02581865	-0.00397505	-0.01865048	0.06572859	-0.02349599	-0.00325859	-0.12378287	0.19439333	-0.10937792	0.28645174	0.07981918	0.05777038	0.30955275	0.08595440	0.18756056	0.25562798	0.23526887	-0.00966739	-0.04779263	0.14008832	-0.06841977	0.19704467	-0.06474382	0.12322171	0.13533083	-0.16123283	-0.06814314	-0.13252586	-0.03756133	-0.16470196	0.00131764	0.07906637	0.00110865	0.04349935	-0.09542510	-0.32534931	-0.01814756	-0.01612084	-0.17637969	-0.25529118	-0.19808107	-0.26225353	-0.10677563	-0.06235426	-0.01109298	-0.25305759	-0.16815675	-0.18913175	-0.17078403	-0.17006850	-0.23182282	-0.07615122	-0.12405592	-0.22597474	-0.19316487	-0.05072855	-0.26908984	0.02984831	-0.29119272	-0.26810652	-0.24176736	-0.19394336	-0.18231166	-0.10843443	-0.15505722	0.02497642	-0.01074018	-0.17158513	-0.13472051	-0.34078191	-0.02312632	-0.27133516	-0.18843441	-0.07512335	0.23684695	0.09953531	-0.04765561	-0.01651857	0.04399237	0.00876427	0.08762540	-0.00196596	0.08213538	0.04878277	0.17180547	0.09406442	-0.06041262	-0.12254945	0.07155143	0.07986908	-0.00847066	-0.05378829	0.10940387	-0.10684447	-0.06442902	-0.14044503	-0.09960114	0.05323276	0.01334187	-0.02742137	-0.00962347	0.19561491	0.03522712	0.05592720	0.14223460	0.00989394	0.17650662	0.24751710	0.22016245	0.14979862	0.00796487	0.01317737	0.07799197	-0.11382008	0.06827578	-0.14692044	-0.11337511	-0.15721530	-0.07774056	-0.18537222	-0.15762825	0.07346982	0.11237351	-0.06759076	-0.10463304	-0.02541952	0.03688420	0.03692625	0.01436471	-0.03495059	0.27647580	0.27545317	0.09583457	0.18932660	-0.02680013	0.29074265	0.04030843	0.19772918	0.20624692	0.10974358	0.24185224	0.12539969	0.21996776	0.08391367	0.00099136	-0.05919677	-0.03176388	-0.03590418	-0.04410620	-0.24059817	-0.04439300	0.05334723	-0.05780059	0.09231657	-0.07145295	-0.00583572	0.14203939	0.04461568	0.06816024	0.25513546	0.12164792	0.30449500	0.21327092	0.13142660	-0.05123787	0.22097767	0.07909474	-0.04986852	0.18211818	0.12330001	0.17444516	0.31824584	0.44731520	0.35735323	0.12926148	-0.00380616	0.29760003	0.24866733	0.26291008	0.17765732	0.31174833	0.05139177	0.21563401	0.10934091	0.27047210	0.31687210	0.34365775	0.08185143	0.05025672	-0.15407184	0.17250287	0.26539781	0.20107921	-0.03162625	0.18358387	-0.20934386	-0.04810271	-0.14326325	0.02644574	0.03218909	0.08702952	-0.11768308	0.09596256	-0.07115035	-0.14259909	0.01773665	-0.05785615	0.02818531	-0.02648849	0.01509217	-0.04738434	0.08115842	0.34644469	0.16142004	0.05371706	-0.15503667	-0.06120965	-0.14823099	-0.06712357	0.21449425	-0.30343621	0.15734785	-0.09635493	0.08369393	-0.10058632	-0.00738008	0.28601762	0.22916280	0.17195626	-0.10068518	-0.18781908	-0.16778606	-0.10308237	-0.12365422	0.07275747	-0.07940594	-0.09280757	0.03834827	0.07604116	-0.23388855	-0.10846304	0.11238171	-0.14961815	0.01314684	-0.30610752	-0.22112452	-0.02921398	-0.26015501	-0.29432452	-0.24707173	-0.27555999	-0.12123712	-0.15976305	-0.23700503	-0.15319917	-0.13916433	-0.13232022	-0.24588172	-0.15577080	-0.14925184	-0.05070039	-0.15683865	-0.29760041	-0.17135381	-0.21722083	-0.22532303	-0.24811554	-0.06466132	-0.25829154	-0.24118095	-0.11553144	-0.02874349	0.11986091	0.01597999	-0.01766968	0.10900743	0.00368680	-0.03404999	-0.19810604	0.09542716	-0.00152095	-0.22349108	0.10367999	-0.14731736	0.08593970	-0.26102890	-0.09339211	-0.10345500	0.03369446	0.00555177	0.03772148	0.02859161	-0.08406965	-0.15784868	0.03265772	-0.06078010	-0.06922427	-0.21812024	-0.07492838	-0.04720467	0.01994850	-0.07385659	-0.00126379	-0.07855271	0.05046905	-0.04950986	0.03807970	0.04844259	-0.11733849	-0.18520143	-0.10290273	-0.15647886	-0.09922996	-0.11120402	-0.16366486	-0.08531994	0.03146418	-0.03529353	-0.00958900	-0.09107626	-0.01170057	-0.10903033	-0.15240216	0.10917942	-0.05374839	0.00561802	-0.08061016	-0.10092352	0.09361188	0.01554599	0.04770568	-0.09186378	-0.15161720	-0.19554774	-0.05900397	0.03621257	-0.10040034	-0.07523488	0.01367809	-0.12032814	-0.05308813	0.00821707	-0.06902493	-0.00173925	0.01327440	-0.10392225	-0.02528555	-0.05568470	-0.12413006	-0.03695553	-0.05071156
17Networks_LH_SomMotB_Cent_1	0.10338228	0.07473075	0.10542055	0.01855270	-0.06798749	0.04862521	0.02513361	0.20629145	0.00558097	0.17347763	0.03277001	0.11090390	0.22978220	0.13154241	0.06718888	0.08477140	0.10192838	-0.04008290	-0.01767484	0.15644976	-0.01604756	0.05148417	0.04126422	0.20332905	0.19818348	0.11308679	0.35695965	0.23330029	0.20532146	0.13647589	0.06614104	0.11386868	0.19253537	0.20157334	0.04448800	0.08861433	0.10000358	-0.02093633	0.06568085	0.08973125	0.14317037	0.07647561	0.10939682	0.23624735	0.18320475	0.14486065	0.36413474	0.17222747	0.08094100	0.34459373	0.33188745	0.17612109	0.26812584	0.21031712	0.89668370	0.28593755	0.44735918	0.13844823	0.31813934	0.12504497	0.15494576	0.07745520	0.17516273	0.16193516	0.01333367	0.05235362	0.14456524	0.09466151	0.14690522	0.13450862	0.00719345	0.06758025	0.21128078	0.28510440	0.17763132	0.20179385	0.19227730	0.10829708	0.04909824	0.00971845	0.02882002	0.12916664	-0.02943718	0.16798912	0.20939580	0.15788560	-0.02065212	0.07272115	0.32333635	0.04356380	0.19922381	0.21669690	0.28047660	0.11338961	0.24420687	0.08267916	0.10754634	0.30670937	0.14429994	0.05960430	0.05823956	0.07973529	0.09373332	0.02712826	-0.04491876	0.08401928	0.01812362	-0.01897393	-0.04105991	0.01170981	0.05341188	-0.11701108	0.02351072	0.07215159	0.06209570	0.04515549	-0.02656445	0.04567645	-0.04872189	-0.03794075	0.11153542	0.15024039	0.01376189	0.04182679	0.23385250	0.10135178	0.03728876	0.02606141	0.02034919	0.23223021	0.03437803	0.02349644	0.10333139	0.00568893	0.00973589	-0.07473417	-0.01901267	0.11524312	-0.09887932	-0.00284532	0.01204887	0.02105837	0.04502426	-0.06600851	0.03507761	-0.05110928	-0.04113043	-0.13116081	-0.10059125	-0.12514195	-0.09536959	-0.09112285	-0.13011615	-0.04199504	-0.00989009	-0.06915120	-0.15791742	0.00796767	-0.03809888	-0.10407674	-0.04355396	-0.16018939	-0.04301789	-0.07290604	-0.00683252	-0.06223438	-0.06123045	-0.00224684	-0.04427741	-0.10181519	-0.01266841	-0.06464990	0.05439817	-0.10728827	0.04190948	0.09589630	-0.05377459	-0.06739086	0.00926830	0.03496148	-0.03715840	-0.01273195	-0.03150901	-0.11347781	-0.02973269	-0.02923022	0.04347302	0.00774761	0.07430324	-0.03274403	-0.07306587	-0.02457914	0.08024077	0.15373106	-0.00733588	0.15894742	0.05733258	0.02385068	0.08149729	-0.03899943	0.14274638	0.05409132	0.21964861	0.12310774	0.02734851	0.17444398	0.11496302	0.15122715	0.05976104	0.24467318	0.10054511	0.19167946	0.21632459	0.11685231	0.04176341	-0.03591176	0.12716308	-0.03507956	0.06984815	0.11426633	0.00561205	0.15586118	0.08040108	0.14012245	0.23973047	0.29486284	0.14409633	0.14646844	0.18575508	0.08852773	0.02979774	0.16064341	0.14064865	0.08935259	0.11215813	0.01382228	-0.05754338	-0.03448490	0.06144035	0.10570537	0.08073973	0.13991432	-0.00537989	0.20084748	0.13992945	0.21486036	0.21858818	0.05175937	0.18653375	0.16200941	0.32025659	0.19273543	0.23564911	0.19300067	0.32170303	0.09627911	0.33978540	0.19376248	0.05262750	-0.02777417	0.04646548	0.21820176	-0.06509648	0.11623923	0.10724371	0.15440945	0.09175149	0.11571481	0.07673299	0.05878308	-0.00182887	0.00452785	0.08606896	0.35461221	0.13141734	0.09475177	0.17753303	0.00707538	0.05674363	-0.06947431	-0.12245423	0.09127908	0.11157603	0.16055859	0.14749201	0.29160418	0.12336093	0.07702333	0.08907107	0.09164581	0.12905357	0.21889137	0.16947752	0.15033980	-0.01602492	0.24183875	0.11226024	0.10554332	0.12823227	0.11257654	0.07550990	0.15978115	0.05716504	-0.04010190	0.06468907	0.06128303	-0.04543719	0.05604629	-0.01481786	0.07455994	-0.03355859	0.09803879	-0.05359845	0.06290184	-0.01345060	0.03024088	0.03925464	-0.03447108	0.03177906	0.05295108	0.07602288	0.12050499	0.05102264	-0.02926521	0.20055897	0.06009405	0.02612943	0.15269867	0.03731882	0.06856096	-0.05379409	0.00875304	0.15284151	-0.03822664	0.03947412	0.12288833	0.03617251	-0.13617428	-0.05082095	0.04032676	0.03600175	0.05671118	0.04693627	-0.03544596	0.03857548	-0.08547606	-0.00657788	0.02280778	-0.06999856	0.06928469	-0.02992992	0.03228484	-0.07672351	-0.07981920	-0.04779310	-0.02269353	-0.09577837	0.07200636	-0.07480398	-0.00670063	-0.00379633	0.00825042	-0.01879357	-0.01538525	-0.08068469	-0.11973690	-0.10656418	-0.07088463	0.02070576	-0.08459088	-0.04240521	0.03017346	-0.07621611	-0.01841098	-0.06438548	-0.07054162	0.03057851	0.03340430	0.06172098	0.02437095	-0.00579305	-0.07847209	0.01821005	0.00524567	-0.00019186	-0.00274044	0.00498047	-0.04698559	-0.01583931	-0.11111204	-0.00536418	0.06677095	0.09407720	0.12702173	-0.00290598	0.11401074	-0.06938187	0.20004809	-0.08915322	-0.11398759	0.01077864	-0.00789689	-0.00585740	0.10237449	0.14111018	-0.02967517	-0.00999142	0.16263250	0.03022769	0.09162793	-0.01877108	0.09050240	0.18336770	0.18755946	0.11570756	0.10640466	0.15846566	-0.07784215	0.10872967	0.03068903	0.05505981	-0.07069353	0.02953029	0.03253923	0.04336993	0.02471745	0.13931388	-0.02090373	0.02906547	0.13757993	0.08023592	0.08789276	0.03083898	0.08850936	0.20897383	0.15180023	0.09279756	0.13535774	0.06097143	0.01437562	-0.07018710	0.11952250	0.07956601	0.10050005	0.01630924	0.06782199	0.05978327	0.14921607	0.15351451	0.14212444	0.25841715	0.09958250	0.04983548	0.15259770	0.16271210	0.10958948	0.07498026	0.01140360	0.04582019	0.03856018	0.04100584	0.02536822	0.09258401	0.10872884
17Networks_LH_SomMotB_Cent_2	-0.12401447	-0.15103681	-0.01943477	-0.19834607	-0.06140137	-0.00483698	-0.23289493	0.08867481	-0.18185418	0.04829298	-0.10128018	-0.13636693	-0.00512274	-0.01796900	-0.21170490	0.14732207	0.10532084	-0.19348590	-0.07017511	-0.02081820	-0.11032997	-0.02429743	-0.05606493	0.01257720	0.02128108	0.03857587	0.21881101	0.00059205	-0.04164405	-0.06631876	-0.06440711	-0.10013248	-0.02638590	-0.02432218	-0.18720778	-0.14391173	-0.08947182	-0.15547152	-0.16446222	-0.10675420	-0.11537430	-0.05147162	-0.07418699	0.08053632	0.15115357	0.11405848	0.19497911	0.04220696	0.09466884	0.14240710	0.16251911	-0.00218212	0.18552249	0.18016785	0.28593755	1.06663787	0.30448346	0.00709190	0.17909429	-0.04544904	0.02845166	-0.11764120	-0.06952324	0.02000252	-0.23002379	-0.07625179	0.02142520	-0.03712089	-0.05682255	-0.14553761	-0.08221549	-0.12672215	0.14528497	0.23483587	0.11356640	-0.03029304	-0.15008259	-0.05612270	-0.08323192	-0.05900105	-0.06224895	0.03385326	-0.14654683	-0.05843412	-0.02434814	-0.00429987	0.11380627	0.13506379	0.15642010	0.15089430	0.09959517	0.11364575	-0.04933301	0.10080970	-0.02270156	-0.13825312	-0.02238548	0.00085753	-0.06839417	-0.14568183	0.06807422	-0.14168976	0.07107609	-0.01236021	-0.06942409	-0.02877895	-0.14806499	-0.12190263	-0.18028712	-0.19933870	0.03257435	-0.27171654	-0.07940828	0.09793581	0.03782066	0.05520568	0.05330472	-0.01852601	-0.00078416	-0.17717552	0.04532952	-0.11530436	0.12796591	-0.09713000	0.01999105	0.04268885	-0.07394924	0.01775521	0.04838966	0.07618179	-0.04476858	-0.02323521	-0.00531604	-0.08313401	-0.13174114	-0.12462950	-0.01287452	0.01662819	-0.07066248	-0.00365181	-0.17045086	-0.10037959	0.01855951	-0.03465848	-0.08193422	-0.08201245	-0.07573524	-0.15028080	-0.17652308	-0.10388146	-0.03298741	0.03752808	-0.15800697	-0.17368579	-0.07942059	-0.17064647	-0.14034857	-0.10077939	-0.11670686	-0.05531746	-0.21339927	-0.27398639	-0.15943731	-0.00691571	-0.16050977	0.08512044	-0.04597330	0.02810536	0.02152033	-0.06635519	0.01505925	-0.09703492	-0.04669576	-0.02075576	-0.04072246	-0.00578844	-0.05826127	-0.05408552	-0.05169432	-0.14282859	0.00830931	-0.04640337	-0.11157542	-0.12919844	-0.07917362	-0.03398843	-0.00338323	-0.05806899	-0.04021926	-0.10831873	-0.12048088	-0.03120835	-0.04792830	-0.00335028	-0.12401018	0.08072670	0.04467699	-0.00014103	0.07302863	0.01537090	-0.05027880	-0.03560324	0.03720453	-0.13709306	0.02745077	0.00224108	-0.06783811	0.01691254	-0.09922028	0.11309421	-0.03794113	-0.00752430	0.06574950	0.11775330	-0.08181815	-0.09007104	0.07056353	-0.08940161	0.00232244	0.00004706	-0.06649118	0.04621192	-0.04329531	0.09633072	0.26358553	0.12965732	-0.09563710	-0.15692509	-0.01691078	-0.04783668	-0.20318152	-0.09487927	-0.10140889	-0.11618588	-0.10402795	-0.04979916	-0.04141676	-0.12757495	-0.05816269	-0.01964028	-0.08089712	-0.10431874	-0.14614652	0.02935753	0.04078518	-0.02767019	0.17560817	-0.14221162	0.10026663	0.19413378	0.17660380	0.00514287	-0.06564132	0.04664651	0.14799182	0.02517509	0.15431376	0.07955106	0.02092594	-0.17922123	-0.13413979	0.05006171	-0.17643650	-0.05478279	0.00530905	0.01527203	-0.04152189	-0.05159865	-0.07406724	-0.03046155	-0.11151442	-0.03841882	0.05706368	0.30506994	0.13849174	-0.02719466	0.05389428	-0.12166147	-0.01259839	-0.12843344	-0.15945962	-0.05195562	-0.14048347	-0.08097068	0.08449546	0.12328173	0.15961285	0.07507456	-0.04376118	0.06371236	0.03070319	0.00765588	0.06701132	0.08278178	0.22935041	0.00456764	-0.01167371	-0.01993919	0.13436449	-0.03799368	-0.03789781	-0.08807640	-0.08615000	0.22621099	0.11975201	0.02941276	0.04258896	-0.03451035	0.04839544	0.11857872	0.03456944	-0.02834460	-0.01744060	-0.03412613	0.04735231	0.05562498	-0.15187369	0.03254521	-0.06806190	0.05588905	0.01072561	-0.02265361	0.14219840	-0.20475197	0.06562271	0.09705046	0.06590952	0.01966136	-0.07321977	0.00849419	-0.01720437	-0.02470555	0.15482092	0.01312521	-0.07943039	-0.07789797	-0.07657849	-0.04646528	0.06304294	0.18334626	0.13673461	-0.00030206	0.01015997	0.00113771	-0.12902338	-0.17931713	-0.13670315	0.02512995	-0.29026141	0.11360573	-0.02735669	0.05631238	-0.23097517	-0.12197557	0.02659442	-0.08662283	-0.06750899	0.06634094	-0.14756830	-0.04287715	-0.14353404	-0.11393245	-0.13270588	-0.11625098	-0.09867642	-0.12657642	-0.12409742	-0.20944637	-0.18198922	-0.09245715	-0.16486029	-0.11950639	-0.03778634	-0.03574468	-0.05277341	-0.07453181	-0.11945153	0.07415350	-0.05731662	-0.01064438	-0.04272273	-0.02292285	0.01661310	0.09565413	-0.15571939	-0.06090438	-0.08348645	-0.14632516	-0.21109299	-0.11985818	-0.09093613	-0.05268864	0.00738727	0.03069994	-0.07572978	0.01990622	0.01042479	0.12208117	-0.09447750	0.09836432	-0.04180954	-0.02117702	-0.09610210	0.01221942	0.04351016	-0.01257514	-0.18029245	-0.07019695	0.10704713	-0.06551467	0.04853788	-0.13525658	-0.00346937	0.00326642	-0.00816951	-0.00697726	0.08980215	-0.20227706	-0.03158663	-0.09419449	-0.08319802	-0.15707514	-0.06178221	-0.14490531	0.00061199	0.08826121	0.11076267	-0.22563333	-0.14807243	-0.01114711	-0.04099677	-0.17406135	-0.15509510	0.00084733	0.02085176	0.09577328	0.07814435	-0.00438247	0.00491862	-0.02867258	-0.22999157	-0.07707707	-0.11790373	-0.11392024	-0.21194585	-0.15482960	-0.16328300	0.02040626	-0.03533778	-0.12147821	-0.05851573	-0.00756991	-0.05322612	-0.09652312	-0.02364419	0.07793654	-0.05291609	-0.07440947	-0.16847167	-0.11389684	-0.14565531	-0.13815919	-0.07008278	-0.01566992
17Networks_LH_SomMotB_Cent_3	0.15816457	0.12678163	0.16812092	0.14389501	0.02473689	0.12158476	0.06665389	0.19459199	0.07392339	0.13307489	0.06465809	0.02387980	0.19463537	0.16100960	0.11896107	0.06194423	0.04932015	0.02983848	-0.08708825	0.14882006	-0.05039698	0.00994329	0.07450893	0.09745966	0.15476967	0.20908755	0.34951394	0.25205128	0.22045235	-0.00329161	0.07221071	0.29901092	0.17274968	0.25715822	0.13037337	0.14383522	0.14998465	0.05651696	0.08353216	0.22744927	0.07003331	0.04777832	0.02473211	0.23535559	0.28602167	0.15659501	0.19424631	0.08497844	0.11195017	0.31129110	0.28997329	0.19892187	0.16793005	0.04656253	0.44735918	0.30448346	1.03125648	0.20835694	0.61367875	0.25472899	0.24795685	0.12921162	0.16620601	0.20458649	0.04698080	0.08254361	0.07052730	0.08027289	0.13795912	0.14863970	0.05667186	0.09458713	0.02846458	0.30988290	0.08398637	0.28282640	0.18069446	0.09363530	-0.03068453	-0.03616002	-0.02614033	0.20719671	0.09909246	0.20221686	0.28786956	0.01112192	0.07154889	-0.09858024	0.09696150	-0.03844303	0.14939556	0.07380182	0.04955916	0.21650370	0.17169081	-0.10013998	-0.00942993	0.15722240	0.20353688	0.12275061	0.03215909	0.15736070	0.04915479	-0.06305116	0.02162215	0.12340320	0.09223803	0.10455183	-0.05360859	0.05277671	-0.03238397	-0.09988896	0.09883851	0.17136524	0.08068809	0.07163283	-0.04268940	0.17178505	0.04693858	-0.01048880	0.07391746	0.16381705	0.00865392	0.15161686	0.27610412	0.07227149	0.14114275	0.04239582	0.04738423	0.26886354	0.14567051	0.18517600	-0.01722430	0.11232318	-0.03213703	0.16771709	0.03865982	0.16340701	-0.00634754	0.10704610	0.10445416	0.14362680	0.21263544	0.01151055	0.04108229	0.08291393	-0.02566817	-0.07038327	0.05659697	-0.02382480	0.00712246	0.19365013	0.03903934	-0.00975489	0.12755617	0.06327303	-0.14051183	0.01764190	0.11474928	-0.03892681	0.13119550	-0.03605002	0.14846246	0.12166281	0.13300412	0.02363013	0.02484131	0.04299912	0.12335637	0.07315219	-0.00105238	0.09395946	0.13422341	0.10826314	0.20146150	0.21699535	0.12199962	0.12764075	0.02308137	0.17117578	0.05717066	0.12908911	0.08404154	-0.05710890	0.06169463	0.07058394	0.15600547	-0.11218459	0.09736150	-0.03109724	-0.14701362	0.08281555	0.06169777	0.05766432	0.07998041	0.15236483	0.12880683	-0.07990165	0.14845242	0.04109540	0.20414481	0.14276049	0.23226989	0.15336882	0.21214968	0.16076111	0.22110423	0.13360734	0.12459734	0.29491529	0.08645382	0.14525566	0.23983124	0.07017137	0.01704947	0.01012018	0.11458086	-0.06521724	0.12170716	0.13682734	-0.01760278	0.15476894	0.03233592	0.37046064	0.25828384	0.21821202	0.16748235	0.05826203	0.22022489	0.05859871	0.05975246	0.14369316	0.13387838	0.15635097	0.09916928	0.01974155	-0.04420956	-0.02195060	0.05154705	0.03941892	0.04647002	0.12480853	0.02934391	0.14021446	0.07059156	0.06636603	0.21162738	-0.01923229	0.16238027	0.18253520	0.20524024	0.10279864	0.06987922	0.05622252	0.40766109	0.04257391	0.46076025	0.27558222	0.11811822	0.09469819	0.10808123	0.29931205	0.02802014	0.10964429	0.10264579	0.14211782	0.07042715	0.15458937	0.10846271	0.06801206	0.04102693	0.02118067	0.01145148	0.56026689	0.10142772	-0.06041710	0.17766714	0.09535887	-0.00603132	-0.08264268	-0.01942003	0.00192331	0.12746708	0.15578576	0.02373949	0.08925875	0.04264471	0.19084525	0.13295826	-0.12712809	0.01215239	0.00517390	0.03747767	0.02690486	0.12843253	0.05163538	0.03024392	-0.04938693	0.16288080	-0.02410362	-0.05616459	0.23920388	0.10721826	0.03754416	0.04054293	0.14334234	0.11146466	0.07425859	0.03501747	0.06139287	0.16440098	0.08413840	0.03382482	0.01650936	0.11139003	0.07654887	0.01689885	0.15349095	0.14217877	0.15518422	0.14797267	0.24507140	0.22560662	-0.05832759	0.12399713	-0.05291378	0.03208030	0.21946825	0.25844266	0.21849109	0.12622936	0.16426268	0.12820898	0.15609413	-0.00445173	0.26970959	0.09267959	0.16188251	0.11572652	0.00985763	-0.06218583	0.14912356	0.25587691	0.17981110	0.25095035	-0.03812423	0.11319870	0.09622474	0.06041643	0.23028706	-0.04232861	0.03624440	0.07517995	-0.00407417	-0.03597933	-0.15659402	-0.05818830	0.22976522	0.15689546	0.13940129	0.12781420	0.15856463	0.06109603	0.14799354	0.00599548	0.04004474	0.13029957	0.10170784	0.07201935	0.06996883	0.13047275	0.26652960	0.01719326	0.06029675	0.08349620	0.20676732	0.23458457	0.15568484	0.32718358	0.18391841	0.20706106	0.06596334	0.13098855	0.11343825	0.06470316	0.02029664	0.03080490	-0.10739325	-0.09580361	-0.12269353	0.04805462	0.13080147	0.13882967	0.10808470	0.13208533	0.05586450	0.01035350	0.27768804	0.13134043	0.02135509	0.19704789	-0.03129377	0.04815143	0.21434271	0.08646059	0.10586504	0.05146545	0.15103549	0.10711205	0.04686009	0.10025040	0.21092667	0.19068997	0.09226081	0.17492140	0.17162025	0.23704735	-0.21078731	0.22556262	0.12226852	-0.05028128	-0.06309935	0.16200050	0.17200528	-0.05604866	-0.02317429	0.11064909	-0.01319775	0.02203880	-0.00183040	0.14820969	-0.01450427	0.06766042	0.19861933	0.17130283	0.15319321	0.08076718	0.12659784	0.12252252	0.08731954	0.07929892	0.21292770	0.18196334	0.16845937	0.14573068	0.23171965	0.22769221	0.24598713	0.09569296	0.19165428	0.24188028	0.04705444	0.05684555	0.19093604	0.25833118	0.03687421	0.16161956	0.12361902	0.17374917	0.20153929	0.10956901	0.13427444	0.20701082	0.19297038
17Networks_LH_SomMotB_Cent_4	0.05538927	-0.00860303	-0.02855853	0.01843697	0.10003914	0.13600958	0.02070287	0.22767712	0.18651511	0.09028019	-0.00332808	0.17783889	0.14699286	0.11535289	-0.10846161	-0.03760771	0.12384055	-0.16842212	-0.17506807	0.06274440	-0.24605927	-0.07765193	-0.14119371	-0.07037278	0.27945757	0.18937430	0.31152299	0.30959947	0.37709944	0.12938103	0.28734380	0.48425555	0.48799174	0.42118366	0.24357764	0.24724606	0.31589956	0.10486528	0.22874920	0.38737665	0.21101504	0.04364975	0.26210607	-0.04249500	-0.03063064	-0.14655026	-0.05774976	0.03908567	-0.09603279	0.00632569	0.20807606	0.29971685	0.12674682	-0.10831294	0.13844823	0.00709190	0.20835694	1.01563241	0.23967871	0.14999380	0.13527453	0.11117752	0.18539502	0.26623722	0.21411439	0.30695842	0.32060991	0.29826151	0.30988954	0.34630733	0.21415827	0.28619106	0.00273368	0.14033371	0.17700137	0.37036057	0.45503116	0.26856149	-0.04549141	-0.05961862	-0.02458354	0.27767671	0.15005143	0.11055309	0.23849705	-0.02722514	-0.02992729	0.03332356	-0.03547151	-0.22636889	0.14814100	0.15195443	-0.00174677	0.04091516	0.39817713	0.07949040	0.02657531	0.33691216	0.12298673	0.17912430	0.02680284	0.13894767	0.09308000	-0.06687963	0.00529861	0.14119851	-0.04188686	0.03639924	-0.06814693	0.09512683	0.10883102	0.03504022	-0.23774008	0.01077316	0.01905594	0.01667336	-0.16463732	-0.07155478	-0.01935736	-0.00062103	0.10216101	0.37076491	0.05093092	0.14736600	0.30970976	0.02160181	-0.02600837	-0.00481683	-0.01172212	0.20015589	-0.08296067	-0.06211925	0.19127318	0.03290694	-0.05725603	0.02228860	0.03595350	0.10573070	-0.00820557	-0.08704343	-0.13934581	-0.03098178	-0.05429818	-0.16395145	-0.04384960	0.02863820	0.09799210	-0.02561098	-0.09856952	-0.17355586	-0.04934951	-0.07761230	-0.06602701	-0.03305832	-0.01338477	-0.02566247	-0.07284930	0.11362200	-0.09756681	-0.00492758	0.00241266	0.08030334	-0.02735530	-0.02663757	-0.03506996	-0.01284917	0.05776068	-0.12759077	-0.15314494	0.01044012	-0.14641636	-0.04248900	0.15675527	-0.08973787	0.05014455	-0.05322676	-0.08744012	-0.01198820	-0.00499967	0.09543615	-0.04734819	-0.08014955	0.11164906	-0.03567409	-0.02388064	0.12420539	0.06322686	0.01637380	0.03455173	0.00289086	-0.09932850	-0.02973014	-0.19589773	-0.16580881	0.02990670	0.02564638	-0.07377303	-0.04788591	0.08908481	-0.09900089	0.22511695	0.00576725	-0.04411676	-0.00646477	-0.06970492	0.10465991	-0.01972650	0.22993806	0.10203022	0.27965887	0.04032397	-0.04499015	0.05808835	-0.14866870	-0.00679333	0.02902312	0.02313309	-0.18965979	0.01874071	-0.00813278	-0.25528364	-0.04414999	-0.05635670	0.23588911	0.27459848	0.35755783	0.40438050	0.30484737	0.39528733	0.47133261	0.25337862	0.34170222	0.40493424	0.40026680	0.26089645	0.01667167	0.09192471	0.02463645	-0.02891036	0.14173542	0.14168079	0.15911022	0.19053139	0.03855094	-0.06617086	-0.12696880	-0.17795720	0.03592784	0.17123816	0.16569622	0.14292690	-0.03264934	0.20352028	0.07515787	0.26080089	0.07383121	0.40286596	0.43873545	0.24696663	0.07200630	-0.05063576	0.31411906	0.02048495	-0.03922496	0.13798162	0.26913721	0.18867691	0.23425393	0.27691231	0.18857420	0.16490495	0.16853248	0.00744604	0.04324540	0.00695869	0.17917293	0.23651837	0.19780683	0.09119252	-0.08292947	-0.02641424	0.15621873	0.10963167	0.25864142	0.14369945	-0.00649572	0.08696871	0.02175201	-0.08973053	0.01051930	-0.14671129	-0.12685481	0.14474055	0.05857748	0.01115188	0.12954278	-0.01926404	0.14789651	-0.00720179	0.10430855	0.29742926	0.22710198	0.17444698	-0.00660004	-0.01417586	0.02977419	-0.05763979	0.14392360	0.15613959	0.09965072	0.02352600	0.11907702	0.03282860	0.06466483	0.07526913	-0.00188614	0.14889940	-0.15789611	-0.10403552	-0.03098679	0.23707309	-0.03730480	-0.05166444	-0.15889261	0.26459390	0.17408918	-0.06507714	0.27299004	-0.01074717	0.02677697	-0.06333071	0.05232873	0.01230939	0.13862260	0.12351264	-0.08631509	0.06956280	-0.13505985	-0.12601195	0.00343090	-0.19540217	0.05217820	-0.05944284	-0.01580281	0.03708217	0.02148151	0.02951560	0.03065700	-0.04950587	-0.06851748	-0.18213550	-0.17473393	-0.07142876	-0.05344008	0.09309984	0.10618147	0.11704882	0.01396087	-0.07059262	-0.08533710	0.14377100	0.06500234	0.04687055	-0.01581138	0.00896031	0.00518311	-0.03197424	0.13398642	0.00029844	-0.00968562	0.06940906	-0.01041913	0.01987453	0.05832589	-0.04285272	0.18027550	0.12901868	0.03703859	0.16150134	0.13924062	0.08496787	0.13753389	0.14080814	0.11156271	0.00266734	-0.13593628	-0.08682002	-0.08196473	-0.03878091	0.10032140	0.02624473	0.14506149	0.11993374	0.15073924	0.17294507	0.10163230	-0.10504326	0.09472736	0.02014214	-0.04456534	-0.10635098	-0.10804286	-0.04283614	0.06315260	-0.02992777	0.02981005	0.12785514	0.29636787	0.06436808	0.20905041	0.07612009	0.19228083	0.32718960	0.12979228	0.13611726	0.19936220	-0.11421477	-0.02530880	-0.06322120	0.09587436	-0.05677778	0.12024978	0.12945618	0.05937932	0.21762203	0.18668895	0.02525412	0.05423825	0.32312582	0.24019662	0.11780022	0.15457703	0.16962081	0.17793149	0.32286227	0.01389244	0.00024609	0.12291407	0.09261564	0.17446868	0.11013145	0.08020295	0.09103682	0.11751588	0.11969788	0.07319360	0.01881411	-0.05581819	0.16047462	0.19936313	0.41370411	-0.00699550	0.13740372	0.26504624	0.05824967	0.16485490	0.16259435	0.15663967	0.15913645	0.02579230	0.15483817	0.11991979	0.03795608	-0.02639536
17Networks_LH_SomMotB_Cent_5	0.32517625	0.17905527	0.25904484	0.24656499	0.03424315	0.12106480	0.18960366	0.15562912	0.22201976	0.18069749	0.07092564	0.12833207	0.20957425	0.23064036	0.20562690	0.04478897	0.01272381	0.11268134	-0.12719194	0.16714893	-0.04830501	0.01962177	0.06032190	0.09726014	0.17489326	0.26703828	0.46810069	0.27336246	0.31438799	0.02933355	0.19594471	0.27400992	0.11220974	0.27398596	0.24536036	0.18230239	0.05204030	0.16155103	0.29286310	0.24365865	0.12235873	0.14534120	0.07167194	0.31180902	0.29593153	0.16982175	0.09633735	0.05862873	0.11692779	0.27758437	0.14465626	0.25818344	0.16216994	-0.10494800	0.31813934	0.17909429	0.61367875	0.23967871	1.07008607	0.28267184	0.23832844	0.25559298	0.29730705	0.12040783	0.14693777	0.12015227	0.07600037	0.13363926	0.11970856	0.08062618	0.08004333	0.12103491	-0.12890580	0.29828741	-0.02848566	0.22398254	0.16823077	0.10136609	-0.03703720	-0.07599905	0.00758464	0.25671490	0.12416342	0.12942861	0.23998738	-0.00208317	0.17211399	-0.15742103	-0.04629102	-0.09192353	0.09549593	0.06092689	0.08118173	0.29884022	0.14282001	-0.09382183	-0.03559728	0.13113907	0.26850048	0.29875905	-0.10474076	0.07718803	-0.11390028	0.03212929	0.15560910	0.13759476	-0.02493372	0.18859504	-0.09539333	0.13039249	0.09117705	0.04321048	0.17879098	0.16985636	0.10109352	0.09230294	-0.18520223	0.19064106	0.10133220	0.02815449	0.06532525	0.25033163	-0.00980114	0.23352439	0.25599835	0.08621080	0.21012410	0.11778043	-0.03852018	0.17154144	0.24077785	0.20067824	-0.09518367	0.25581381	0.08601568	0.25059840	0.13650255	0.14772392	0.12263375	0.21758130	0.14425407	0.10584080	0.30346061	-0.05180878	0.06165490	0.09938800	-0.15581078	-0.06473072	0.24855670	0.09535899	-0.03221123	0.16172802	0.18187350	0.08240294	0.25337440	0.09777176	-0.07725335	0.06799967	0.24990483	0.10527825	0.21108299	-0.00666746	0.17892423	0.14854719	0.23241359	0.09071737	0.20366279	0.15706051	0.16287079	0.17841021	0.14862060	0.30401360	0.26114484	0.28262875	0.32260264	0.27808310	0.13239537	0.16493080	0.06918081	0.32311105	0.14980267	0.32074382	0.26416922	0.09285437	0.28900924	0.30768125	0.34931422	-0.07167256	0.09434595	0.09391007	-0.09114490	0.11907976	0.11458765	0.00760790	0.21605335	0.21318792	0.22364672	-0.00962326	0.12893999	0.08821914	0.32848128	0.16251834	0.28855965	0.30892812	0.25479036	0.17753371	0.35395674	0.20649856	0.18255169	0.35079954	0.09671430	0.22947019	0.30659077	0.12900386	0.08285154	0.21568037	0.10396591	-0.01007179	0.25819607	0.14099771	-0.02880214	0.08380707	0.06623932	0.39047345	0.34876556	0.20872119	0.21486698	0.07898664	0.33285970	0.12048635	0.11158632	0.24143245	0.20834516	0.19981003	0.11114581	0.09622396	0.11816455	0.10868594	0.18782567	0.10944894	0.19975935	0.18112982	0.14344457	0.11195946	0.04452919	0.06297205	0.16160997	0.07122594	0.13744240	0.10157994	0.20142960	0.05721709	0.14148193	0.02609583	0.33646278	-0.04773214	0.43962278	0.29243605	0.11245226	0.24084743	0.18043092	0.31314213	0.11685846	0.21960378	0.20748469	0.21491178	0.18032110	0.30826695	0.23150178	0.10529112	0.06419357	-0.00305261	0.03992512	0.57284063	0.05424580	0.02183708	0.13306326	0.10655926	-0.02921087	-0.01326480	0.09156025	0.00949696	0.11279156	0.05662058	-0.04337969	-0.00526826	-0.05423493	0.07506447	0.17732837	-0.12246470	-0.00823396	-0.10447052	-0.03810680	-0.00947837	-0.01334001	0.03826252	0.06368277	-0.01849499	-0.02152446	-0.06592044	0.03628877	0.22738202	0.10241235	-0.05228012	-0.05508348	0.05512791	0.02445211	0.00506914	0.09654370	-0.07315155	0.12632389	0.02844480	0.07101392	0.16552072	0.13833637	0.02095105	0.18314174	0.14755099	0.16759317	0.18024913	0.09507704	0.29875513	0.16197129	-0.03835914	0.21445217	-0.05737890	0.04276079	0.18976249	0.28390240	0.20715723	0.12016730	0.21364875	-0.01756362	0.20867558	0.04567175	0.32406388	0.10313071	0.13043546	0.15595241	-0.08116331	-0.04374813	0.05373975	0.17058060	0.20479980	0.27564288	0.10967912	0.09350408	0.03913280	0.07527592	0.18720256	-0.09520775	-0.03298684	0.17445698	0.05447124	-0.01782443	-0.01219329	0.01786619	0.27999867	0.21085530	0.17195838	0.22784496	0.24090891	0.23051262	0.24685936	0.02099434	-0.01207470	0.12671586	0.15064496	0.11956541	0.04086729	0.23273635	0.24049119	0.11561038	0.15009974	0.17602338	0.23336269	0.25544419	0.10367837	0.30942066	0.19694878	0.11406635	0.11194934	0.20035820	0.07740695	0.04874452	-0.00119185	0.15198185	-0.03875769	-0.04110980	-0.04827383	0.07572267	0.12540410	0.15910628	0.15852546	0.16329911	0.12691239	-0.01884297	0.16765335	0.20377018	-0.01676509	0.23511744	-0.02336470	0.14982434	0.26823373	0.07593232	0.23491409	0.26131687	0.15723908	0.14160088	0.09876850	0.20310934	0.16824648	0.21372111	0.14723805	0.28887281	0.28817828	0.20985095	-0.17366836	0.28341619	0.21545663	-0.01754484	0.05905430	0.27465697	0.18207787	0.16585079	0.08279428	0.18422802	0.09928904	0.17874136	0.14090573	0.28849016	0.15635398	0.19105272	0.18416494	0.26104902	0.15060231	-0.01055022	0.19591517	0.18740546	0.12944816	0.13011459	0.27136176	0.25815758	0.27052018	0.25113656	0.33959095	0.35105993	0.30257840	0.21296041	0.33255238	0.27244893	-0.00489263	0.08957150	0.24664851	0.19927559	0.08692012	0.21706338	0.24551710	0.33059209	0.29964923	0.27553411	0.24210778	0.31893514	0.23146759
17Networks_LH_DorsAttnA_TempOcc_1	0.53747936	0.40609066	0.22869220	0.43757895	0.13931742	0.09094214	0.36540913	0.22478380	0.27330455	0.19835831	0.30834808	0.22601985	0.38359471	0.40291331	0.43912121	0.03678406	0.13939317	0.38121734	0.17446305	0.21345577	0.27174331	0.24566622	0.22724047	0.19332055	0.08116438	0.20172095	0.24537275	0.22772876	0.31668114	0.22631007	0.05938792	0.15493752	0.18605151	0.23920233	0.29568897	0.34257789	0.12174127	0.36514223	0.38661682	0.26931323	0.24762257	0.33963722	0.18401985	0.05927824	0.04414478	0.05664862	0.08689163	0.04341934	0.07754111	0.03283505	0.09779928	0.21062543	-0.01959250	-0.05544329	0.12504497	-0.04544904	0.25472899	0.14999380	0.28267184	1.19404556	0.54027127	0.57988165	0.35699290	0.00208271	0.33073076	0.16537877	0.24832164	0.24714232	0.36991580	0.17474274	0.20117008	0.28938711	-0.12314801	0.14804080	-0.03761134	0.14216903	0.16217385	0.24156228	0.16827780	0.21143482	0.33581829	0.30749227	0.23072302	0.17416879	0.23639323	0.00994392	0.31333807	-0.20965088	-0.10911309	-0.21514239	-0.01882748	-0.02936243	0.03156936	0.19549693	0.05322472	-0.00997258	0.20447354	0.07414714	0.29999266	0.47570008	-0.03728321	0.24773636	-0.05712940	-0.04379834	0.22396648	-0.12980472	0.10563704	0.33692888	-0.10165902	0.36350293	-0.00080062	0.01646771	0.23161598	-0.09543137	-0.04834711	-0.20460423	-0.11851287	0.08759631	-0.04278628	0.02982081	0.04760829	0.44389040	0.00636258	0.34209755	0.24300611	0.08904963	0.35543096	0.12613744	-0.03690916	0.13513957	0.37543995	0.27870630	-0.03847991	0.37717709	0.31595094	0.39171005	0.33676379	0.14177823	0.32430909	0.23998300	0.23916953	0.25595281	0.33497095	0.09270996	0.27565449	0.27230838	0.05605886	0.13373938	0.40679973	0.32033365	0.24948222	0.37108838	0.44368125	0.37414982	0.43897331	0.36776914	0.27602165	0.31617044	0.45276180	0.31530672	0.46875487	0.25852521	0.33929354	0.23017142	0.31831146	0.17179507	0.17469891	0.05912048	0.00291453	0.28450898	0.25286221	0.38591002	0.40755527	0.38522062	0.39679497	0.44309609	0.28586841	0.47268057	0.32920972	0.44271383	0.22892725	0.38266194	0.32411564	0.20300456	0.26867576	0.30811141	0.36421876	0.13099674	0.34482743	0.27022414	0.11661909	0.28593779	0.24862021	-0.02860860	0.35163821	0.29736818	0.36050734	0.11654938	0.16100900	0.26511947	0.41551827	0.47956473	0.47072230	0.42059687	0.36367215	0.32264818	0.44005651	0.23582210	0.20556665	0.36573146	0.31211417	0.37401656	0.37639392	-0.04169173	0.42861345	0.32038419	0.17589571	0.34216171	0.20247597	0.24468780	0.28342320	0.06722997	0.20462457	0.33412523	0.21524535	0.17812460	0.20937863	-0.05064396	0.20222115	0.11971410	0.29583071	0.24424570	0.15231414	0.08910047	0.18914108	0.29043186	0.19257364	0.16489571	0.26472635	0.20398643	0.33792586	0.28242752	0.31152484	0.13446993	0.06558523	0.04651317	0.00392075	0.05780821	-0.00372928	0.01820528	0.13797320	0.00766931	-0.02574904	0.04383962	0.19869053	0.14373611	0.13639504	0.16571349	0.46779638	0.51299027	0.37809372	0.37387796	0.27528001	0.22853680	0.27279896	0.32332920	0.20354933	0.23216293	0.22664202	0.13806725	0.14859814	0.07629773	-0.00561953	0.27473774	-0.03118213	0.04122699	0.04691646	0.08880501	0.09232349	0.22125641	0.29118300	0.05856923	0.07266369	0.07709513	-0.11660036	-0.05161006	-0.11940506	0.28041607	0.03732269	-0.20024540	-0.02851409	-0.23571538	-0.06092719	-0.04816366	-0.09132254	0.04203195	0.06840545	-0.04319323	0.01744935	-0.00786952	0.01834432	0.31023512	0.24833359	-0.11552163	-0.07280762	-0.01347426	0.03824902	0.21507602	0.09246233	-0.01716741	0.21060866	0.20040065	0.08103298	0.26957775	0.07881186	0.01376184	0.05469107	0.06639805	0.00831620	-0.14996988	0.26906901	0.07125062	0.13275277	0.05134847	0.25576005	-0.08463692	0.08733795	0.14080450	0.37711968	0.21966539	0.30456662	0.19087346	0.11428116	0.27179901	0.16766989	0.22358332	0.22178641	0.30456998	0.08785774	-0.17769079	0.01631571	0.10692937	0.14820973	0.27354008	0.46857453	0.22290395	0.23006040	0.03130125	0.29268273	0.18276744	-0.04327145	0.11617685	0.40827454	0.12097264	0.08752403	0.18953564	0.25990565	0.23582937	0.36634668	0.29291932	0.42711335	0.48099351	0.43222629	0.43764178	0.20594040	0.20953127	0.30125512	0.41834459	0.32232486	0.27401325	0.40585561	0.36559543	0.18101497	0.31867172	0.26057739	0.24905402	0.44712940	0.30513223	0.38884708	0.48689450	0.28799625	0.42698057	0.30592857	-0.01164166	0.13023970	-0.04945830	0.25666102	0.11488738	0.20866438	0.20879835	0.02608214	-0.01161965	0.10651720	0.24244160	0.22469854	-0.00472487	0.20109800	0.03329427	0.42136671	0.02749325	-0.02315112	0.08027781	0.12475947	0.01983151	0.16675960	-0.14063999	0.09615375	-0.02296056	0.17255162	0.09692729	0.04137187	-0.00502162	-0.03966720	-0.13013642	0.03970582	0.07020906	-0.03578590	0.05720356	0.03034418	0.24092460	0.13974461	-0.18324033	0.13074983	0.02729611	0.18666939	-0.19099674	0.05930315	0.01043540	-0.01801076	0.01779272	0.13569521	0.13458830	0.47090921	0.40688286	0.28222958	0.09718927	0.12035077	0.38042608	0.43025824	0.17254300	0.46317051	0.44935061	0.56469305	0.50610314	0.51634700	0.46213510	0.20558370	0.41219875	0.34474169	0.29439087	0.28650859	0.32800021	0.18756963	0.34537961	0.39269559	0.28181338	0.47154375	0.47821757	0.56597439	0.35662349	0.37997602	0.28844430	0.24803390	0.26743408
17Networks_LH_DorsAttnA_TempOcc_2	0.32696556	0.44333964	0.06022731	0.24320977	0.13287506	0.11320756	0.15408298	0.33600995	0.20297215	0.36784077	0.31548093	0.36296354	0.55498226	0.41046514	0.36106088	0.26734745	0.36728695	0.32882001	0.25681189	0.38899796	0.23929263	0.26859119	0.32988919	0.31989000	0.24794937	0.23116719	0.27426797	0.33482268	0.28236033	0.18230075	0.18841403	0.14720094	0.32455119	0.28012045	0.38975271	0.30898653	0.19745994	0.25200123	0.36723581	0.26909607	0.35825801	0.39970437	0.32775724	0.06976483	0.08955859	0.14477732	0.06146532	0.15320934	0.13062397	0.14916775	0.17999101	0.11413007	0.20581056	-0.09813226	0.15494576	0.02845166	0.24795685	0.13527453	0.23832844	0.54027127	1.01179524	0.39034835	0.24357975	0.10305417	0.36727607	0.12501451	0.28713074	0.23966233	0.41131172	0.16317968	0.22730716	0.26679466	-0.10437003	0.14937068	0.00649421	0.15874184	0.27651696	0.39424151	0.17797310	0.26909751	0.25695609	0.26572110	0.20058067	0.25002533	0.30008302	0.05602982	0.31726550	-0.10059149	0.03641510	-0.07256137	0.03693067	0.05612065	0.14565499	0.07025206	0.23437658	0.14172282	0.26711610	0.27341227	0.23824800	0.39609811	-0.07191385	0.30535281	-0.05589125	-0.18651590	0.07621777	0.00474677	0.04199605	0.26337774	-0.07063333	0.28608243	-0.02599099	-0.06307257	0.06476830	-0.00483625	0.06458731	-0.16624798	-0.10426574	0.07236532	-0.09260028	0.03142785	0.07606995	0.38660703	0.04567319	0.25004864	0.16744200	0.03301903	0.15270666	-0.03160126	-0.11302038	0.05322162	0.13246148	0.09084036	0.19069472	0.13056497	0.13282679	0.14793694	0.12727078	0.12619316	0.23330725	0.05648507	0.02315396	0.18703864	0.29972056	0.04400795	0.17066799	0.18197511	0.07813859	0.02873198	0.16985662	0.18001666	0.19629957	0.25340648	0.16094027	0.17105289	0.23347191	0.16914765	0.19031217	0.31882652	0.28385231	0.18694391	0.27397650	0.15776555	0.27506172	0.26075246	0.15678101	0.18220980	0.07556695	0.14847467	-0.01219114	0.17570834	0.23525825	0.20952144	0.25147124	0.27301993	0.35834687	0.39258278	0.32336396	0.33087369	0.12667953	0.30979235	0.26639186	0.29678556	0.34783659	0.07295198	0.20389899	0.28296772	0.28035868	0.09618075	0.31923008	0.15824760	0.06154710	0.26624102	0.37247128	0.26543806	0.20704102	0.17385229	0.26107266	0.12389363	0.13740532	0.19730867	0.44625622	0.32252160	0.47280170	0.19646461	0.20567968	0.12791747	0.27653305	0.21380823	0.15711372	0.34675448	0.24024288	0.36127460	0.58479705	0.21010550	0.42238672	0.39970764	0.35933403	0.36072080	0.31779345	0.38173567	0.23527425	0.28433913	0.23203723	0.27291515	0.24086586	0.25107579	0.33434544	0.12571401	0.28543919	0.26790763	0.40140185	0.34271188	0.30167208	0.19812588	0.31282161	0.23214639	0.25922271	0.22115229	0.30145859	0.36483960	0.23529296	0.33922789	0.14325997	0.21629024	0.19303685	0.20718260	0.12452010	0.14083999	0.02203153	0.05926410	0.24970781	0.05416972	0.03898277	0.18152544	0.26127241	0.11471248	0.14391637	0.32984378	0.48256324	0.42762867	0.37290288	0.39510242	0.23026888	0.38771616	0.37429739	0.42011039	0.19626791	0.31913729	0.24780742	0.19920386	0.25704496	0.18629143	0.12456662	0.17388425	0.08666592	0.15367164	0.10105990	0.19560438	0.23090620	0.31096386	0.19994369	0.17909339	0.20110886	0.15020130	0.04469003	0.04722179	-0.04204416	0.15540324	0.22043172	-0.08988329	0.06618079	-0.13159543	0.06235043	0.03975342	-0.07782257	0.24001096	0.19677761	0.11560645	0.00202999	0.11067228	0.21834202	0.30461239	0.22962053	-0.11725309	-0.06391632	-0.03121313	0.16190624	0.24310941	0.17967507	0.04236630	0.26201668	0.33639150	-0.01734132	0.23995685	-0.00708544	0.01978770	0.01055504	0.17035947	0.01217813	0.06633488	0.10671108	0.13988584	0.07423469	0.07471920	0.34103688	-0.05270943	0.09330373	0.24835475	0.30870982	0.08457590	0.07979173	0.02259764	-0.00083405	0.25630041	0.11656428	0.16515277	0.19491336	0.14822229	-0.01947556	-0.12447011	0.03537757	0.08488021	0.02156696	0.11318015	0.30225832	0.07942616	0.15310724	0.06456792	0.15194066	0.04255943	0.04408171	0.14847666	0.23384129	0.08320643	0.08518378	0.11756666	0.23008268	0.25040227	0.14957580	0.12791201	0.33511557	0.40392074	0.27642846	0.29053425	0.09332336	0.30083450	0.19052083	0.21836604	0.20506251	0.27677580	0.32189026	0.31719370	0.15736358	0.31246803	0.10346569	0.24959209	0.34129199	0.29565518	0.26116932	0.38769377	0.20684469	0.38664541	0.25827352	0.07040610	0.05605578	-0.02737968	0.22437428	0.10162105	0.17047401	0.20822768	0.12469315	0.22041418	0.13138220	0.24193576	0.19179309	0.00431682	0.15300230	0.11588872	0.30393261	0.08197673	0.00886672	0.24241395	0.11698319	-0.00954421	0.36219333	-0.05778769	0.13587360	0.14435188	0.14721427	0.10201527	0.06557697	0.06091527	0.01708103	0.01109091	0.17081459	0.16608269	0.07847454	0.11335367	0.03322276	0.18035507	0.22084191	-0.13758784	0.12313853	0.16514675	0.17224105	0.01473225	0.23196555	-0.01958831	-0.02247663	0.09916194	0.23436966	0.14970245	0.39119328	0.28588603	0.38573021	0.19322903	0.16436823	0.39139977	0.37953673	0.19954060	0.26983310	0.30894444	0.36963977	0.34138270	0.40752706	0.36847253	0.17042211	0.34323028	0.31149712	0.36588704	0.35338929	0.18428508	0.17960322	0.40039227	0.23186177	0.26349003	0.32879032	0.21236960	0.39471147	0.18141019	0.26275635	0.19372633	0.15645925	0.16338777
17Networks_LH_DorsAttnA_TempOcc_3	0.62725334	0.52013362	0.34216511	0.56728937	0.28687033	0.25640484	0.49292696	0.30317180	0.40949050	0.37090593	0.31252877	0.27851211	0.30415851	0.42754943	0.50775229	0.00952564	0.13570127	0.38305716	0.15751688	0.20598668	0.23874343	0.07657182	0.20317884	0.11827863	0.02358978	0.28030150	0.28534296	0.11523324	0.22896210	0.10346252	-0.04676047	0.06128710	0.14417296	0.17474897	0.28036630	0.37107696	-0.00658762	0.39345665	0.40667703	0.23770178	0.03509138	0.23021272	0.08544409	0.15905287	0.12799374	-0.02204448	0.08787852	-0.02748078	0.21505819	0.06177141	0.07179900	0.13954132	-0.13321952	-0.01340576	0.07745520	-0.11764120	0.12921162	0.11117752	0.25559298	0.57988165	0.39034835	1.13744553	0.51702550	0.07968919	0.41038935	0.30589826	0.27934468	0.28565832	0.37217553	0.03703496	0.24400221	0.26229937	-0.00555103	0.11341038	0.03131195	0.07392502	0.11212589	0.14705373	0.18899699	0.16318767	0.33542489	0.41538239	0.20512225	0.18238540	0.24768829	0.06302406	0.23683365	-0.13535122	-0.03966571	-0.10951959	-0.05151412	0.02390732	0.08259287	0.13887740	0.00177965	0.03152779	0.26459972	0.01761948	0.22206787	0.43957478	-0.09992026	0.18201628	-0.16536746	-0.08130398	0.09563244	-0.10050979	0.15065304	0.17868764	-0.15563623	0.22644989	0.06417133	0.10420580	0.27706419	0.06439278	-0.02807813	-0.02272746	-0.09130652	0.12587014	-0.04240564	0.06911827	0.21945202	0.49528694	0.04502118	0.36955395	0.19559792	0.17296735	0.28569498	0.11261101	-0.13069676	0.18577267	0.19688954	0.05847919	-0.05774498	0.33534620	0.49246143	0.21251612	0.31308709	0.13348098	0.39223067	0.10895344	0.05921868	0.11622909	0.31253794	-0.28238743	0.04984053	0.24045266	-0.11936067	-0.13418350	0.18553553	0.20991327	0.13535427	0.18618909	0.25720149	0.15504197	0.27292367	0.06975032	-0.00801677	0.12412380	0.36349789	0.19638667	0.33881527	0.14703768	0.31825329	0.13013984	0.15594692	0.07917042	0.23138867	0.21260383	0.05903146	0.15362369	0.44055618	0.24164210	0.35904171	0.29578766	0.48792677	0.46671091	0.30784823	0.43562659	0.35258293	0.43402514	0.23139314	0.37222689	0.26396998	0.25720629	0.25744508	0.28832562	0.35924470	0.19451854	0.23405838	0.13898334	0.00377154	0.13226146	0.26183120	-0.02297631	0.29378244	0.29602616	0.36684314	0.25233744	0.32990744	0.20531485	0.44413714	0.58927154	0.52243921	0.51887408	0.48740368	0.31639377	0.52616127	0.39092389	0.43995598	0.43780466	0.47166145	0.45524768	0.35700278	0.06356271	0.43061836	0.24257900	0.11681306	0.29835419	0.30672580	0.23541562	0.26359636	-0.01846742	0.17597874	0.23609961	0.15635555	0.12691266	0.06551388	-0.05080502	0.12777107	0.05378669	0.24989454	0.18127914	0.07124769	-0.04252818	0.19603859	0.29580891	0.10354903	0.08780619	0.17639094	0.06288331	0.35282001	0.26370718	0.33534961	0.09965441	0.05923962	-0.08348428	0.03636258	0.04981574	-0.05298098	-0.02952468	-0.00118802	-0.03106080	0.00874005	-0.03062851	0.13636347	0.15242392	0.12193842	0.27776391	0.22097074	0.49130713	0.51362539	0.29144272	0.25895661	0.25913065	0.41092870	0.48513036	0.21489880	0.31658152	0.31835473	0.11007606	0.10769330	0.06192932	0.16616986	0.24348954	0.05684062	0.06153413	0.04450718	-0.03288995	0.11662791	0.25695277	0.34750729	0.10952521	0.09976878	0.07911215	-0.04901375	0.02379154	-0.07760925	0.17324286	0.02780491	-0.27278484	-0.04974563	-0.18107537	-0.02626370	-0.01765932	-0.20841822	0.00345181	0.08369030	-0.12376371	-0.13035317	0.01363740	0.01308038	0.26928951	0.21636698	-0.14379836	-0.06481884	-0.06163613	0.02027096	0.20067589	0.05188303	-0.12240862	0.13114551	0.09977370	0.17098883	0.30281746	0.13379854	-0.10220820	0.09253237	0.24672054	0.08273425	0.12924511	0.19982197	0.19199557	0.05083836	0.11608573	0.35742787	-0.09540706	0.09153574	0.10226930	0.19371636	0.05324065	0.07627024	0.05383573	0.13958730	0.13618767	0.17638644	0.20360453	0.27193834	0.14826526	0.01457481	-0.13424175	0.08348608	0.00551290	-0.10695200	0.03970449	0.32895438	0.20117339	0.11064262	-0.07348814	0.14968915	0.00052949	-0.12966996	-0.10594871	0.24311757	0.03831416	0.06528280	0.10751761	0.05234943	0.15368725	0.16360653	0.11691931	0.34118822	0.32986035	0.29090703	0.28543929	-0.07502353	0.02210068	0.06679326	0.26909235	0.20467650	0.14111292	0.35567857	0.38703309	0.07856881	0.21120097	0.13973620	0.25806125	0.33704277	0.11899770	0.28683355	0.23231812	0.27498441	0.21372772	0.19576164	-0.17128630	0.09740409	0.08431165	0.19899388	0.11059202	0.19925775	0.13079375	0.05537432	0.05859410	0.13586809	0.18971534	0.16372321	0.02116166	0.12781021	0.04359489	0.29067221	-0.02969215	0.01396586	0.13169531	0.11985048	-0.00077594	0.16450101	-0.12943771	0.13057065	-0.06208458	0.23423933	0.01549003	0.02244076	0.03256215	-0.01883937	-0.00714805	0.02613718	0.17416458	-0.14277711	0.09480972	0.11896517	0.14852507	0.10420727	-0.19421814	0.05472906	0.00327842	0.19638423	-0.07381316	0.06132147	0.04396875	0.07418892	-0.01646503	0.13686794	0.22881591	0.39728431	0.26090418	0.16380748	0.08493321	0.05274697	0.29981170	0.23090710	0.20304689	0.42540749	0.41680081	0.49358699	0.51246167	0.59193663	0.53153027	0.40283231	0.42280141	0.42204674	0.24179924	0.24704580	0.05718434	0.05283114	0.22916197	0.24959577	0.11401496	0.39228566	0.46631563	0.55769490	0.51774267	0.56271768	0.50274893	0.50236927	0.39401114
17Networks_LH_DorsAttnA_TempOcc_4	0.48814933	0.41841837	0.26072490	0.38402542	0.27691376	0.26338794	0.36659772	0.26596208	0.34377451	0.33694332	0.10742594	0.26326945	0.32407266	0.21415794	0.26567718	-0.02889155	0.05346918	0.17057187	0.02225225	0.20377550	0.08242229	0.03568269	0.10606286	0.08591857	0.08077224	0.22161627	0.29078005	0.17683920	0.26455156	-0.00510671	0.10335536	0.11702411	0.12974475	0.16102035	0.24150429	0.26868900	0.08339745	0.19546985	0.29696409	0.18921652	0.04709518	0.13660230	0.10011834	0.16645186	0.03036357	0.01151170	0.09164307	0.08992301	-0.00115497	0.12735860	0.15406200	0.06953550	-0.06763800	-0.06976220	0.17516273	-0.06952324	0.16620601	0.18539502	0.29730705	0.35699290	0.24357975	0.51702550	0.92415399	0.03917067	0.33557703	0.29285476	0.23429772	0.23143660	0.30339690	0.14396897	0.20342610	0.21297595	0.04369987	0.17042656	0.10471409	0.23341708	0.18454693	0.12815995	0.03577041	0.10971025	0.16058489	0.32135842	0.14706619	0.15926254	0.28804302	-0.01678661	0.09788935	-0.08777581	0.03750304	-0.07006511	0.04732628	0.07453750	0.10895683	0.19359537	0.08116307	0.01625644	0.08392362	0.13087863	0.17029688	0.32092409	-0.06244461	0.11454447	-0.12405118	0.00019183	0.01580083	-0.07767127	0.04641199	0.09731622	-0.20951178	0.06987654	-0.00816360	-0.00898833	0.12744019	0.13996803	0.04773409	0.02507770	-0.05720143	0.08950499	-0.04643946	0.05735661	0.20250267	0.31373894	0.03526057	0.29531180	0.21007900	0.11103300	0.28106880	0.13189824	-0.07894383	0.23343895	0.11049111	0.08793430	-0.00373246	0.30534011	0.28734227	0.15827012	0.26791664	0.14238455	0.22664334	0.11750730	0.09211690	0.12458556	0.15721570	-0.20612220	0.05559733	0.09775386	-0.12143625	-0.13533838	0.13292982	0.10757356	0.08179692	0.08795681	0.14734785	0.05548122	0.12898529	-0.06725347	-0.08142371	0.10611016	0.21913775	0.03470769	0.11048713	-0.07328932	0.12585801	-0.00362226	0.17067769	-0.02649165	0.09213556	0.06871374	0.04674906	0.00619358	0.24646009	0.13835024	0.26723001	0.16067049	0.26370278	0.27327187	0.13563652	0.19265857	0.20882706	0.31764764	0.13409630	0.23826515	0.11739382	0.10064895	0.11899670	0.14514032	0.21251174	0.14323578	0.06864257	0.03075167	-0.05359433	-0.01774803	0.09759517	0.01832764	0.20202030	0.16186645	0.16164802	0.06890413	0.14898174	0.03308482	0.27548177	0.31436394	0.33347665	0.33088235	0.26860240	0.31475847	0.36207268	0.37243572	0.29214492	0.38163664	0.21422059	0.29233742	0.28578366	0.04681388	0.17196298	0.16905373	0.11373906	0.11291005	0.22281820	0.21784333	0.08905882	0.01678550	0.10806752	0.17997975	0.19808398	0.21739045	0.18367936	0.09021960	0.23084104	0.12763484	0.18631238	0.23509568	0.10982646	0.09502342	0.16531521	0.15973206	0.10520639	0.07007788	0.12267021	0.06685524	0.27123273	0.20853811	0.24612390	0.06526994	0.05397605	-0.05422598	0.07348225	0.13635346	0.08628799	0.01342685	0.09542486	-0.00714892	-0.03661598	0.05049800	0.17707217	0.22982983	0.25943255	0.29499369	0.13275584	0.23573219	0.27906157	0.27835003	0.09146964	0.25756776	0.33023230	0.42835628	0.20755605	0.33286912	0.31710784	0.28686762	0.13875830	0.10309814	0.16370847	0.25384840	0.16180697	0.18118918	0.23005810	0.06085154	0.08981198	0.13014126	0.13312818	0.12018999	0.10923388	0.08541422	-0.01413239	0.06212271	0.02847617	0.11062471	-0.04613847	-0.11675608	-0.08947489	-0.01903752	0.01598731	-0.01488222	-0.05273612	0.09286537	0.01305349	0.00154893	-0.05197765	0.05100428	0.07294637	0.20935420	0.15584700	-0.14664737	-0.01440070	0.02476438	-0.08785212	0.05648244	0.02599638	-0.03218766	-0.04687479	0.01803228	0.03005519	0.16997075	-0.03369981	-0.01996482	0.07214877	-0.01077769	0.11055544	0.00947025	0.07670100	0.13538589	0.01845886	0.00784169	0.39402595	0.01147516	0.14194918	0.20533637	0.08227576	0.10418296	0.03530981	0.07140747	0.11257964	0.12129531	0.15113849	0.11080575	0.15279026	-0.03705910	0.00162492	-0.06338017	0.09046956	-0.02960245	-0.07232019	0.00686678	0.20684715	0.04718233	0.00452387	-0.04923791	0.05259987	0.03704430	-0.16004284	-0.09736662	0.10135446	-0.04805903	0.02104508	0.00021891	-0.00701241	0.00081452	0.01658922	0.03587885	0.18715038	0.17075211	0.13690362	0.12937827	-0.11463105	-0.02167506	-0.00736459	0.05962209	0.06282458	-0.06663622	0.11262242	0.24644492	-0.00563770	0.04691568	-0.00123420	0.06269583	0.16272560	0.03915644	0.16677727	0.13210023	0.15082846	0.06041898	0.06953081	-0.11940240	0.00871090	0.04098042	0.10456048	0.01651766	0.02956120	0.18281189	0.00114110	0.01398873	0.03459962	0.05481282	0.05401862	0.04433542	-0.04300208	0.04265699	0.12040349	-0.05597146	0.04175473	-0.02049059	0.12322831	0.04828388	0.10839807	-0.00204213	0.07838394	0.03255569	0.11090141	0.03156421	-0.01101229	0.10481589	0.06671562	-0.02398179	0.08499165	0.10130378	-0.09531430	-0.08534006	0.17459490	0.05190937	0.00280626	-0.01064148	0.01287995	0.06817118	0.13768850	-0.00428394	0.01811122	0.04486066	0.14080103	0.02998949	0.10727168	0.19137278	0.23784306	0.18841466	0.24492798	0.10627721	-0.01531923	0.17446045	0.07842384	0.05359168	0.24931473	0.24929578	0.32089193	0.33008743	0.33847813	0.31348081	0.25934318	0.28525503	0.25466678	0.23569121	0.27032799	0.03378516	0.02583112	0.08739346	0.15723645	0.03352124	0.35838243	0.30479145	0.36073035	0.36773148	0.35207454	0.31719579	0.34266820	0.26183579
17Networks_LH_DorsAttnA_ParOcc_1	0.04401706	-0.04643723	0.04762833	-0.03057099	-0.05535804	0.17937182	0.00778259	0.29242558	0.14060682	0.16959346	-0.03226147	0.02764878	0.06144861	0.08329479	-0.06182465	0.01198940	0.09502486	-0.13817383	-0.14540782	0.03662415	-0.19967010	-0.08950586	-0.08593057	-0.02320635	0.25074666	0.11086757	0.07965662	0.07566041	0.25765771	0.12123489	0.18968423	0.30057700	0.30291648	0.19253456	0.09203975	0.26501705	0.22373767	-0.01103244	0.08111900	0.19025912	0.15275499	-0.05118034	0.19910050	-0.01670267	0.01067672	-0.05609229	0.07413321	0.04625435	0.08557070	0.18619728	0.27996024	0.18368198	0.15167823	0.01735628	0.16193516	0.02000252	0.20458649	0.26623722	0.12040783	0.00208271	0.10305417	0.07968919	0.03917067	0.79208011	0.00663369	0.13785606	0.16440046	0.18579887	0.27289522	0.25741188	0.17882990	0.13920878	0.03335300	0.08249347	0.19259166	0.31542061	0.34434646	0.16201580	0.01867485	-0.06950194	-0.04416220	0.18519956	0.24778605	0.18535822	0.23557338	0.06107749	0.01201109	0.05966966	0.08845570	-0.01247710	0.13814247	0.10086137	0.04776920	-0.01693229	0.35842758	0.09752572	0.03613857	0.25042669	0.10572206	0.05873736	-0.01308699	0.12837808	0.08004495	-0.06892625	-0.10490246	0.10756840	-0.14715972	-0.12950902	0.07516708	0.01737903	0.02990468	0.10890474	0.02077822	0.24520909	0.17268088	0.13768283	0.02202410	0.18938830	0.09496524	-0.00303547	0.26566226	0.18036415	-0.00054146	0.13001314	0.26041135	0.10147940	0.01047198	-0.05562025	-0.05848331	0.17325235	-0.07399162	-0.09266724	0.13155076	-0.02467261	-0.03991130	0.00381651	-0.05628051	0.14947064	0.00314898	-0.16924910	-0.03039100	-0.04744905	0.01876583	-0.11395097	-0.05821441	0.06891681	0.05215083	-0.18381297	-0.08518482	-0.09826928	-0.02997872	0.01531228	-0.14582768	-0.04844187	-0.00811937	-0.03313733	-0.17716794	0.08029424	0.01997677	-0.00868959	0.00247288	-0.07080552	0.05135479	-0.03297305	-0.10752445	-0.10748767	0.05338323	0.08569734	0.08182045	0.04320451	-0.06121189	-0.06120525	0.20671548	0.00651733	0.09217593	0.03679608	0.02349686	0.03869174	-0.09632712	0.02369778	0.04448944	-0.01236642	-0.03633945	-0.18627393	-0.02465601	-0.02763777	-0.06114217	0.11181855	0.00548142	-0.07834609	-0.10384746	-0.03802566	-0.08451587	0.10609823	-0.16408372	0.00915721	-0.03140581	0.02637537	0.29745807	0.06644613	0.13931664	-0.04653269	-0.11129301	-0.05197770	0.01186148	0.02944321	0.01999593	0.17259592	0.17209445	0.24017646	-0.02581988	0.01339864	-0.06155577	-0.01656148	-0.04174600	-0.16893702	-0.10428585	-0.20827558	-0.01424395	-0.02294062	-0.20608634	0.01550607	-0.16445864	0.13661215	0.09003467	0.21975361	0.18257928	0.22881167	0.20546581	0.26539951	0.13762175	0.14029656	0.21660500	0.26040275	0.23982938	-0.09673479	-0.02643451	-0.08241941	-0.13007805	-0.00637744	0.03795832	0.12512513	0.00789576	0.04889545	-0.00412610	-0.04101451	-0.02750386	-0.02568684	0.06879895	-0.03014593	0.13130061	0.08995538	0.13650542	0.07158226	0.15527325	0.12361039	0.31805228	0.24900385	0.04082293	0.00502012	0.02506938	0.24864660	0.10293193	-0.03039181	0.08714559	0.17182003	0.13261991	0.17682700	0.18588350	0.09472743	0.05647891	0.07702042	0.17366225	0.10936261	0.08100925	0.19243762	0.19803580	0.11472281	0.08074327	-0.11107802	-0.16495009	0.15413920	0.24284201	0.23094473	0.13790547	0.09870793	0.11221134	0.01969724	0.03259748	0.06198440	0.08325733	0.04682071	0.05134408	0.04747191	0.05723297	0.10367543	-0.00894781	0.13905185	0.03169039	0.16059833	0.16505952	0.15844799	0.05506958	0.07981327	0.03145282	0.05574034	-0.01082381	0.10890898	0.03327109	-0.00003830	-0.02925478	0.04625575	0.10118005	0.02894663	0.14607431	-0.04368048	0.10162907	0.12091002	0.18671527	0.26424463	0.13314958	0.19215619	0.05840692	-0.00343581	0.16133036	0.10415190	-0.03830603	0.25664082	-0.02113831	-0.00911755	-0.08349864	-0.01695444	0.04971276	-0.03916647	0.02895303	0.06493921	0.04168194	-0.02152775	-0.04987909	0.05794096	-0.10708538	0.08801322	-0.06429275	-0.10060503	-0.00163159	-0.17068827	0.02594097	0.01351323	-0.05269074	-0.03027308	-0.08802963	-0.09749672	-0.01621048	-0.02730646	0.12683209	0.02274053	-0.03127186	0.06132098	-0.02971260	-0.07071594	0.06613402	0.01380047	0.04029558	0.01915391	-0.06815425	-0.05348913	-0.10475583	0.03221307	0.06162384	-0.05881354	0.06427090	0.05972452	-0.13314057	-0.02885256	0.02347333	0.11753225	0.08746703	-0.04000058	0.10041284	-0.01732885	0.04052563	0.00401025	0.01166324	0.04694453	0.08967062	0.11213911	-0.03996943	-0.07125088	-0.06734944	-0.04239511	0.02736624	0.11955791	0.06007840	0.06621977	0.04824550	0.08328115	-0.05587567	0.12586603	-0.03471499	0.03377052	0.15803660	0.01623471	0.10056826	0.13919480	0.05291186	0.06068495	0.06829851	0.25969022	0.11844699	-0.02598035	0.00042665	0.06117448	0.19490890	0.15203972	0.07867118	0.13897152	0.13247513	-0.03620134	0.06555161	0.10230083	0.07819553	0.07738066	0.05351155	0.03735032	0.07963515	0.14622574	0.01084764	-0.00123839	0.16887605	0.00650191	0.08842474	0.07154128	0.07281193	0.04888383	0.07908911	0.01251082	0.11177663	0.06074267	-0.01791716	0.15081584	0.01512784	0.14145372	0.03850839	0.04053874	0.02490864	0.08044315	0.21618757	0.06886437	0.10788235	0.17413349	0.13789585	-0.22021311	0.11094355	0.13362432	0.00236476	-0.08072666	0.00318762	0.03968630	0.00329630	0.05826171	0.09214279	0.14919437	0.14982844	0.14692134
17Networks_LH_DorsAttnA_ParOcc_2	0.34293745	0.44709070	0.11435672	0.27579718	0.09815871	0.14695315	0.22699264	0.26954409	0.28790886	0.36640342	0.30375761	0.41498508	0.32280632	0.33240999	0.32011427	0.03554536	0.11971219	0.36013517	0.17324246	0.27466770	0.24658448	0.13859072	0.27117252	0.20643752	0.17139506	0.07449233	0.16217379	0.20906161	0.23694368	0.09249671	0.16110701	0.19958658	0.24310416	0.19670820	0.29568638	0.32387882	0.17918914	0.28166352	0.36897827	0.23670310	0.26311626	0.25703509	0.31886043	0.07408895	0.01197642	-0.08894580	-0.03521611	0.01265319	-0.00493763	0.00570883	0.02751150	0.06406321	0.00391346	-0.15484352	0.01333367	-0.23002379	0.04698080	0.21411439	0.14693777	0.33073076	0.36727607	0.41038935	0.33557703	0.00663369	0.94343249	0.32707463	0.35376318	0.35804951	0.42099365	0.27825469	0.28487558	0.24996136	-0.12299702	0.07277520	0.03985413	0.08419478	0.19516099	0.26780683	0.16336905	0.18893145	0.16769780	0.21586173	0.21026635	0.20316112	0.21539830	0.00434516	0.15873628	-0.14031158	-0.03849082	-0.14308659	-0.00529303	-0.05907696	0.08016277	-0.01254972	0.16611825	0.25913614	0.26896860	0.21554721	0.28278003	0.35137765	-0.01697830	0.28448898	-0.01775150	-0.02885735	0.09617636	0.10159149	0.10749029	0.26846462	-0.07979855	0.23339672	0.06853759	0.07760857	0.05820177	0.07760077	0.04478847	-0.06674146	-0.15826839	0.00722963	-0.10025182	0.07521702	0.13518697	0.52666294	0.01530102	0.26822113	0.12873275	0.03977110	0.10183514	0.02745200	-0.09822749	0.06325411	0.09236286	0.06176332	0.05088832	0.12432358	0.25878437	0.10115073	0.14653556	0.10500878	0.13308035	0.01626090	-0.02142336	0.18691548	0.13848940	-0.03940721	0.16573215	0.20794291	0.08275626	-0.03572623	0.12184569	0.12458033	0.12700408	0.04734559	0.11771758	0.15004787	0.12914927	0.08196980	0.07681694	0.17285119	0.21813892	0.15195460	0.25691777	0.16444047	0.27331856	0.21577261	0.15367028	0.05829485	0.14819637	0.13540745	-0.01095431	0.08604103	0.15965733	0.12285182	0.23770347	0.10631243	0.27884908	0.25055782	0.21666887	0.15145641	0.04293537	0.28633812	0.07155886	0.16185078	0.23364644	0.07041437	0.15751267	0.23845357	0.22611145	0.18110790	0.16175701	0.08610706	0.02809059	0.08270430	0.23458512	0.04517102	0.24684773	0.09252375	0.18989031	0.16418085	0.13777247	0.07378174	0.41747808	0.38896323	0.41536890	0.26322787	0.22885441	0.07252705	0.30308550	0.27085695	0.27608664	0.29158398	0.37564209	0.34093525	0.43297467	0.09087767	0.26159102	0.21704544	0.21775838	0.30458995	0.30011581	0.23856183	0.26304152	0.14542826	0.29848545	0.19549477	0.03445231	0.17320873	0.20565286	0.16139789	0.20141148	0.22056126	0.28172068	0.27162353	0.23262379	0.15757344	0.29172437	0.19049584	0.22210308	0.18714717	0.19301045	0.27338381	0.24069279	0.22369109	0.12304540	0.14505513	0.06546733	0.05458654	-0.04008463	0.13702385	0.00939894	0.02325195	0.13408334	0.03072991	0.01681552	0.09325116	0.09009132	0.07087768	0.09057452	0.26610487	0.26582843	0.36196183	0.32726688	0.26898016	0.17926605	0.37773102	0.40709759	0.43085024	0.28222728	0.39615368	0.39573875	0.21150486	0.27381473	0.20719625	0.09828387	0.02700695	0.03786402	0.18303517	0.05273870	0.12725547	0.23734543	0.26780870	0.21566113	0.23090193	0.17389761	0.14143412	-0.03646117	-0.00622269	-0.05739992	0.13136995	0.11423166	-0.12278954	-0.06826244	-0.20058031	-0.04065641	0.06682559	-0.12665618	0.16780539	0.06539981	0.16164189	-0.01543416	0.10766674	0.17974203	0.24526253	0.10055104	-0.18750168	-0.05034325	0.00113532	0.04118297	0.25312269	0.07443307	0.02011079	0.15188371	0.26348793	0.05001704	0.18137798	0.03848618	0.00521402	0.21208072	0.14417870	0.02018893	0.03577564	-0.01378776	0.04448349	-0.01908458	0.05968139	0.32514208	-0.07452653	0.08282518	0.17639791	0.19500516	0.05963309	0.08870016	0.06908627	-0.07467513	0.16665162	0.18503257	0.11169081	0.19935947	0.03133707	-0.08249964	-0.13285132	-0.03147964	0.09993626	-0.05354787	0.03142009	0.17152547	0.21806573	0.14287800	0.02016451	0.18690996	-0.00170687	-0.00620410	0.01353297	0.22884612	0.10609658	0.08008365	0.09743598	0.12660763	0.15125931	0.10123181	0.04375989	0.27167591	0.26211818	0.19529164	0.20465440	0.06637270	0.16081894	0.10296370	0.22741588	0.13474854	0.16370411	0.28273446	0.25206963	0.15661882	0.23574051	0.04716753	0.16462326	0.21899561	0.07573014	0.21344857	0.09247939	0.08981606	0.15647805	0.17375012	-0.02592757	0.04241357	0.06482332	0.14498253	0.06022584	0.12001589	0.20758527	0.07130494	0.08654834	0.13917415	0.13681914	0.21119406	0.01944944	0.10704390	0.03425559	0.13921013	-0.04291620	0.00819623	0.16479151	0.01986118	-0.07849285	0.17468330	-0.08524627	0.24916585	0.03754441	0.09049723	0.16719150	0.03462369	0.17649896	0.12747959	-0.03986773	0.19382246	0.16542396	-0.13421590	0.07118646	0.01557745	0.04983029	0.06456658	0.02973684	0.19565432	0.11560160	0.18899544	0.05468834	0.08652045	0.09994789	0.15391546	0.11663147	0.22235799	0.27448067	0.27529457	0.13621815	0.25091029	0.09225049	0.14635182	0.26612098	0.21318353	0.16686134	0.26867339	0.20477346	0.29840983	0.24765334	0.33209693	0.27924669	0.18766912	0.21334779	0.28853534	0.24120883	0.25229628	0.08871352	0.10378070	0.26299180	0.06937956	0.18666953	0.21159412	0.26065934	0.36842245	0.19940887	0.29285843	0.26120338	0.19507617	0.17150600
17Networks_LH_DorsAttnA_SPL_1	0.26748136	0.17958066	0.10040377	0.09722374	0.00751832	0.31992771	0.15212802	0.29489588	0.31467671	0.28331522	0.06942201	0.23271386	0.15306234	0.08337313	0.08760195	-0.12779306	-0.06348200	0.03377694	-0.15925659	0.09173513	-0.12507091	-0.02798792	-0.06360094	-0.08376355	0.12514318	0.04148467	0.15591682	0.05783748	0.21186172	0.03646510	0.15002258	0.23340369	0.20147492	0.16321011	0.09302726	0.23865195	0.21040810	0.08395661	0.11274991	0.13491542	0.08790046	-0.01836798	0.11320300	-0.07372738	-0.11383502	-0.09636029	-0.02860249	-0.04348658	-0.10102240	-0.02623868	0.04369057	0.07927651	-0.02776787	-0.16786186	0.05235362	-0.07625179	0.08254361	0.30695842	0.12015227	0.16537877	0.12501451	0.30589826	0.29285476	0.13785606	0.32707463	0.78696645	0.29763560	0.30292556	0.38885663	0.15870007	0.14775582	0.16157793	-0.04966836	0.11746058	0.12999067	0.19470375	0.17223232	0.08814524	-0.14562226	-0.11113720	-0.07634314	0.25165914	0.17180359	0.00075426	0.32160720	-0.14052021	0.07768481	-0.03759974	-0.07229103	-0.06866050	0.09623816	-0.04631349	-0.08557279	0.02131903	0.11892745	-0.00313782	0.03387978	0.09316262	0.19333453	0.16242677	-0.04953875	0.11620246	-0.01851003	0.00103658	0.09872415	0.08051080	-0.04899204	0.10312576	-0.10842187	0.10412241	0.08652188	0.11122398	0.02918331	0.09676657	0.05451813	0.03539225	-0.16107596	0.04134378	-0.03014592	0.07491340	0.14374153	0.46571987	0.04562296	0.23460785	0.28218907	0.03880735	0.07326183	0.04361396	-0.04369134	0.16252259	0.05375474	0.08030418	-0.02319877	0.18627880	0.16146653	0.12787830	0.16364027	0.13832394	0.06272228	0.00477490	0.05196884	0.08709045	0.06814527	-0.09750747	0.03092879	0.10936885	0.10492482	-0.03382136	0.08272778	0.04430395	0.02477763	0.02977793	0.03164052	0.05719156	0.10139144	-0.03471405	-0.04070563	-0.05114830	0.10452253	0.11095617	0.07619208	-0.02295123	0.07786707	0.05186091	0.05844057	0.03875343	0.10472375	0.02328543	0.04944175	0.07508516	0.10044939	0.07224093	0.20016747	0.04032075	0.13118973	0.09277222	0.05427424	0.10397915	0.03369811	0.09831802	0.10155207	0.08977107	0.09787335	-0.03697548	0.06763069	0.09110057	0.09194522	0.12326051	-0.00793770	-0.00637256	-0.04439949	-0.09629223	-0.01060925	-0.03876606	0.10087195	0.06194666	0.04924251	0.04767254	0.14528016	0.02464577	0.21499752	0.18691956	0.16561719	0.14331555	0.15769681	0.06302844	0.25040464	0.34120017	0.31992722	0.36746703	0.21143348	0.15771408	0.19065088	-0.04908373	-0.00820090	-0.10256014	-0.07592238	-0.08483925	0.12530381	-0.06692841	-0.13504020	-0.09808497	-0.04349298	0.05058473	0.06171243	0.18336031	0.17492280	0.12814689	0.16975599	0.19546141	0.15094763	0.14053311	0.17065989	0.14719656	0.14343748	-0.02746400	0.09435237	-0.03611535	-0.06785312	0.03697137	0.09410330	0.05779325	0.03937259	-0.03997574	-0.11724750	-0.16312808	-0.08715230	-0.03978200	-0.03830917	-0.03443031	-0.05785883	-0.07202724	-0.01545305	-0.09598860	0.06078505	0.11862572	0.19871963	0.27997381	0.13004013	0.13782824	0.17992773	0.23052952	0.12063158	0.11539022	0.21590200	0.36228672	0.17845144	0.30580304	0.26151514	0.14716442	0.07850654	0.04134543	0.05262670	0.08021149	0.00538516	0.11826442	0.09514696	0.04966924	-0.01366765	-0.05063712	-0.05147391	0.12768949	0.09031863	0.11162804	0.02998426	-0.10289722	-0.00190319	0.14889658	0.03441400	-0.14979345	-0.14561992	-0.17240161	-0.11290884	-0.04701134	0.06971812	-0.02944094	-0.12323070	-0.00855699	-0.03772122	-0.05733708	0.07862910	0.17114068	0.09884299	-0.04602482	0.00975155	0.08198548	0.03495060	0.08804283	0.18108501	0.08589314	0.09284544	0.13819809	0.06420645	0.06631832	0.12788880	-0.01593998	0.08976590	0.02809952	0.01927056	0.09565824	0.08867193	0.05166169	0.08321440	0.11624280	0.31075352	0.05286391	0.06643082	0.17291045	0.11726518	0.10006627	0.09734806	0.07016272	0.10438780	0.19989061	0.06658953	0.05550511	0.12129006	0.11845192	0.05913311	-0.00202359	-0.03757503	-0.00046762	-0.00781312	0.09739545	0.14653937	0.07258501	0.17229165	0.04717714	0.13696989	0.10299645	-0.05935166	-0.01856547	0.10736686	0.06028919	0.11203754	0.10874831	0.04204439	0.15617700	0.05768864	0.04060322	0.11937284	0.13121376	0.10198052	0.11579190	0.09014587	-0.01698943	0.04261832	0.14559275	0.05512361	0.02416763	0.13711817	0.19988983	-0.03488529	0.13405933	0.04336699	0.19737023	0.15475374	0.09978435	0.22100576	0.14027504	0.16943212	0.13354326	0.17482278	0.07691484	0.02367756	-0.00225175	-0.01822669	-0.02496796	-0.02925948	0.11703632	0.03885526	0.13120199	0.09306423	0.10573183	0.18625013	0.04720874	0.05820494	0.08280992	0.16174309	0.07332840	0.07417584	-0.03467658	-0.01712535	-0.03144236	0.02823435	0.03387594	0.14289685	0.03327120	0.03651540	0.10323869	-0.00564995	0.18517085	0.14753128	-0.08105571	0.09737748	0.18383342	-0.08918439	-0.12497299	0.00239709	-0.01541171	-0.08621607	0.07165523	0.17750072	0.11428278	0.15296524	0.12729029	0.07105761	0.02442657	0.19109621	0.02208912	0.18350298	0.18553665	0.16632778	0.05939690	0.17407559	0.07917622	0.12512515	0.12290838	0.02617714	0.18356272	0.21986876	0.16597260	0.19132952	0.19044664	0.22936818	0.18622687	0.22622234	0.15696484	0.15110568	0.11607952	0.26353251	-0.02385906	0.09809030	0.16201939	0.07348977	0.09679992	0.19214338	0.16281846	0.24280353	0.18215728	0.22738659	0.20603483	0.16965139	0.19083077
17Networks_LH_DorsAttnA_SPL_2	0.31199312	0.37240251	0.11211601	0.23977719	0.13638934	0.01641001	0.14040159	0.33282675	0.05101916	0.24412084	0.22038303	0.32911135	0.30752397	0.47635058	0.29677990	0.09385815	0.27095024	0.16305652	0.19499468	0.26310653	0.17217860	0.16324208	0.20115346	0.21536511	0.26602972	0.21263611	0.21375666	0.37853814	0.24147579	0.33693750	0.21540707	0.28129070	0.47155203	0.34909663	0.29612529	0.51548331	0.34499564	0.19301433	0.34138513	0.41350665	0.27072957	0.23273351	0.46327027	0.00309142	-0.01304587	-0.10307759	-0.01515331	-0.00956881	-0.19424272	0.01691107	0.27992647	0.19227986	0.23065407	0.07051978	0.14456524	0.02142520	0.07052730	0.32060991	0.07600037	0.24832164	0.28713074	0.27934468	0.23429772	0.16440046	0.35376318	0.29763560	0.93328274	0.57644635	0.56284667	0.38845906	0.59250732	0.55040408	0.09926621	0.20991855	0.19492888	0.39958522	0.49115722	0.46013044	0.20776037	0.29122361	0.19673692	0.31419137	0.42864260	0.31001038	0.30687810	0.06749369	0.02383219	0.09810705	0.04747634	-0.17085669	-0.01704640	0.02039584	0.13979195	0.05348516	0.34110583	0.39691915	0.29866020	0.42518578	0.18240955	0.36446670	0.16420368	0.30686343	0.25318009	-0.13195236	-0.12707480	0.07125045	0.08386000	0.06431138	-0.03011011	0.12389500	0.02855964	-0.03176156	-0.15669128	0.00796476	0.10170363	-0.14270577	-0.13926615	-0.09218752	-0.04789623	-0.00304204	0.33934980	0.43323657	0.21130442	0.43838978	0.36390383	0.30702769	0.20365776	0.02069536	0.07013817	0.23086808	-0.05047411	0.00895366	0.08777265	0.06178394	0.22825434	0.14256925	0.23308643	0.42088980	0.04568448	-0.02588450	-0.04937611	0.16426243	-0.01969069	-0.10461790	0.16116511	0.18357763	0.13305012	-0.08288169	-0.16698602	0.08508821	-0.01767727	-0.01720348	-0.12911676	-0.01701002	-0.06346543	-0.08038365	-0.04875942	0.13888312	-0.02445418	-0.01225350	0.02112343	-0.02161757	0.05088885	-0.05175579	0.06342048	-0.10203292	0.01725873	-0.08842856	-0.14794429	-0.09585333	0.00383669	-0.13009718	0.08301347	-0.08120788	0.05325539	0.07417331	0.06053423	0.12420487	0.03749929	0.22858302	0.03698726	0.05389604	0.01413677	-0.11986795	-0.10700863	-0.02571768	-0.02539641	0.24122401	0.20869714	0.01089677	-0.02026464	0.08094539	0.01173250	0.02474221	0.06510712	-0.05771996	-0.09456001	-0.03310038	0.02850904	-0.16286607	0.33089751	0.23258827	0.28646555	0.13398295	0.11457711	0.12558569	0.16722786	0.27519568	0.14155177	0.41251822	0.21489724	0.29191552	0.27841112	0.02269907	0.30642187	0.24080343	0.17274366	0.20844151	0.18749293	0.20141122	0.14437354	0.22167072	0.18401602	0.22201541	0.29831659	0.42523970	0.37585340	0.24652784	0.32158798	0.39048207	0.30245608	0.40108187	0.31596036	0.24491935	0.57915877	0.14579986	0.21980213	0.08904892	0.08207738	0.34489055	0.26679268	0.41249903	0.13502864	0.32418373	0.19091511	0.08097581	-0.04673296	0.00767839	0.25881850	-0.00798592	0.24292827	0.06849874	0.18968583	0.24076020	0.24238524	0.25331903	0.34294877	0.43370791	0.36322091	0.36200524	0.29996787	0.45008851	-0.00014887	0.21585871	0.44633891	0.41727344	0.41020405	0.50691963	0.62501286	0.47591274	0.44701226	0.47926423	0.35679385	0.08067134	0.25447694	0.54172344	0.33776798	0.25463518	0.40985774	0.25601838	0.00780216	0.42434809	0.46623856	0.47359915	0.18641044	0.23017547	0.27040379	0.16620779	0.03529204	0.05534460	0.01552487	-0.13394664	0.02985787	0.16544290	0.02870734	0.27839800	0.09412469	0.38501883	0.24323416	0.36376539	0.43436928	0.38886494	0.11511945	0.03083560	0.13096533	0.21285066	-0.00037210	0.33264704	-0.00727413	0.01533207	-0.09049449	0.19974786	0.09391409	0.20060527	-0.05433233	0.06699542	0.09855726	-0.14193473	-0.03274540	-0.03744129	0.13161696	-0.01427289	-0.01744466	0.03261810	0.50740787	0.28986820	0.20510667	0.49186337	0.00522255	0.03813740	-0.07800698	0.10608515	0.05266840	-0.03305692	0.09861340	0.05134030	0.20160749	0.05749868	0.00933258	0.20454830	0.14303794	0.28341740	0.03078822	-0.02114884	0.10398085	-0.00400768	0.15540605	0.19801345	0.05494484	-0.01510098	-0.03600090	0.04278476	-0.02515143	0.00261036	0.30188975	-0.01372418	0.14126517	-0.03280058	-0.09297457	-0.00234565	0.07278328	0.07355076	0.01112490	-0.03897277	-0.04953172	0.05207629	-0.11683886	0.01974439	-0.03372215	-0.04657722	0.02279634	0.14961721	-0.02002580	0.05538576	-0.20340863	0.08763461	0.16115050	0.02609536	0.07783138	0.11799445	0.17464186	0.03029154	-0.04368350	-0.09022040	-0.09967279	0.07308931	0.12744711	0.01827246	0.11346715	0.17337514	-0.01600049	-0.05996971	0.00908600	0.13953776	-0.19227208	-0.05594448	-0.23498101	-0.13785641	-0.03425071	-0.07744712	-0.17273892	-0.04565108	-0.04851341	-0.04088710	0.19230327	-0.14803787	0.04530441	0.08818692	-0.00510723	0.06992493	-0.09629791	-0.01598078	0.17177141	0.03899668	0.20224496	0.14397873	-0.11717266	-0.01044911	-0.11382079	-0.02301642	0.05187653	-0.11348980	0.09212285	0.00461231	0.10793165	0.10155828	0.05807101	0.09193396	0.09481576	0.16284703	0.26270071	0.21925933	0.35674005	0.21570606	0.33297810	0.05211734	0.18096467	0.38979127	0.33230324	0.20542982	0.29469245	0.25459792	0.33433594	0.34573573	0.27931454	0.20186451	0.08706079	0.14672969	0.36383107	0.35527162	0.31571060	0.08202787	0.26235519	0.34296329	0.20947519	0.28766682	0.35545366	0.26470770	0.32854482	0.12949610	0.29664051	0.16159579	0.14706677	0.09419590
17Networks_LH_DorsAttnA_SPL_3	0.34450885	0.35374010	0.13150113	0.21240421	0.07348314	0.01188837	0.13227416	0.35438164	0.12733137	0.23988549	0.18242454	0.28130724	0.25078807	0.40523387	0.23825343	0.13223708	0.18991249	0.11838074	0.15390101	0.25413510	0.12642051	0.13480406	0.16355821	0.16886048	0.29846718	0.16266764	0.17711016	0.30971093	0.25506293	0.24671861	0.22217241	0.28261123	0.39795627	0.37028659	0.28752067	0.48520314	0.35059172	0.20968637	0.36053239	0.35599830	0.26736061	0.26404011	0.41883942	0.02941494	-0.07371609	-0.02055640	-0.03157104	-0.04330349	-0.11494047	-0.06838024	0.24729932	0.12992156	0.10514347	-0.03026526	0.09466151	-0.03712089	0.08027289	0.29826151	0.13363926	0.24714232	0.23966233	0.28565832	0.23143660	0.18579887	0.35804951	0.30292556	0.57644635	0.98353019	0.62161882	0.42425706	0.61679945	0.52797169	0.05979968	0.20170163	0.20317022	0.35772899	0.44482246	0.42629482	0.15178672	0.25229086	0.17959611	0.31435574	0.46921202	0.27330741	0.39924652	0.03055108	0.01638445	-0.02038440	0.01477962	-0.10547568	0.07120887	0.04919172	0.09666227	0.06066106	0.30308005	0.42239088	0.30566089	0.34620180	0.27067482	0.33523339	0.14882108	0.33069232	0.24120583	0.01570738	-0.03989169	0.20671498	0.04429877	0.19807561	0.01789628	0.22716641	0.09752158	0.03203790	-0.10689003	-0.01209730	0.09379094	-0.11793965	-0.28357195	-0.12457021	0.07856793	-0.01725173	0.33191387	0.52881921	0.18682827	0.45282695	0.34420130	0.34055779	0.19643963	0.10486402	0.09883152	0.23123995	0.06013764	0.14624015	0.12063611	0.13980707	0.22888249	0.22588332	0.24235438	0.44790156	-0.02576666	0.10752717	0.04530576	0.24347673	-0.01045859	-0.00766616	0.19628986	0.21715016	0.10800358	-0.03422570	-0.08463174	0.13832991	-0.05313357	0.00045192	-0.08952347	-0.01026645	-0.00312094	-0.06874418	-0.07609966	0.09547592	0.00294150	0.04838459	0.08144905	0.03377957	0.12055283	0.01457230	0.09729287	-0.01736708	0.09666248	-0.00089093	-0.14609728	0.01187211	0.00552960	-0.04590402	0.09817742	-0.06177319	0.06612603	0.07323831	0.10416941	0.07266969	-0.07707280	0.22268978	-0.02508382	0.09731421	0.05798451	-0.03983777	-0.06982982	0.02746495	-0.01775988	0.25800043	0.16899147	0.04670197	-0.04171155	0.04641355	0.00404319	-0.03292239	0.02904076	-0.01565284	-0.11421514	-0.13313587	0.10652480	-0.18482142	0.34195277	0.23883999	0.27613448	0.14666378	0.08055213	0.06364736	0.16922869	0.21314857	0.13624274	0.33223920	0.22009756	0.24735716	0.25542031	0.10544763	0.26963234	0.21076823	0.12108011	0.21940946	0.21090498	0.15431801	0.11464832	0.16346759	0.16443849	0.25820450	0.13610975	0.39178878	0.31230384	0.22754410	0.25782133	0.32987823	0.29571833	0.37329197	0.26615877	0.24555424	0.49715500	0.12127579	0.27458321	0.11571985	0.16000671	0.25389997	0.23321876	0.29797561	0.07501207	0.25493842	0.12573442	-0.01762826	-0.04405550	0.11479066	0.18112784	-0.06066601	0.19861206	0.09845745	0.12794874	0.18723536	0.19344233	0.23300769	0.28043391	0.42350298	0.33795948	0.31894760	0.23807811	0.37982208	0.03322986	0.14234447	0.42536389	0.35312090	0.42463047	0.53169678	0.61806759	0.47884463	0.41227080	0.40994335	0.29720298	0.09241466	0.19957014	0.46262751	0.27793905	0.24107526	0.35187298	0.23847319	-0.00156671	0.39418176	0.43125892	0.39640000	0.08700577	0.10816662	0.16489525	0.21528301	0.09804338	-0.02854359	-0.01924870	-0.17522951	0.02608959	0.10674541	0.02267832	0.24288709	0.07317190	0.32828414	0.28760090	0.31254796	0.36386567	0.35936208	0.11777489	-0.03125737	0.11224524	0.24817280	-0.02492211	0.31704168	0.08178606	0.09552107	-0.00906100	0.25767803	0.11626806	0.18897187	0.07212618	0.12997110	0.13848917	-0.04781562	0.07151998	0.03058509	0.10675455	0.04149143	0.01651758	0.15419252	0.44181627	0.21879105	0.24911005	0.43504764	0.01966453	0.11126170	0.00935532	0.20912504	0.00395295	-0.01092708	0.12711319	0.06074606	0.15123448	0.08106507	0.03094844	0.12532820	0.13310490	0.30088995	0.04699686	0.04149307	0.06549662	0.07710097	0.23280192	0.20673553	0.11828932	0.04781028	-0.06344371	0.07972739	0.03342457	0.04449954	0.29915790	-0.01937604	0.09420324	0.04404452	-0.00581919	0.01771191	0.08681350	0.06271283	0.05980811	0.01454634	-0.01174357	0.07386340	-0.07904497	0.05529926	-0.03508209	0.00573639	0.07656167	0.16377281	0.05085033	0.07999385	-0.17292964	0.11669368	0.21312211	-0.01951260	0.14997332	0.07205878	0.15039046	0.09950802	0.00263359	-0.08432054	-0.06802068	0.06194581	0.11530645	-0.01074373	0.06446066	0.19199813	0.03802690	-0.09661211	-0.02665486	0.01542191	-0.13653239	0.02815052	-0.20756891	-0.11482240	-0.00940003	-0.12977471	-0.12036550	0.05728328	-0.01772310	-0.01217193	0.20125638	-0.06785116	0.12581098	0.16043171	0.01300538	0.05676277	-0.01451590	-0.00515541	0.18957426	0.02763599	0.23014154	0.21594127	-0.07907711	0.03519567	-0.06878341	0.04716409	0.02513845	0.04742808	0.10925881	0.08449475	0.08748207	0.06905034	0.04684369	0.12931704	0.15552064	0.15412515	0.23503090	0.26736451	0.27309401	0.24109895	0.30901589	-0.00359724	0.13210396	0.28830347	0.23780056	0.22143219	0.20824448	0.23935106	0.28351478	0.32222931	0.20363367	0.14430293	0.04230269	0.14112460	0.33881610	0.41256138	0.30201125	0.06644157	0.18875913	0.33147315	0.10459101	0.24210914	0.27134788	0.24900828	0.33383580	0.15505178	0.27468158	0.16026033	0.14010433	0.07233525
17Networks_LH_DorsAttnA_SPL_4	0.33083522	0.33770640	0.05023344	0.17503069	0.03158566	0.11975899	0.17140126	0.40156409	0.19114284	0.31397362	0.13926932	0.29640007	0.40437261	0.39506040	0.21757773	0.01448499	0.22674739	0.08100265	0.09737594	0.30110451	0.04690273	0.08697019	0.11957973	0.21361885	0.37498410	0.10817713	0.19961544	0.31651234	0.32847508	0.27999792	0.29020857	0.40225368	0.48879423	0.41175218	0.35334857	0.50862980	0.45232296	0.19526446	0.32151949	0.38226174	0.32786569	0.23260470	0.47236149	-0.04505372	-0.07185478	-0.03760414	0.07200340	-0.00510863	-0.08263797	0.01991377	0.31200040	0.13916007	0.12268904	-0.02282470	0.14690522	-0.05682255	0.13795912	0.30988954	0.11970856	0.36991580	0.41131172	0.37217553	0.30339690	0.27289522	0.42099365	0.38885663	0.56284667	0.62161882	1.09581028	0.48104132	0.51849169	0.45463463	0.07124941	0.25741916	0.26552931	0.42378892	0.52888151	0.48101282	0.12580800	0.21737887	0.15929005	0.33863792	0.49258963	0.30390395	0.47957702	0.00731696	0.01726686	-0.00180823	0.05156178	-0.13930021	0.13351270	0.07151471	0.10984948	0.05237445	0.37083761	0.38953046	0.29689764	0.43495412	0.29922659	0.33346241	0.09443328	0.37412475	0.21526466	-0.09572916	-0.06633478	0.19602676	-0.00404416	0.15973337	-0.04104404	0.19186236	0.03113598	0.00251276	-0.08598265	0.04253091	0.07135240	-0.10671657	-0.28375030	-0.09974245	-0.00065692	-0.02417017	0.29992529	0.65299109	0.18265018	0.48073703	0.42131614	0.27685515	0.19681405	-0.00251489	0.05603431	0.30988661	0.03680919	0.02588861	0.14141343	0.07164174	0.20405203	0.16140627	0.24543848	0.42466610	0.00081821	-0.02726987	-0.03666661	0.18787962	0.04443317	-0.01598263	0.22680264	0.27723357	0.15327857	-0.04633310	-0.10445188	0.13240521	-0.02714421	0.03167220	-0.10780944	0.01214394	0.03731323	0.04727571	0.02117783	0.16066146	0.12849623	0.08758237	0.11054865	0.04987167	0.16198926	0.03237852	0.08052306	-0.02401914	0.05215658	-0.06598790	-0.17019865	-0.04019453	0.06813292	-0.08015355	0.19770836	-0.01182926	0.15373745	0.10568640	0.11936446	0.14574264	-0.09120455	0.21821935	0.02552987	0.05701454	0.06399537	-0.13061925	-0.07857054	0.00875031	0.00005934	0.26153509	0.21543943	0.02969565	-0.04112792	0.08793712	0.09653189	0.06923582	0.07983740	0.04511936	-0.02222168	0.01212133	0.22698273	-0.11236916	0.39404809	0.24444905	0.24283967	0.11629662	0.11199244	0.14136680	0.19990417	0.29315193	0.24109193	0.43579888	0.20901395	0.22577798	0.35217346	0.06883284	0.28636368	0.15152231	0.12795034	0.11207513	0.22609340	0.13590435	0.03481877	0.12197473	0.08451828	0.17518111	0.08848439	0.34202675	0.32750652	0.31295335	0.30206691	0.36285733	0.30646540	0.36678017	0.30306779	0.30764081	0.51097247	0.06801576	0.25369715	0.05976835	0.07309776	0.26826011	0.18995571	0.31376071	0.08281476	0.26971229	0.16340118	0.01110384	0.00258207	0.08020954	0.12709064	0.01948647	0.27366412	0.15220168	0.12603578	0.19784934	0.27187251	0.31838729	0.36988774	0.50705559	0.41066600	0.29311471	0.27209243	0.45216288	0.11326243	0.16276639	0.39500337	0.53227638	0.37998177	0.51511674	0.59512021	0.37705936	0.33004389	0.27696912	0.26803280	0.16944850	0.18406731	0.42471653	0.29859959	0.27041800	0.28952206	0.13625310	-0.02600997	0.35562592	0.45464758	0.41657884	0.13689369	0.11529488	0.15114831	0.19240470	0.07999898	0.00488996	0.01914203	-0.05898651	0.00064817	0.05517759	0.03836508	0.25584060	0.11875286	0.33106710	0.24992426	0.30860464	0.31380519	0.36829802	0.11334144	-0.07142181	0.03976183	0.16673249	0.04684592	0.32400125	0.09928324	0.06146732	0.09110538	0.33170949	0.04573213	0.16078330	-0.01025552	0.04369335	0.09315844	-0.03144969	0.01776965	0.02681337	0.13579906	0.07295970	0.05531620	0.13209379	0.51702702	0.16559924	0.14168845	0.45205556	0.11495669	0.05929105	-0.03143211	0.07647061	0.09274026	0.02698921	0.28616968	0.03393370	0.20297282	0.07204697	-0.04271530	0.07445238	0.07810232	0.27758850	0.01530435	-0.00880502	0.12845422	-0.07624198	0.18268789	0.11603567	0.17267801	0.05134256	-0.05374582	0.08842413	0.13349870	0.12832155	0.28068632	0.06147612	0.17680384	0.05680634	0.00758535	0.00789140	0.16309472	0.17446885	0.13380681	0.07844540	0.03933879	0.10633473	0.02472087	0.14569007	0.05132558	0.08335219	0.15173476	0.22967791	0.03008765	0.15620804	-0.10117526	0.14401103	0.29512644	0.10140435	0.21131240	0.11391960	0.18828665	0.12642740	0.02420690	-0.10414880	0.02044412	0.07980108	0.11461467	0.00185479	0.14801962	0.21312540	0.10708550	0.08908617	0.16731970	0.12888832	0.04514333	0.09057420	-0.08982199	0.08757061	0.08478047	-0.02271451	-0.05802954	0.09329277	-0.02494656	-0.05468790	0.33429727	-0.08904127	0.17125467	0.22748300	0.02187158	0.08574094	0.04070759	0.11550269	0.15515934	-0.06710974	0.16076846	0.19913624	-0.07415125	-0.01910688	-0.05178312	0.05160240	0.11654880	-0.02849164	0.13637915	0.10376567	0.14615971	0.14524845	0.06816331	0.07538414	0.12528139	0.05486834	0.26193540	0.25457359	0.30993692	0.20550272	0.30290752	-0.00502568	0.16196631	0.26393368	0.18544600	0.13568089	0.21233957	0.29054376	0.26779672	0.34040254	0.26110956	0.16007278	0.05519433	0.11699090	0.29470711	0.34806372	0.34608629	0.08422394	0.22490358	0.35517856	0.06416693	0.17615947	0.26462010	0.18984870	0.28584149	0.12189731	0.23283143	0.13221342	0.07895608	0.08459426
17Networks_LH_DorsAttnA_SPL_5	0.15580419	0.17672643	0.03634843	0.16445977	0.03853885	0.07769947	0.09961622	0.28607543	0.13405387	0.09221438	0.20404749	0.21426158	0.24724896	0.25796501	0.18013517	0.00733218	0.13581187	0.06892805	-0.06384272	0.17149935	-0.02552068	-0.02501661	-0.00086447	0.01832013	0.41100565	-0.07702465	0.02744674	0.30297310	0.32407462	0.26931448	0.42113735	0.45159097	0.46453332	0.40393089	0.30333482	0.40570725	0.53381710	0.14352009	0.26011413	0.31747610	0.43057519	0.07717314	0.45788590	-0.00664238	-0.11044137	-0.05501484	0.07767698	0.02755606	-0.23326959	-0.00612339	0.33293884	0.15811287	0.13582821	-0.01625669	0.13450862	-0.14553761	0.14863970	0.34630733	0.08062618	0.17474274	0.16317968	0.03703496	0.14396897	0.25741188	0.27825469	0.15870007	0.38845906	0.42425706	0.48104132	1.05957471	0.46201165	0.46697255	0.01525018	0.20621078	0.26167492	0.58423478	0.66728094	0.45218962	0.13505396	0.25287848	0.05922917	0.15913355	0.43222072	0.31207844	0.40414704	0.04544532	-0.15899759	-0.11165858	0.02266572	-0.16942213	-0.00508400	0.03883116	0.09003850	0.01473373	0.45176705	0.34177168	0.03853263	0.43514126	0.10301538	0.24329539	0.07799011	0.23639884	0.15781965	-0.13860201	-0.15477718	0.18137339	0.01531102	0.02983117	0.14193177	0.13788752	0.01533857	0.00929751	-0.14733393	0.14059287	0.18873252	0.01455474	-0.09819468	-0.04771907	0.04028689	0.02834529	0.34681715	0.31271502	0.01407983	0.33512806	0.42603870	0.19852096	0.10395851	-0.02004874	0.01583805	0.26131216	-0.09556061	-0.02488503	0.20762294	-0.04997909	0.03552465	0.10834524	0.09480358	0.39803812	-0.14070249	-0.03524988	-0.07456317	0.04307097	-0.02725355	-0.04150861	0.08829729	0.12252332	0.09694968	-0.00800359	-0.13094138	0.02412811	-0.10873305	-0.07880788	-0.20765296	-0.00819484	-0.03353610	0.07683111	0.10004530	0.17469640	-0.02464653	-0.03374202	0.02224036	0.00717582	0.06379633	-0.07376681	0.06918730	-0.17552144	0.02120097	-0.06227720	-0.10921726	0.00338721	-0.11566970	-0.03443411	0.13973265	-0.04995242	-0.03017333	-0.01417354	-0.04324852	-0.06087437	-0.16207711	0.08136736	-0.11820721	-0.04519265	0.00861144	-0.19448463	-0.11503524	-0.04581050	-0.07033906	0.12689703	0.04930641	-0.06022037	-0.12462800	-0.00015597	-0.10344026	0.04230885	0.00117627	-0.09390482	-0.16475577	-0.13597428	0.06548197	-0.19973746	0.21891226	0.10296135	0.06864462	0.00339817	0.02701528	0.00102881	0.06451202	0.16999675	0.15833301	0.23879078	0.05956515	0.12115437	0.09361633	-0.05647398	0.13606225	0.07036751	0.04436001	0.01554738	0.10881809	0.08554947	-0.03408254	0.04223693	0.00080559	0.28582851	-0.05017835	0.19854342	0.47097066	0.40745066	0.36249846	0.40931769	0.31095773	0.37447827	0.38800224	0.45439529	0.52973811	-0.05684592	0.08961055	-0.02573161	-0.00946730	0.26841990	0.09362258	0.26281595	-0.02165332	0.16341141	0.05546371	0.02663187	-0.10653514	0.09594039	0.11434748	0.09198201	0.20451709	0.22815321	0.20823983	0.17081335	0.27586848	0.23570753	0.41939330	0.35949287	0.20690314	0.14478095	0.14030234	0.39867842	-0.05478675	0.13363095	0.22254188	0.23980508	0.24642790	0.37822523	0.47813992	0.53507959	0.42119406	0.40606892	0.29843466	0.02758292	0.26343018	0.54397590	0.47405262	0.47385020	0.25469269	0.11322013	-0.13798333	0.26151041	0.51333813	0.39575525	0.10345931	0.12448228	0.13150950	0.07551190	-0.00955292	0.01602411	-0.04109445	-0.01951398	-0.01383875	0.02324414	0.02752135	0.19087552	0.05339302	0.32835083	0.25528088	0.33762052	0.27640354	0.27759640	0.00379998	-0.07400883	0.03915131	0.04119734	-0.13327395	0.12699245	-0.11989739	-0.06018113	-0.16989549	0.05917552	0.00938520	0.05190969	0.00710173	0.14647392	0.17012357	0.00475452	0.16717279	0.08696682	0.10333642	0.15438491	0.07105184	0.03053070	0.29167915	0.18759743	0.13337264	0.60714846	-0.02245359	0.04123041	-0.07070708	0.05683686	-0.03791123	-0.12651745	0.25318792	0.10247226	0.09551873	-0.03594552	-0.05514581	0.04425035	0.02002507	0.14069566	-0.02972681	-0.07685234	-0.01224348	-0.06305740	0.11855793	0.06489672	-0.06412462	-0.00364567	-0.05074705	-0.06149217	0.03280038	-0.02896273	0.22060359	-0.05339339	0.04835658	0.01160172	-0.05178040	0.01922605	-0.02635044	-0.02586413	-0.02647662	-0.05297473	-0.03154122	0.00525346	-0.05211978	0.03244927	-0.01730621	-0.06658127	-0.02002435	0.04699508	-0.09800388	-0.04846206	-0.06816427	0.04942281	0.08083043	-0.03860680	0.07553652	-0.00676531	0.00199532	-0.06945503	-0.10649435	-0.10732679	-0.02041588	0.11368229	0.02180098	-0.03249747	-0.05583379	0.11309409	0.03906198	-0.08063718	-0.01733708	0.02000005	-0.05707193	0.05578792	-0.27468785	-0.08638903	-0.10289639	-0.19665364	0.05997830	0.03362485	0.07824776	0.10062941	0.10168950	0.05321153	0.09763712	0.19915850	-0.07685187	0.03414714	0.00059954	0.14978649	0.21583142	0.03129180	0.13956377	0.11084225	0.07414176	0.00399522	0.05653236	0.08060399	0.16306219	0.13860801	0.09670420	-0.01045436	0.13736977	0.04889281	0.01613794	0.14810629	0.16652508	0.11236333	0.07752458	0.02368941	0.17504352	0.16969387	0.25591314	0.04935118	0.20408571	0.15312267	0.14758514	0.17362146	0.15537446	0.14829716	0.14131953	0.17977321	0.14798821	0.10555922	0.03806106	0.03611519	0.20292407	0.31024150	0.30862706	0.08652556	0.25646014	0.25267823	0.08051103	0.10085635	0.18992388	0.06955986	0.15099555	0.00806592	0.11646301	0.10534167	0.06657250	0.05003270
17Networks_LH_DorsAttnA_SPL_6	0.36375988	0.33515786	0.21194513	0.30923009	0.13262739	-0.04339652	0.19003815	0.21698641	0.02398124	0.16831968	0.20866372	0.21029098	0.21506005	0.52403307	0.27333120	0.15693261	0.28623193	0.13257003	0.25746528	0.33090720	0.17372569	0.10644357	0.15218342	0.23232101	0.30824286	0.22547817	0.13659984	0.34213399	0.28417994	0.35672868	0.22598687	0.32947656	0.46762750	0.33461681	0.31066924	0.62930239	0.33198119	0.17526699	0.34806813	0.49626048	0.23307595	0.17695086	0.47163646	0.04396205	-0.00289071	-0.05921794	-0.02022255	-0.06905539	-0.15936943	0.00074789	0.30101338	0.22161303	0.21064491	0.11828063	0.00719345	-0.08221549	0.05667186	0.21415827	0.08004333	0.20117008	0.22730716	0.24400221	0.20342610	0.17882990	0.28487558	0.14775582	0.59250732	0.61679945	0.51849169	0.46201165	1.08951765	0.62334429	0.18214397	0.17381972	0.22936329	0.42830599	0.51597141	0.42384636	0.30643638	0.33939490	0.16207321	0.35335797	0.53703333	0.35518772	0.29012248	0.01722530	-0.04281181	0.18659397	0.09898460	-0.17016346	-0.05488157	0.05501827	0.19471085	0.02557963	0.43157588	0.55030176	0.28972381	0.46368728	0.19608631	0.37695514	0.24413563	0.35067308	0.35369028	-0.07848374	-0.21726247	0.17517468	0.11623226	0.00746364	0.15780227	0.14561632	0.14514447	0.06711199	-0.15931589	0.12087197	0.24803480	-0.03238061	-0.12802630	-0.00122052	0.18693917	0.01186182	0.38576310	0.32216524	0.30187204	0.53720900	0.36562922	0.44800965	0.25986128	0.13039654	0.21011972	0.24224331	-0.04457438	0.00552988	0.13242931	0.10793657	0.33938205	0.26179126	0.27877104	0.45986142	-0.02998715	0.03535140	-0.01604347	0.13675042	-0.10338670	-0.00460203	0.23885515	0.31761938	0.04570998	-0.03208536	-0.18910300	0.18922477	-0.08171800	-0.09108864	-0.22420675	-0.12448057	-0.13358825	-0.09689338	-0.08262244	0.12589814	-0.06228713	-0.01745783	0.00875667	0.01304798	0.04496193	-0.15281262	0.11961785	-0.16662814	0.12754048	-0.03094270	-0.09246907	-0.11042094	0.02992890	-0.19307595	-0.02225503	-0.10354390	-0.02640451	-0.01808028	0.00312882	0.02207571	-0.08403275	0.24465194	-0.09049301	0.04502152	-0.07657813	-0.04077301	-0.20756470	-0.10813483	-0.13128118	0.31488136	0.27362654	0.06193570	-0.02196678	0.08781281	-0.08714883	0.02073881	0.01239759	-0.07459185	-0.18507405	-0.03140064	0.08633113	-0.21880060	0.28503253	0.23593664	0.25518614	0.15204624	0.14089132	0.10386805	0.12704674	0.14497864	0.02819379	0.26075637	0.19196823	0.21998683	0.22316475	0.00192812	0.33056369	0.27350228	0.13407390	0.23947577	0.20679432	0.24837264	0.18229666	0.23228685	0.15758788	0.26273972	0.14091510	0.35340626	0.34157234	0.31312296	0.28140808	0.34477451	0.37013928	0.35591170	0.21922377	0.23626789	0.64272172	0.12696705	0.25369772	0.07645490	0.07758982	0.26861953	0.25453578	0.36375185	0.07713122	0.38347115	0.28272818	0.01694689	-0.08092037	0.08279606	0.28419784	-0.05559613	0.19463872	0.09422940	0.16896972	0.18657838	0.17523294	0.25453684	0.31374182	0.41527524	0.34601648	0.34983237	0.29673474	0.38577800	-0.01807452	0.16042694	0.41206575	0.27328745	0.49124787	0.50424322	0.65996771	0.56378289	0.51221944	0.53063680	0.38591480	0.03845735	0.27257710	0.56921021	0.34398575	0.32615740	0.46375444	0.25389919	-0.04342916	0.46622627	0.62620488	0.57100787	0.19039525	0.20969508	0.29369843	0.13337355	0.04604232	0.09320785	0.03087482	-0.12204675	0.03386408	0.09478383	0.04150887	0.24397304	0.07099840	0.44847465	0.34602337	0.43181187	0.40333081	0.40696587	-0.00136537	0.07843885	0.16934153	0.33661273	-0.03708147	0.33255629	-0.10161952	-0.01515953	-0.22886210	0.15763692	0.28876558	0.25208844	0.07321791	0.10011533	0.21140813	-0.15331624	0.23118323	0.05392669	0.25558682	0.09125449	0.16287908	0.10021994	0.45097824	0.30092351	0.31868388	0.51514056	-0.00643717	0.11137704	-0.11512938	0.17908408	-0.11224945	-0.19429004	0.15339449	0.14908678	0.22437298	0.10524337	0.09444313	0.25312107	0.17812389	0.34860223	0.06847703	0.01323600	0.08795964	0.01283059	0.18358772	0.33365986	0.07243091	0.01327471	-0.01392893	0.08737159	-0.05455130	0.02973035	0.32237286	-0.11996827	0.11100329	-0.11756251	-0.04554999	0.05675028	-0.07477839	-0.05718619	-0.05877272	-0.08682444	-0.07120904	0.08501080	-0.15452582	0.03721944	-0.01895215	-0.09147302	-0.03118432	0.12517842	-0.02213855	0.09824647	-0.18436704	0.14342142	0.12830316	-0.04926139	0.01569293	-0.00631813	0.13874222	-0.08199557	-0.18755000	-0.17009939	-0.07909612	0.14255838	0.15402279	0.00040805	0.10932155	0.27225418	0.03278747	-0.19656694	-0.07492424	0.05027056	-0.30225284	0.01449077	-0.28669862	-0.17456815	-0.05026723	-0.13832830	-0.08959651	-0.00772907	0.05126250	0.04111699	0.16147427	-0.07851409	0.06633758	0.10777278	0.05483270	0.05357853	-0.10465103	-0.08872323	0.21543020	0.06461780	0.24827732	0.17811023	-0.02273997	0.08444408	0.03018862	0.14701777	0.00406798	-0.04214053	0.04549881	-0.00785594	-0.03487689	0.05201376	-0.03891254	0.13219990	0.16375623	0.14227404	0.17665637	0.17414948	0.26037080	0.19527424	0.24674977	-0.09381375	0.14170464	0.24816191	0.26387618	0.07990626	0.25938532	0.21246049	0.27348269	0.30963576	0.19416618	0.13719550	0.05241709	0.05967930	0.28354056	0.41446033	0.25365347	-0.03175027	0.24447801	0.25628100	0.14615386	0.16214100	0.27264068	0.24267794	0.27473493	0.12010268	0.24944026	0.10433142	0.16407238	0.06400403
17Networks_LH_DorsAttnA_SPL_7	0.37806527	0.39645872	0.26767670	0.45114921	0.21252320	-0.01342997	0.26227983	0.26843735	0.16704780	0.13490742	0.25926075	0.25415862	0.30737480	0.54039396	0.42096758	0.13381021	0.19170096	0.23700279	0.16343638	0.22892631	0.14868630	0.10512806	0.17418778	0.12644885	0.31892666	0.19168507	0.18400669	0.47813881	0.34969738	0.32397312	0.30878982	0.34917680	0.54467460	0.48754971	0.47731322	0.57241563	0.43015261	0.29565692	0.47766384	0.48607921	0.33800467	0.30225350	0.47924463	0.12059067	-0.02103866	0.07696067	-0.04672471	-0.04165049	-0.16376493	0.05164156	0.28802249	0.23465941	0.21759741	0.05342647	0.06758025	-0.12672215	0.09458713	0.28619106	0.12103491	0.28938711	0.26679466	0.26229937	0.21297595	0.13920878	0.24996136	0.16157793	0.55040408	0.52797169	0.45463463	0.46697255	0.62334429	0.99200444	0.05785607	0.19146329	0.14152529	0.51010183	0.57946398	0.57881411	0.37368089	0.42242256	0.31185009	0.28471069	0.43041336	0.38084063	0.27638860	0.16227160	-0.00629556	0.03676741	-0.01940426	-0.10555313	-0.06631898	0.00477280	0.18542349	0.07875166	0.30828650	0.34592733	0.23553502	0.40026816	0.14546611	0.48015150	0.10837885	0.34597594	0.20410694	-0.06812624	-0.10297902	0.12725772	0.11518977	0.08820135	0.11218355	0.18711355	-0.04478363	0.03566996	-0.17244583	-0.01177750	0.07287127	-0.16828983	-0.06710277	-0.01348054	-0.00942284	0.08806190	0.36843162	0.30023667	0.14537844	0.43696809	0.36592086	0.29548233	0.27097474	0.04203584	0.11559744	0.18118320	0.00074068	0.05230505	0.10151273	0.12505582	0.29801486	0.25713584	0.22772180	0.40667411	0.04613663	0.10771108	0.05103491	0.13379772	-0.01851868	-0.10184188	0.12914488	0.29140919	-0.02593955	0.00925380	-0.03641445	0.18006757	-0.03875330	-0.04418230	-0.04910223	0.04998281	-0.00566110	-0.01194124	-0.06452882	0.14213354	0.02574881	-0.01342721	0.06798242	0.05005815	0.10834193	-0.09198128	0.12061714	-0.13988463	0.01012991	-0.03229296	-0.14406844	0.00309450	0.00231645	-0.03221954	0.06444866	-0.03845298	0.06441242	0.04158868	0.05670977	0.13005195	0.03218694	0.26257819	-0.01526226	0.09829490	0.08170904	0.01410601	-0.06790315	0.03160741	-0.00251080	0.19467500	0.23409066	0.09490575	0.00315130	0.17236825	-0.06286329	-0.07217421	0.12664876	0.02294256	-0.17109509	-0.16290837	0.01397403	-0.17630372	0.30867595	0.23875303	0.24481226	0.23724295	0.10077708	0.17644726	0.19089759	0.12893518	0.08456033	0.25244105	0.15135740	0.21211135	0.20384980	-0.02008318	0.38292406	0.33193938	0.11184818	0.22954855	0.14673513	0.17167086	0.17052960	0.11188082	0.14623479	0.25174890	0.13813509	0.30982534	0.52059984	0.31167754	0.42494254	0.48422031	0.43550951	0.49784574	0.38405582	0.37286446	0.69232096	0.22461881	0.22970406	0.13101575	0.17133208	0.39360955	0.36846262	0.50590208	0.24009529	0.31970991	0.20292460	0.10166629	-0.09936667	0.08638775	0.23030114	0.04576607	0.28863858	0.12050193	0.25829490	0.27501675	0.28607072	0.13911245	0.30953908	0.37871583	0.32747788	0.34105164	0.29197271	0.43314497	0.09277282	0.12142066	0.32730395	0.15223067	0.33635402	0.44235293	0.56300700	0.51056996	0.63544126	0.61678098	0.29889753	0.04670934	0.22724490	0.52930555	0.40128632	0.44523332	0.38844423	0.40378920	0.15655723	0.46046723	0.49423383	0.49748525	0.15710128	0.21709174	0.16407854	0.13150274	0.04427973	-0.00760227	0.03372143	-0.19781599	0.02987357	0.14563360	-0.04523939	0.28501572	0.14359426	0.29962929	0.25188064	0.32644701	0.34408105	0.42039599	0.15022704	-0.04948927	0.03194395	0.21605271	-0.02608224	0.38817253	-0.08016744	-0.02330042	-0.11045800	0.15570380	0.11284808	0.12779060	-0.02086957	0.15340238	0.13361903	-0.09328546	0.04991988	-0.01921020	0.28100093	0.06435174	0.01250076	0.15022163	0.29835079	0.18549879	0.16098897	0.47627724	0.11170609	0.11397307	-0.03110915	0.19162334	-0.09067224	-0.04166526	0.08651785	0.16011644	0.19210444	0.07342261	0.01982521	0.08081647	0.00364385	0.28149464	0.07759603	0.05537103	0.16997633	0.07527092	0.26370436	0.21669437	0.09681519	0.01882783	-0.08701441	-0.04538605	0.10602364	0.02519707	0.30450817	-0.01757259	0.07905381	0.05876038	0.04275464	0.06303857	0.11697601	0.14267841	0.09402333	0.02090100	-0.08426618	0.08953576	-0.02886915	0.10111317	0.02301637	-0.08466815	0.07487364	0.16556509	0.05315984	0.04881063	-0.10031767	0.19063708	0.23944342	-0.02942864	0.10422899	0.16708488	0.14381016	0.09113626	-0.02274447	-0.09448118	0.00121337	0.01925637	0.18526239	0.06244957	0.15916797	0.18951098	0.02606024	-0.09193859	0.00169410	0.09875610	-0.15909471	-0.07214300	-0.20434340	-0.14478538	0.03456542	-0.08550019	-0.08350198	0.00062829	0.03954195	0.03917316	0.13456200	-0.10059852	0.08781640	0.13256894	0.00848466	0.02868373	-0.04948262	-0.01629552	0.11618235	0.06344379	0.14218391	0.11821623	-0.00253606	-0.00372854	-0.05328446	0.09389025	0.05395402	-0.05142538	0.01510118	0.10191387	-0.04725273	-0.05582664	-0.00465026	0.13312569	0.06987285	0.15534433	0.16931207	0.15756778	0.42203853	0.37651631	0.36309638	0.09347701	0.21444940	0.44662715	0.44589324	0.28091969	0.38625662	0.37304728	0.43033129	0.41801351	0.35780035	0.28295388	0.14810396	0.22449471	0.40915414	0.46068314	0.45569230	0.20242662	0.35315990	0.47106493	0.31481142	0.34552466	0.36282900	0.27182909	0.42729702	0.22284729	0.35774989	0.18667310	0.22086556	0.09462443
17Networks_LH_DorsAttnB_PostC_1	-0.03836311	0.01741023	0.09684285	0.01876792	-0.02122166	-0.12843364	-0.01458709	-0.04185209	-0.17702967	-0.08977536	-0.08277247	-0.10942567	-0.09042229	0.04066080	-0.05917975	0.06251059	0.14776449	-0.15983807	0.19230707	0.15791924	0.07869228	0.01404242	0.03985612	0.15564093	0.05141181	0.01774777	0.00059836	0.12814518	-0.00913515	0.10777423	-0.08669679	0.03892955	0.06869922	0.04362663	-0.04287220	0.11974350	-0.06673785	-0.11342430	-0.08033871	0.10070289	-0.12079429	-0.04223463	0.01143778	0.16224278	0.11615459	0.05331682	0.22766859	-0.05046852	0.11505057	0.10628359	0.29643487	0.07087463	0.22964350	0.51193607	0.21128078	0.14528497	0.02846458	0.00273368	-0.12890580	-0.12314801	-0.10437003	-0.00555103	0.04369987	0.03335300	-0.12299702	-0.04966836	0.09926621	0.05979968	0.07124941	0.01525018	0.18214397	0.05785607	0.85328128	0.23989519	0.42920103	0.16175681	0.04831475	-0.07562350	0.17019978	0.12005461	-0.02968522	0.04962764	0.02560786	0.14774239	0.11553170	0.19491861	-0.13999181	0.45835077	0.44822636	0.09192803	0.22752052	0.24637897	0.25165248	0.13376252	0.25112505	0.34746460	0.12290177	0.18674180	0.04809884	-0.07659185	0.35682540	0.12277446	0.32769698	0.12354269	-0.15394013	0.12239939	0.23007255	-0.04204153	0.05758631	-0.05368676	0.03610632	-0.15034030	-0.21239916	0.00156444	0.04360433	0.02186724	0.03416060	-0.05598388	0.05695656	-0.02107203	0.20965777	-0.04401619	0.35220540	0.15869294	0.22553477	0.32284231	0.10490890	0.21274221	0.28523346	0.37310214	-0.13929524	-0.05192256	0.24946871	-0.01382946	0.22311765	-0.01228703	0.20817206	0.24664048	-0.19997231	-0.02127764	-0.13956241	-0.02958481	-0.18921356	-0.00613468	0.07032047	-0.06357297	0.07974555	-0.01680085	-0.36709651	-0.04497485	-0.04109672	-0.17693959	-0.30811043	-0.28662344	-0.33571935	-0.18519392	-0.02434073	-0.05379902	-0.30514087	-0.18958431	-0.26242366	-0.20933260	-0.21925193	-0.24723287	-0.07836203	-0.06269370	-0.17185220	-0.17413382	-0.07767663	-0.34601078	0.04862458	-0.31778493	-0.29422861	-0.30326362	-0.22687700	-0.25243816	-0.13808208	-0.17363124	0.01280655	-0.03615113	-0.18353882	-0.17608984	-0.26222185	0.02959192	-0.32590702	-0.25091847	-0.18788379	0.23332551	0.07553857	-0.10602253	-0.08497384	-0.05842248	-0.05262131	0.09563056	-0.04841726	0.13003311	-0.05043643	0.13795257	0.04703720	-0.14207462	-0.13475606	0.04870889	-0.00238687	-0.03800573	-0.14482431	0.10073578	-0.16614660	-0.04805848	-0.11826510	-0.04366120	0.04522024	-0.07387456	-0.02573888	0.09203548	0.07833605	-0.03507256	0.04222344	0.02165405	0.00290132	0.09933729	0.10506882	0.19553702	0.04394034	-0.00198137	-0.05663240	0.08137392	-0.07659522	0.11016528	-0.07974890	-0.05923108	-0.11976277	-0.10172107	-0.13640226	-0.05575033	0.05165548	-0.04486011	-0.10569617	-0.21205909	-0.16421429	-0.05490092	0.01834868	-0.04082877	-0.07053446	0.24167711	0.24538556	0.06162051	0.18867526	-0.05820332	0.25137912	0.04324622	0.15542917	0.20992028	-0.00557417	0.16410655	0.14778857	0.33286659	0.14202443	0.13699376	0.00308470	-0.06958446	-0.05385286	-0.04660005	-0.22431136	-0.08759775	0.02298304	0.06002387	0.05011307	-0.04698936	0.00956562	0.16102922	-0.06565331	0.01952184	0.21698613	0.11350112	0.40909672	0.24163907	0.20414480	-0.06133636	0.12580761	-0.07442286	-0.14730188	0.09589921	0.14161979	0.18620152	0.29256119	0.37505943	0.44067045	0.21056668	-0.07836985	0.32243277	0.15030023	0.31562503	0.21360943	0.18930731	0.13879099	0.11751876	-0.02784329	0.22088826	0.34610055	0.25182618	0.07746330	0.05093653	-0.15146393	0.21656012	0.35935143	0.25557471	-0.02583678	0.12274256	-0.08907308	0.10686472	-0.13967279	0.09587037	0.10247820	0.09875390	-0.08940664	0.10939836	-0.09444394	-0.22482169	0.03843192	-0.05152035	0.11857052	-0.08364945	0.07287496	-0.08727224	0.15498314	0.36591034	0.22690438	0.13200816	-0.17024960	0.03310653	-0.08928796	-0.02333579	0.25007377	-0.24632905	0.20561585	-0.04274825	0.18585816	-0.12188868	0.10394832	0.36922376	0.26668590	0.17909005	-0.05556733	-0.12849260	-0.14566288	-0.08646815	-0.06847977	0.17266845	-0.12164231	0.03953732	0.03715317	0.13683269	-0.29696471	-0.11529609	0.04257352	-0.11001602	0.10811076	-0.27149405	-0.22378510	-0.00314620	-0.27345893	-0.33660550	-0.30926250	-0.30888787	-0.05353552	-0.04554641	-0.30312744	-0.16668901	-0.19193181	-0.13756724	-0.30108441	-0.13732455	-0.13969707	-0.03847471	-0.18185079	-0.18185984	-0.17964868	-0.16301066	-0.17184699	-0.20810101	0.00995824	-0.25192411	-0.19797805	-0.09045859	-0.01269591	0.13518424	-0.02963373	-0.05125491	0.11149760	0.04757763	-0.06111292	-0.16809052	0.06326127	-0.03821293	-0.22588371	0.23812772	-0.13375710	0.14240353	-0.22987737	-0.06413321	-0.16362949	-0.00969483	0.01960607	-0.00676730	0.04560741	-0.07071625	-0.12374854	0.15972169	-0.03747295	-0.01182555	-0.24155341	-0.08434957	0.01634793	-0.00629716	0.00261873	0.02212169	-0.04003105	0.02183780	-0.02266126	0.03745130	0.04575322	-0.04308918	-0.11074057	-0.05861469	-0.12681415	0.05721160	-0.16000448	-0.15199749	-0.01983935	0.03063494	-0.07012912	-0.00558783	-0.12831875	0.00829603	-0.08547989	-0.07015217	0.10704455	-0.09943489	-0.08265517	-0.10483502	-0.14665379	0.00942103	-0.06724691	-0.05447035	-0.17621945	-0.21239202	-0.22426206	-0.15706948	-0.02505137	-0.04841581	-0.00004424	-0.04291025	-0.11395262	-0.08523691	0.05680986	-0.03814901	-0.07747072	-0.03482038	-0.14619726	-0.09460673	-0.11556566	-0.17848782	-0.11329711	-0.10382442
17Networks_LH_DorsAttnB_PostC_2	0.17563625	0.19046335	0.25618999	0.17433090	0.00555620	-0.03445614	0.15533572	0.21583928	0.01176973	0.07445231	0.02312210	0.08388873	0.10979959	0.15192656	0.14032183	-0.01868582	-0.09211754	0.03175110	-0.10332724	0.13899141	-0.07995487	-0.03235910	-0.03068139	0.00746892	0.15149940	-0.01462520	0.14282897	0.17223991	0.15475975	0.04677529	0.09826573	0.21722386	0.16329897	0.22353959	0.08075666	0.25876200	0.15258216	0.11473494	0.13853631	0.19020515	0.22539829	0.07876119	0.24324156	0.20771303	0.13109562	0.15923084	0.11303670	0.07374826	-0.18578764	0.12971992	0.29800241	0.13539713	0.26490487	0.13421123	0.28510440	0.23483587	0.30988290	0.14033371	0.29828741	0.14804080	0.14937068	0.11341038	0.17042656	0.08249347	0.07277520	0.11746058	0.20991855	0.20170163	0.25741916	0.20621078	0.17381972	0.19146329	0.23989519	0.99311295	0.37149042	0.40439858	0.21274061	0.05663596	0.11288787	0.12920849	0.05977168	0.03102196	0.22464065	0.16749977	0.29641453	0.02753480	-0.03103935	-0.01946334	0.15130276	-0.08218142	0.23627124	0.13869819	0.07800025	0.15268475	0.26295429	0.10949304	-0.03713429	0.23701446	0.15577819	0.20906289	0.07369687	0.04954421	0.10390677	0.14215718	0.03260613	0.21006478	0.00437020	0.06696978	0.06812511	0.06275352	0.01899398	-0.06623247	-0.04045392	0.02749278	0.06670560	-0.03745938	-0.11449350	0.01654863	-0.00239613	-0.06970876	0.21943708	0.23428481	0.13224467	0.18076106	0.38932581	0.20271709	0.12133149	-0.02252781	-0.00714752	0.32819292	-0.03835045	0.02393404	0.08619567	-0.00061266	0.03210925	0.06944718	0.09186263	0.30220512	-0.10604391	0.03811319	-0.00582656	0.05833133	-0.05355280	0.01782880	0.14924654	0.05906419	0.03169467	0.02480315	-0.04511163	0.00190686	-0.05616161	-0.07971308	-0.12963858	-0.06733893	-0.00964522	-0.00341249	-0.00756295	0.00075033	0.02146876	-0.01378128	-0.07363459	-0.15933914	0.01184423	-0.07333136	0.05546272	-0.04649971	-0.04069362	-0.05761819	-0.10024452	-0.07580054	-0.03634348	-0.04073692	0.07150490	-0.15957007	0.04303638	-0.06768108	-0.07493966	-0.06869652	-0.10946521	0.04914164	-0.20609588	-0.03125139	0.01145191	-0.05204703	-0.14382869	-0.09793706	-0.06409216	0.16094972	0.02621536	-0.03732466	-0.04663994	-0.07602995	-0.03328607	-0.06984592	0.01067096	0.10990825	-0.07850905	-0.15411726	0.01205650	-0.09835953	0.08864647	0.17408969	0.16841026	0.21189699	0.18319852	0.22295033	0.20242263	0.08432332	0.05239206	0.27764265	-0.00574245	0.08164127	0.15460234	0.12734613	0.09804584	0.04332571	-0.02613380	-0.04140352	0.01149085	0.01182414	-0.08697083	0.14678827	-0.12001175	0.20432072	0.01910694	-0.00676335	0.10942339	0.15892575	0.17305559	0.05912858	0.02601119	0.09686079	0.10728789	0.11139174	0.18431874	0.02414952	0.05549504	-0.04707773	0.05031415	0.17446804	0.19385346	0.13960065	-0.00456735	0.13540281	0.09843311	0.13994576	0.15140150	0.03191599	0.21640604	0.03898236	0.26812389	0.16421223	0.05109158	0.17889483	0.34734079	0.28727378	0.44513401	0.31603258	0.14371975	0.13630306	0.10087122	0.25732861	0.03556133	0.03937520	0.09857926	0.21304803	0.22510194	0.23172534	0.25030991	0.25336953	0.06952876	0.15943445	0.22288362	0.36799989	0.38983818	0.29535380	0.34630976	0.05115543	0.14052049	-0.01968260	-0.00293033	0.04373776	0.30355587	0.18685220	0.11819149	0.20249578	0.22347334	0.16228206	-0.10415513	0.07929539	-0.01352167	0.03569932	0.08559086	0.04325084	0.02807235	0.05269196	0.05815474	0.21239398	0.29592793	0.18198151	0.02973373	0.14312965	-0.06774990	0.05042572	0.12456641	0.11662872	-0.15384394	0.11137852	-0.05250788	0.07511629	-0.04032212	0.13363835	-0.04309746	0.03337057	-0.07087063	0.17441719	0.02045203	-0.08399128	0.00710730	0.09821577	0.17820377	0.02411910	0.02139992	-0.08367043	0.31626460	0.25882003	0.18980622	0.32854303	0.13911324	0.02035129	-0.03239177	-0.06184243	0.21023332	-0.04332505	0.15475200	0.15624167	0.13317818	-0.04761464	-0.00915386	0.10157188	0.17275080	0.19698758	-0.02995262	-0.06831074	0.01407576	-0.08542881	0.06061784	0.02952010	-0.09287946	0.09393364	0.03218926	0.12517069	0.02681343	0.05177623	0.20096773	0.01572953	0.19144751	0.15126125	-0.03536408	0.08309941	0.01347220	0.03920629	0.03975010	0.04155118	0.01929099	-0.02483292	-0.05670646	-0.03274887	-0.03481782	-0.08842327	0.00930407	-0.01550625	0.02321804	-0.04511240	-0.10329543	-0.05697337	0.04810647	-0.10512195	0.08610060	-0.09224329	-0.02674799	-0.07356612	-0.08781504	-0.07292467	0.05468052	0.05205929	0.03646169	-0.03528496	-0.04830599	0.04900836	-0.11070400	-0.12006847	-0.00025498	0.05145085	-0.12584435	0.17254537	-0.11305560	0.04878848	-0.06194468	-0.07292537	0.02219826	-0.02631995	0.00075223	0.02601020	0.07584820	0.04277088	0.08217994	0.12503913	0.10751382	-0.01327380	-0.04830754	0.08101164	0.07528504	0.02468639	0.10470291	0.08124240	0.09259177	-0.14395504	-0.06288425	0.00674242	0.04071947	-0.00347283	0.16339742	0.04851863	0.12799809	0.11605657	0.04626569	-0.06731500	0.03155746	0.03033206	0.10152061	-0.00895249	0.23442329	0.17126977	0.17330401	0.20755179	0.29171998	0.17949203	0.16066491	0.23535394	0.04829662	0.30516103	0.19986648	0.18634397	0.06185515	0.09274023	0.04379625	0.17751063	0.11088488	0.12523006	0.28190746	0.26206615	0.14413520	0.16845672	0.27303877	0.28411199	0.16332697	-0.09760408	0.08298613	0.05349072	0.11102410	-0.08134221	0.09760775	0.06019172
17Networks_LH_DorsAttnB_PostC_3	0.02443242	0.03870864	0.04724448	0.00273989	-0.03326069	-0.06402420	-0.02206678	0.14248625	-0.00494867	-0.01090528	-0.08744540	-0.04813836	0.01328587	0.04300735	-0.08521540	0.01392255	0.10821459	-0.16019195	-0.03383720	0.09450193	-0.10730327	-0.12221480	-0.05476765	-0.05456432	0.17630301	-0.07506145	0.08146884	0.11530946	0.18185573	0.13686809	0.09930619	0.15304826	0.20274042	0.18626038	0.08400519	0.20683902	0.18099796	0.00709869	0.03114606	0.14438877	0.14503899	-0.01001415	0.20359510	0.03780502	-0.02090285	0.01373776	0.13628345	-0.10557870	-0.00192894	0.03523580	0.33602432	0.05751871	0.13145114	0.28559728	0.17763132	0.11356640	0.08398637	0.17700137	-0.02848566	-0.03761134	0.00649421	0.03131195	0.10471409	0.19259166	0.03985413	0.12999067	0.19492888	0.20317022	0.26552931	0.26167492	0.22936329	0.14152529	0.42920103	0.37149042	0.91577360	0.39565109	0.21607581	0.01674372	0.11264752	0.08547525	-0.00341501	0.06111014	0.23044464	0.15359187	0.35826913	0.03054820	-0.06501766	0.30657314	0.28164343	-0.06373101	0.23807278	0.14817110	0.06626779	0.09525630	0.28474498	0.27334683	0.01180985	0.22533316	0.05092318	0.05063259	0.22563291	0.17608851	0.33501302	0.00207892	-0.11319828	0.15014151	0.03402724	-0.04902348	0.03449163	0.03381045	0.04783801	-0.05169635	-0.25805201	0.11210592	0.16294433	0.13911122	0.05538567	0.06095860	0.10900644	-0.02361390	0.30730340	0.19867841	0.34929715	0.24711027	0.38376024	0.37088329	0.12734636	0.07983114	0.15096455	0.45875305	-0.13001017	-0.09340058	0.21265350	-0.11997151	0.17207679	0.02845707	0.19365568	0.39480655	-0.11570635	-0.09640236	-0.18348212	-0.02677311	-0.17702820	-0.02998348	0.02388072	0.02268606	0.11447178	-0.03630062	-0.26516657	-0.02812783	-0.03805991	-0.11553254	-0.28168708	-0.12788392	-0.21753949	-0.10722255	-0.00922282	-0.06640736	-0.19643647	-0.11506133	-0.20832570	-0.20593119	-0.11460578	-0.21225277	-0.05833801	-0.09617747	-0.03184161	-0.04765370	-0.08029333	-0.18298532	-0.00992397	-0.20772616	-0.04889859	-0.20147138	-0.14127863	-0.16453143	-0.10401390	-0.14266480	-0.04303928	-0.04482089	-0.17606130	-0.14667303	-0.17502711	-0.03747193	-0.26329877	-0.20702037	-0.19074988	0.29141652	0.03212877	-0.07726142	-0.06329147	-0.06962462	-0.09000914	-0.00510175	-0.12250465	0.07827901	-0.16318979	-0.02114618	0.16484084	-0.09336893	0.01871227	0.05448490	-0.05401787	-0.06218448	-0.12755909	0.04218466	-0.08291677	0.00438040	-0.03108508	0.06244016	-0.00410530	-0.07985747	-0.06667363	0.03201437	0.03550895	-0.02689944	-0.06776689	-0.12503396	-0.04542770	-0.02023371	-0.08860711	0.03120136	-0.09195119	0.08545627	-0.08023386	0.05578082	0.13717334	0.18338593	0.10066777	0.13101607	-0.02235294	-0.04224544	0.01974491	0.06572243	0.14083780	-0.03020599	-0.00414697	-0.13720802	-0.09315355	0.10263984	0.03355624	-0.06051061	-0.03215043	0.05675748	0.05935837	-0.02735977	0.06062235	-0.02385147	0.17346829	-0.03141705	0.17259401	0.26872774	-0.03302399	0.17486002	0.23411463	0.42300616	0.32446542	0.30509964	0.03533122	0.00295950	-0.04016363	0.10966783	-0.09072119	-0.05198634	0.04644244	0.20603044	0.15349018	0.12834027	0.19483274	0.31832698	0.04506877	0.14256217	0.28504134	0.11062491	0.45080689	0.36160038	0.36108951	0.01003143	0.17275487	-0.04428435	-0.07256528	0.12390095	0.28495734	0.23156314	0.25559462	0.23741432	0.37993274	0.17107554	-0.18178015	0.12036339	-0.08597595	0.14132503	0.11535091	0.00953141	0.14994664	0.03264409	-0.01913161	0.22769193	0.31664343	0.27692640	0.07314103	0.08070624	-0.03422650	0.21779539	0.28240837	0.20019078	-0.05987408	0.16477171	-0.09103218	0.09988763	-0.10767063	0.07118402	0.15789069	0.07081444	0.01598068	0.10494084	0.01993738	-0.03724443	0.09185981	0.07386009	0.21287113	-0.02922685	0.07670736	-0.01800730	0.33084724	0.42322552	0.27544265	0.33241938	-0.00741723	0.01785616	-0.08400407	-0.07059288	0.21262669	-0.13879539	0.13856996	-0.01208156	0.12907219	-0.04837044	0.02018320	0.30843871	0.19716273	0.22133538	-0.10009181	-0.15221437	-0.07233243	-0.08131214	0.00134583	0.06148793	-0.13815739	0.02174004	0.00506618	0.05429863	-0.19519022	-0.03010483	0.21560971	-0.05514390	0.14484638	-0.11690931	-0.14919033	0.04964068	-0.10437734	-0.15694525	-0.14761927	-0.18362786	0.01807198	-0.03127028	-0.21080090	-0.04803021	-0.09084012	-0.10326790	-0.13531902	-0.07054923	-0.10054560	-0.07707383	-0.12089166	-0.09585504	-0.00990081	-0.04640313	-0.02209814	-0.10521274	0.07923910	-0.17436195	-0.14403434	-0.07105879	0.06118797	0.15114170	0.04249292	-0.01239082	0.02213966	0.11518916	-0.08444213	-0.14642535	0.08781008	-0.02982771	-0.11771911	0.28907581	-0.14304274	0.11223254	-0.13319274	0.00964024	-0.01428121	0.08722462	0.03825891	0.01815270	0.04727516	0.06556939	-0.05330663	0.23412819	0.02111116	0.00983381	-0.24208709	0.00807666	0.08200095	-0.02568529	-0.04280044	0.04600590	0.02046342	-0.01763674	0.01722464	0.03606457	0.01742151	0.09000223	0.03946031	-0.05295503	0.02128934	0.13409481	-0.10992970	-0.16862550	0.01318754	0.00563606	-0.04644006	-0.07566889	0.04812738	0.10689806	0.03836826	0.07299955	0.27430549	-0.00620228	-0.03439366	0.08001442	-0.01613658	0.15668299	0.04552959	0.04166873	-0.06721517	-0.08609077	-0.07415819	-0.03396958	0.02859350	-0.02544676	0.07845028	-0.05769063	0.06468487	0.01384616	0.02525825	0.04337065	-0.00469853	-0.07139693	-0.10908708	-0.06890038	-0.03681414	-0.10446461	-0.05476071	-0.07866018
17Networks_LH_DorsAttnB_PostC_4	0.16525388	0.14126459	0.17586332	0.21630783	0.04253799	0.06306122	0.08322374	0.30507543	0.12712553	0.05582197	0.09489349	0.17610391	0.21934629	0.29686357	0.11804765	-0.10538015	0.05502328	-0.07496276	-0.13822133	0.10033319	-0.16095068	-0.13986396	-0.04735014	-0.09464635	0.33390971	0.07842675	0.15918405	0.44400644	0.36781970	0.18436384	0.37887506	0.50186635	0.51764494	0.58061783	0.41173824	0.45552201	0.46984267	0.05881143	0.23896632	0.45488827	0.30165135	0.03516360	0.33750556	0.07803340	-0.02139538	0.05980920	0.10684510	0.05397268	-0.24421367	0.11213839	0.48821098	0.25443686	0.21761540	-0.01733479	0.20179385	-0.03029304	0.28282640	0.37036057	0.22398254	0.14216903	0.15874184	0.07392502	0.23341708	0.31542061	0.08419478	0.19470375	0.39958522	0.35772899	0.42378892	0.58423478	0.42830599	0.51010183	0.16175681	0.40439858	0.39565109	1.05773051	0.69260877	0.41069451	0.04290879	0.10969679	0.02959279	0.23040326	0.47884788	0.26424619	0.50903643	0.01615966	-0.17211037	-0.02740829	0.05353495	-0.14805379	0.13288279	0.03569243	0.08910228	0.08819992	0.45034321	0.21853088	-0.15017379	0.39032303	0.09717827	0.28053537	0.13903585	0.24654292	0.20328235	-0.04362890	-0.11695244	0.17536465	0.02149314	0.00822140	0.12010468	0.07725507	-0.06557878	0.02206351	-0.16011650	0.15160812	0.15167023	0.00305794	0.00265395	0.06419627	0.10918881	0.09499888	0.33510146	0.25481375	0.12735580	0.38850213	0.62183460	0.32318763	0.24245043	-0.00650704	0.12799687	0.39719975	-0.08716354	0.02037588	0.15534609	0.02218399	0.08117040	0.17669379	0.17181094	0.51725679	-0.08884786	0.05969523	0.01946892	0.04553759	-0.05631605	-0.09375068	0.01200654	0.11489862	0.04201029	0.00015480	-0.10304901	0.04745325	-0.16976267	-0.04801645	-0.15577675	-0.07753416	-0.05501720	-0.07866512	-0.06920498	0.05723166	-0.09021795	-0.11063170	-0.09087984	-0.15994854	-0.01353119	-0.17985784	0.06822757	-0.18210372	-0.00937810	-0.06686018	-0.09706630	-0.05330145	-0.09011286	-0.05005749	0.12242599	-0.08282190	-0.02938169	-0.05104021	-0.06747002	0.00495334	-0.07613146	0.10345550	-0.10546563	-0.00875090	0.01549152	-0.12482041	-0.16131511	-0.13677761	-0.16029665	0.09204305	0.02657442	-0.09162605	-0.11666079	-0.00164746	-0.17181787	-0.01177089	-0.02914891	-0.00498889	-0.26897357	-0.23917022	0.00300308	-0.19633650	0.20391613	0.09633027	0.04905502	0.07194151	-0.01503797	0.17631951	0.06658735	0.15786038	0.08766897	0.33241829	-0.02394500	0.05625615	0.06955161	0.00292343	0.07857085	0.04530670	-0.05515243	-0.15557758	-0.01498654	-0.02770450	-0.20088114	0.02948679	-0.14296358	0.24748741	0.09172883	0.21313175	0.57323203	0.35158251	0.48852835	0.49817041	0.27263038	0.36564431	0.42403157	0.51487959	0.53498696	-0.07610217	0.02306285	-0.15166114	-0.16139446	0.22473901	0.15182932	0.32578250	0.13553359	0.18417490	0.11119911	0.05001479	0.04347736	0.04724558	0.16005236	0.11681421	0.24785087	0.19465291	0.11596141	0.19126750	0.39107733	0.31013275	0.56341586	0.47612457	0.22665926	0.12279972	0.07559693	0.39581891	0.01121178	0.01833560	0.14316237	0.17632913	0.19582464	0.34677181	0.43679933	0.48469772	0.35353183	0.40971169	0.24594048	0.19417718	0.37842997	0.51204743	0.54805713	0.42011759	0.19092550	0.00069011	-0.11463511	0.25282361	0.52431908	0.45908560	0.11499151	0.12108354	0.23745698	0.13254925	-0.09094435	0.04555441	-0.07214125	0.02025839	0.04034340	-0.00866808	0.12331732	0.08242148	0.04132669	0.26405248	0.27622192	0.21232359	0.21462959	0.30977553	0.09629159	0.08744111	0.14632055	0.16472416	-0.07202490	0.16470661	-0.08087721	0.05306917	-0.18563021	0.02334484	0.10299358	0.06083059	0.00146805	0.13385850	0.10426906	-0.08132910	0.14856268	0.04831280	0.31946369	0.11751008	0.09362650	-0.00873830	0.29461509	0.23799251	0.15657998	0.61013446	0.07648968	0.17626860	0.04231988	0.12657958	0.08374508	-0.00488761	0.12051389	0.19341960	0.15732615	0.00981224	0.06669877	0.21045185	-0.02153286	0.18937533	0.06673783	0.05000286	0.12875157	-0.03375927	0.15202240	0.14703823	-0.05556663	0.10132921	-0.07260252	-0.02537956	-0.02540006	-0.04966528	0.19612252	-0.07119062	0.07920988	0.07050067	0.00214064	0.08234042	0.04800455	0.04543375	-0.01387584	-0.03766238	-0.04108684	0.05355234	-0.10311956	-0.00047250	0.00733781	-0.15508438	-0.02420406	0.12284997	-0.05797400	-0.08397669	-0.09787851	0.17216201	0.14414917	0.00382903	0.15304583	0.12339469	0.18821739	-0.05063313	-0.03292755	-0.02071321	0.04032556	0.04494390	0.05651026	-0.02044523	-0.01511872	0.11311414	-0.05373559	-0.05203851	0.01196000	0.03414470	-0.12671526	0.05269438	-0.25077186	-0.03227086	0.00035191	-0.04737712	0.03657282	-0.08144943	0.06487933	0.14051481	0.13325355	0.11755872	0.06345692	0.31486174	0.03957209	0.02906685	-0.07284440	0.02797064	0.23793258	0.08567011	0.16674705	0.12617283	0.13943707	-0.11054158	0.06789139	0.13194984	0.05174481	0.10910604	0.15006294	0.10793389	0.09398667	0.13650076	-0.01340793	0.11582119	0.13635154	0.08386384	0.12016423	0.04228448	0.28183911	0.25042105	0.29878750	0.11900270	0.22115956	0.20506080	0.21112451	0.17838668	0.17756074	0.26546071	0.20267907	0.23049468	0.13493190	0.15578416	0.12300864	0.10653626	0.20589520	0.33846933	0.41849657	0.04755790	0.33346597	0.29058743	0.23591709	0.17431439	0.20622556	0.10841729	0.14753602	0.08264609	0.16278933	0.07490420	0.10666186	0.00713577
17Networks_LH_DorsAttnB_PostC_5	0.18474089	0.17766179	0.07825527	0.21879191	0.11606473	0.03688064	0.14091977	0.30880744	0.06622395	0.10099396	0.16152854	0.26726360	0.30324059	0.40150119	0.18207955	0.05906013	0.20411996	0.01946697	-0.03452458	0.21925986	-0.08160318	-0.05212002	0.06021560	0.08480540	0.41080031	0.17645751	0.19135621	0.55233535	0.47438981	0.39476877	0.49394090	0.52723222	0.69115898	0.64917682	0.44746176	0.52598709	0.58267419	0.12357476	0.38098600	0.54335683	0.44329343	0.14942971	0.52465038	0.01882233	-0.05744521	-0.05888300	-0.02655143	0.07727916	-0.21571913	0.04462859	0.44420836	0.39027362	0.25339391	-0.04437365	0.19227730	-0.15008259	0.18069446	0.45503116	0.16823077	0.16217385	0.27651696	0.11212589	0.18454693	0.34434646	0.19516099	0.17223232	0.49115722	0.44482246	0.52888151	0.66728094	0.51597141	0.57946398	0.04831475	0.21274061	0.21607581	0.69260877	1.15366235	0.59178257	0.11720538	0.20108822	0.14996916	0.29362292	0.49952533	0.30289007	0.39555857	0.03287850	-0.13857840	-0.05958624	-0.04350826	-0.27117351	0.06184163	0.06282776	0.16705990	0.05407444	0.50321596	0.31940496	0.10620811	0.51481493	0.09390099	0.41636989	0.07986040	0.28835258	0.18888685	-0.18959704	-0.10605699	0.21440008	0.05929760	-0.01725999	0.14768558	0.12980276	0.02844248	0.04908546	-0.17776354	0.10142534	0.21899389	-0.03078856	-0.15249960	-0.05781243	0.10019597	0.03522394	0.27766824	0.33895067	0.09428979	0.36372807	0.53537937	0.29228059	0.17205321	-0.01017444	0.07071727	0.30016797	-0.07283330	-0.07176608	0.16673546	0.03441651	0.02161238	0.08919313	0.11945025	0.45198643	0.01111022	0.00112856	-0.02111634	0.06208279	-0.04014894	-0.15406680	0.03744360	0.12933964	0.02905964	-0.05792148	-0.13921011	0.02052794	-0.11465894	-0.08200263	-0.19393467	-0.01050325	-0.02341129	-0.02015606	-0.01851089	0.16597087	-0.03134592	-0.05108302	0.01579758	0.00234704	0.06351843	-0.10961229	0.04916969	-0.17949025	0.05239340	-0.05188377	-0.18001853	-0.03403533	-0.10567386	-0.03344805	0.22121175	-0.03841193	0.07549069	0.03626356	-0.02725234	0.03905273	-0.11206942	0.17682801	-0.07879264	-0.01458347	0.09054979	-0.09275238	-0.09098504	-0.01067631	-0.02008697	0.07653429	0.17267509	0.02383077	-0.05054733	-0.02787410	-0.19337767	0.09312423	0.05236201	-0.07344947	-0.17463957	-0.11578055	0.06305964	-0.22516343	0.30905134	0.03842347	0.03612858	0.08123825	-0.06489442	0.13225159	0.05324148	0.19940956	0.08834562	0.33458776	-0.03590804	0.11555901	0.14552381	-0.01085380	0.18411700	0.18095373	0.08029377	-0.05103747	0.11969458	0.12295070	-0.10950672	0.13122603	-0.02467689	0.26123904	0.15337677	0.33102993	0.67054374	0.42817887	0.59565616	0.61542473	0.43411739	0.53239324	0.60333090	0.57350041	0.66622772	0.04682634	0.16121127	0.03419171	0.01661362	0.39114081	0.20616741	0.47147132	0.16650157	0.18262118	0.12638923	0.10615701	-0.13980263	0.05854637	0.12933811	0.08282356	0.24607574	0.17072822	0.32010866	0.16323925	0.34376388	0.20881085	0.49844473	0.42766470	0.28346202	0.19487032	0.10698108	0.47777787	0.09053715	0.08991337	0.22712944	0.24326132	0.28013755	0.41615717	0.51684753	0.48488979	0.44973993	0.42328140	0.25876525	0.03333040	0.22394243	0.58533831	0.43878472	0.59214291	0.26027198	0.09315736	-0.10748984	0.32876693	0.55454610	0.50510016	0.13517517	0.09485557	0.13628653	0.09877602	0.00627351	-0.00994916	0.01435116	-0.02450358	0.07918468	0.00407050	-0.02183687	0.17578011	0.12973776	0.35139163	0.20044574	0.30534720	0.43637551	0.40514503	0.10458691	-0.06616033	0.04704046	0.09422523	-0.07996895	0.18286050	-0.07118831	-0.01942133	-0.16776000	0.07964669	0.07165687	0.12594582	0.00409346	0.09028795	0.22688540	-0.08796077	0.11085971	0.03482680	0.22368595	0.16186818	0.04578264	0.08077342	0.30566025	0.20715193	0.07140920	0.60836832	0.04519871	0.07937072	-0.08276320	0.10717543	-0.03495155	-0.04433712	0.18335600	0.15109688	0.13068408	-0.06283063	-0.02490363	0.06944726	-0.03442913	0.17067065	0.02484847	-0.04252228	0.11384218	0.03131768	0.18833549	0.12196207	0.00940652	-0.02438203	-0.09466680	-0.09820369	0.02701012	-0.01284050	0.17197367	0.00253955	0.08669422	0.01919392	-0.03484964	0.00133246	0.11095526	0.09059486	0.06722121	-0.01097687	-0.06664332	0.08523209	-0.06021682	0.08316272	0.07260315	-0.05835061	0.07283414	0.12385351	-0.04758526	-0.01605680	-0.08785729	0.13197856	0.22052382	0.03809365	0.15903211	0.10037145	0.14592680	-0.00063426	-0.00741675	-0.06258845	0.00301402	0.02405668	0.11218941	0.01324837	-0.01196963	0.04759111	0.07245285	0.09361240	0.04099782	0.11589251	-0.03633638	0.04729770	-0.24583856	-0.08942066	0.00080525	-0.10779541	0.03608689	-0.02995162	0.07329343	0.14518666	0.18377196	0.04892183	0.15326735	0.36126291	0.04440065	0.14200624	0.02435247	0.06828817	0.27311791	0.14202158	0.27876920	0.20146553	0.09260818	0.00854789	0.04668727	0.11575178	0.17081206	0.15038001	0.08295074	0.12078895	0.15963122	0.13797470	-0.05249899	0.16122322	0.18257510	0.16589015	0.18546116	0.12304361	0.29438438	0.23185998	0.40266798	0.04376482	0.12648999	0.25720419	0.22674589	0.13443467	0.17660201	0.21231423	0.19759672	0.28683616	0.19085820	0.17773083	0.05757611	0.03832816	0.26136812	0.44692478	0.47451707	0.03889650	0.26963240	0.43015404	0.12060554	0.11852602	0.15164214	0.12748326	0.20712784	0.03870358	0.20371926	0.14425456	0.10187647	0.00746103
17Networks_LH_DorsAttnB_PostC_6	0.13267611	0.25598326	-0.03477895	0.22572798	0.09929689	-0.08488394	0.04493407	0.27326381	0.05646903	0.20427288	0.19367922	0.28961707	0.45291138	0.50352967	0.29469960	0.24647312	0.34739950	0.13795421	0.15609270	0.24870560	0.13883353	0.18965593	0.18044385	0.28741659	0.48740007	0.22615695	0.22439775	0.51836467	0.41030917	0.37200598	0.44879976	0.28581300	0.54769052	0.49055564	0.53849666	0.43726170	0.48923109	0.19307724	0.40817005	0.39914200	0.48590605	0.44576566	0.46963673	0.09317500	0.05316469	0.07947637	-0.00487599	0.14121060	-0.13864014	0.05708249	0.28390864	0.20007633	0.25973120	-0.04048986	0.10829708	-0.05612270	0.09363530	0.26856149	0.10136609	0.24156228	0.39424151	0.14705373	0.12815995	0.16201580	0.26780683	0.08814524	0.46013044	0.42629482	0.48101282	0.45218962	0.42384636	0.57881411	-0.07562350	0.05663596	0.01674372	0.41069451	0.59178257	1.01122408	0.22059942	0.38919584	0.27668586	0.26008939	0.39321725	0.36300486	0.29979330	0.18919845	0.00286805	-0.08765448	0.00113037	-0.06713826	-0.01698735	0.07368774	0.25473483	0.02208963	0.37541454	0.35150055	0.30784065	0.49040612	0.15589256	0.34575027	0.00160551	0.30087853	0.07067758	-0.18626760	-0.06548166	0.15833321	-0.00236880	0.14584044	-0.01314925	0.18751670	-0.08734854	-0.03817555	-0.16398793	-0.02927566	0.03141324	-0.18172273	-0.14418497	-0.13429420	-0.05761061	0.03611915	0.21084630	0.32155922	-0.01210963	0.33510407	0.25859505	0.20713184	0.09106601	-0.06919336	-0.02704378	0.08763194	0.06494729	0.02295560	0.17362626	0.02840915	0.11844577	0.08942959	0.09748964	0.28750657	0.02469207	0.03363020	-0.03660634	0.07773945	0.08417503	-0.03544783	0.11355876	0.22266868	0.03836834	0.05495912	-0.06345247	0.07637298	-0.03442881	-0.00147466	-0.01737728	0.06774891	0.03503972	0.02231595	-0.01393402	0.24707827	0.00904711	0.01979601	0.02754380	0.05545437	0.12129950	0.02668318	0.00375098	-0.06291822	0.02047318	-0.04743297	-0.16128984	0.02802730	-0.07143791	0.04809923	0.11642461	0.03476101	0.06725283	0.08875003	0.08617118	0.11849056	-0.09428963	0.14872576	0.06144628	0.14693814	0.17347378	-0.10194836	-0.00210746	0.08936212	0.08903194	0.10203597	0.20466403	0.10895609	0.08255812	0.14204764	0.00504586	0.07672000	0.09476680	0.04731810	-0.06576484	-0.11783524	0.04009562	-0.13070143	0.32000910	0.05515649	0.19894224	0.04141844	-0.09878103	0.07454085	0.02989632	0.13993385	0.00407752	0.26655827	0.00333054	0.17188398	0.32317188	0.14776125	0.37992967	0.32330910	0.24371939	0.20227208	0.21557280	0.21711812	0.11651639	0.22068041	0.17376433	0.23786047	0.20884198	0.40055184	0.54264351	0.31967565	0.45150009	0.51834218	0.46652948	0.60196893	0.48358215	0.47397563	0.63768112	0.19943276	0.33237781	0.30088143	0.23148704	0.39938371	0.28794987	0.51740686	0.22517419	0.33213994	0.24833524	0.23069519	-0.00771852	0.19225334	0.17059638	0.16362463	0.41088042	0.12919610	0.30459499	0.37058673	0.32868828	0.09910182	0.25405408	0.36154325	0.43902481	0.26046642	0.15494462	0.44886931	0.07244268	0.18317824	0.30096514	0.23219939	0.33010975	0.35035016	0.45251548	0.40924765	0.49899133	0.45029450	0.26898750	-0.04515494	0.09050579	0.44189009	0.30202276	0.51619426	0.36845540	0.34946321	0.07556515	0.46816507	0.43169741	0.37567840	0.12559928	0.16368487	0.08142202	0.10941101	0.17459385	0.00388018	0.09849178	-0.06030570	0.13594877	0.18933830	0.02584770	0.38884337	0.29342309	0.38750869	0.18217700	0.31614941	0.46516312	0.33145157	0.14530736	-0.08309964	0.02707432	0.02318550	-0.00124043	0.21927051	0.00940305	0.03625672	0.00328483	0.24968669	-0.00029743	0.14719843	-0.07804479	0.12081478	0.11142882	-0.13302722	-0.06410456	-0.05821589	0.16746774	0.04067795	-0.04915813	0.13143827	0.29883156	-0.03619287	0.03350743	0.37727256	0.07883570	0.12547914	0.03284302	0.11977689	-0.00635843	0.06900795	0.17088326	0.02912318	0.14229870	-0.01057241	-0.09421707	-0.02285813	-0.05490252	0.10153604	0.01203080	0.02893463	0.10877429	0.03108482	0.17834251	0.11378275	0.06102647	-0.03446688	-0.00032665	0.01259178	0.10376556	-0.00806900	0.20555304	0.00346335	0.13446577	0.05389113	-0.01934544	0.00142100	0.19748870	0.20234785	0.13930371	0.07457422	-0.07503610	0.14729583	0.07172954	0.06010415	0.04864182	0.04593063	0.12752329	0.13284692	0.07736423	0.15193718	-0.11522434	0.20824711	0.21919659	0.04882744	0.07910459	0.20378860	0.10766590	0.22596299	0.10146896	0.03012969	0.03420744	0.00784873	0.18176520	0.13246147	0.12892959	0.24771121	0.10294587	0.05705939	0.03754345	0.12895601	-0.06328470	-0.09303970	-0.09081971	-0.00639239	0.06184426	-0.05859496	-0.09858480	0.04018275	-0.06369456	0.01473218	0.30502103	-0.17150749	0.17437612	0.24523576	-0.02744800	0.03297810	0.11588419	0.02915025	0.09171905	0.12713082	0.21996715	0.12330178	0.04029315	0.01512706	-0.04403037	0.08320465	0.11236520	0.02720434	0.07459448	0.15508081	0.04210393	0.03369707	0.12450989	0.13300562	0.04155411	0.18979898	0.16643936	0.16814300	0.32842521	0.23211001	0.38378395	0.08979640	0.16490410	0.37386205	0.39723264	0.20488190	0.19712829	0.20631630	0.24086154	0.28666125	0.24631695	0.18589556	-0.01182712	0.12671366	0.31004731	0.44712574	0.46537570	0.22114224	0.35006243	0.54331711	0.23174045	0.25665303	0.28028474	0.14776754	0.31969970	0.03234159	0.24461182	0.11563342	0.03682610	-0.03079547
17Networks_LH_DorsAttnB_PostC_7	0.29044134	0.36498131	0.28247024	0.38109181	0.09180831	-0.17237092	0.25903089	0.09786912	-0.06419917	0.03263244	0.23612292	0.13753124	0.17756401	0.38493812	0.40121564	0.18782743	0.23250564	0.32646070	0.31314206	0.23443859	0.34484056	0.18208112	0.28289540	0.27315735	0.17081961	0.05957275	0.07234661	0.25550936	0.06422395	0.21157518	0.07041209	-0.01336387	0.23615504	0.15806040	0.22482569	0.33664039	0.05278573	0.45136417	0.47700997	0.26990901	0.27876100	0.37968869	0.40908612	0.19851394	0.09639557	0.06791539	0.06905188	-0.00390355	0.04537537	0.10543444	0.14695488	0.08290475	0.17259245	0.29336451	0.04909824	-0.08323192	-0.03068453	-0.04549141	-0.03703720	0.16827780	0.17797310	0.18899699	0.03577041	0.01867485	0.16336905	-0.14562226	0.20776037	0.15178672	0.12580800	0.13505396	0.30643638	0.37368089	0.17019978	0.11288787	0.11264752	0.04290879	0.11720538	0.22059942	0.96789090	0.50057782	0.52763307	0.07922103	0.09650601	0.38312683	0.02078269	0.36432197	0.08300564	0.16188617	0.17527556	-0.05341357	-0.06224829	0.04702765	0.33993648	0.04174689	0.13806118	0.32212177	0.41711231	0.27780546	0.12147675	0.38395265	0.06423004	0.20761432	0.16544147	-0.10981851	-0.07224391	0.01628416	0.15739945	0.01841221	0.05019293	0.22054328	-0.05320923	-0.01284184	-0.02667511	-0.11947965	-0.03207142	-0.21800157	-0.02116028	-0.04526893	-0.18938283	0.04996925	0.22248695	0.10096222	0.05626398	0.13423808	-0.00252022	0.14547199	0.25870560	0.09490820	0.01464767	0.00037570	-0.03030003	-0.07381140	0.05634164	0.06745805	0.26851734	0.13602803	0.09291302	0.06549471	0.15928427	-0.02549809	0.03848046	0.08921526	0.04683397	-0.04007897	0.18163014	0.22667348	-0.05586803	-0.04676171	-0.02162590	0.10505785	0.09634425	-0.04075624	-0.05136000	0.10071775	0.05506395	0.07987515	-0.00040355	0.28981698	0.15037620	0.00051140	0.11513461	0.07769134	0.15895461	-0.03889826	0.11867770	-0.09668587	-0.01986602	-0.06916245	-0.10163735	-0.00657929	0.03855779	-0.04898055	0.01058505	0.05397794	0.15594429	0.12302221	0.15192331	0.12712276	0.15863278	0.30162960	0.04599719	0.15471446	0.03133769	0.14555057	-0.00044813	0.11650225	0.11036286	0.19729434	0.25991952	0.08482130	0.04781207	0.21030102	0.14176523	0.05516477	0.14322113	0.12768267	0.04322094	-0.00482377	0.09228913	0.00755295	0.22953234	0.26483079	0.26972827	0.30515136	0.09475408	0.17260396	0.15110727	-0.12567700	-0.14221710	0.00848070	0.11117604	0.20016163	0.16790707	0.12269951	0.41323286	0.31557576	0.19777722	0.38958844	0.17745079	0.27805352	0.39002836	0.21426135	0.28413101	0.16485972	-0.03545163	0.09013401	0.10147805	0.18712499	0.09860862	0.12701414	0.19438981	0.19335842	0.05734414	0.03855425	0.37291995	0.43197786	0.14559460	0.21619782	0.32561655	0.36363274	0.42767229	0.37601029	0.24766675	0.34682441	0.29582705	0.26785490	0.03093266	0.25977070	0.28235658	0.06150690	0.30380476	0.22432725	0.25725196	0.28934121	0.11868659	0.06370120	0.04177607	0.08234522	0.22659660	0.32477343	0.24210142	0.15345859	0.16029741	0.17636735	0.23952718	0.10032876	0.17303501	0.13136301	0.23211298	0.23654242	0.32890026	0.40933082	0.20164314	0.00861489	0.21484622	0.21907146	0.20791240	0.15609467	0.47228136	0.50563774	0.42941454	0.30845531	0.22793353	0.30864055	0.21221676	0.37649460	0.16223099	-0.00376853	0.14155774	0.14812102	0.21749843	0.06028273	0.14470335	0.23852928	-0.19254231	0.35919880	0.35853453	0.20083964	0.13933832	0.35847552	0.20698490	0.24941972	0.15057756	-0.08471500	0.00635694	0.03548335	-0.05137666	0.32099682	-0.12446788	-0.14318185	-0.08769536	0.12136378	0.02969785	0.18727843	-0.22866893	0.06242079	0.05288355	-0.04388397	-0.05139247	-0.04498089	0.11179239	-0.07249190	-0.14996354	0.11662174	0.13225767	0.05103527	0.05647193	0.12396540	0.11191078	-0.03840496	-0.10053560	-0.05588463	-0.09465847	-0.14861285	0.15887280	0.05922555	0.17410125	0.01672003	-0.11139725	-0.06649615	-0.02080701	0.20597455	-0.09825724	-0.09190763	0.08363223	0.00018768	0.09188784	0.05015070	0.00426140	-0.16192376	-0.07879246	-0.06138669	0.11066867	-0.00127221	0.14159657	-0.00029225	0.05770056	0.00556221	0.00962415	-0.00649230	0.15784868	0.12084241	0.05848834	0.09606002	-0.16384574	0.14765360	-0.11053060	0.10005806	0.04971915	-0.01597185	0.09656865	0.07193042	0.05124958	0.09847156	-0.02452511	-0.07169826	0.14605378	-0.08195202	-0.00465112	0.01632530	0.00434382	0.04207629	-0.08152339	-0.07547757	0.02351798	0.02312360	0.14970784	0.03307619	0.25403864	0.10176111	0.06590690	-0.04322657	0.12932473	0.18978153	-0.05306320	-0.03373778	-0.08491454	0.01610799	-0.03049934	-0.04515846	-0.16321326	0.03638770	0.03435533	-0.01022135	0.10979361	-0.23514334	-0.00657142	0.06873717	0.09910408	-0.01704636	-0.05816609	-0.11797420	-0.00594863	0.05464506	0.00925710	0.12295640	-0.03161190	0.07079506	-0.13329903	0.12569863	0.17044973	-0.16075108	-0.09066122	-0.01869860	-0.02114206	-0.09236412	0.07469112	0.05675451	-0.04461258	0.18135235	0.06648042	0.15010305	0.34150827	0.22685418	0.09799382	0.09481912	0.11735407	0.35286758	0.28841671	0.12584276	0.18967104	0.24991577	0.32443126	0.24364874	0.24858615	0.18252683	0.00963181	0.17362659	0.29373014	0.17878411	0.14444280	0.17800714	0.11933048	0.23661109	0.21997328	0.14523662	0.17324979	0.18769893	0.27452651	0.12709714	0.20692450	0.09646692	0.15889168	0.10243891
17Networks_LH_DorsAttnB_PostC_8	0.23528365	0.37121325	0.11758145	0.35244270	0.18242483	-0.23389057	0.21154831	0.08084932	-0.12025543	0.03324116	0.13442451	0.05704414	0.26393599	0.38123785	0.42032584	0.24815661	0.31947064	0.25848478	0.34758283	0.29811435	0.33943083	0.23577226	0.31230833	0.34297784	0.30345514	0.13942910	0.02337977	0.29940865	0.12757544	0.30559897	0.25241393	0.02369891	0.20787639	0.14598073	0.26625375	0.29844428	0.15271392	0.35164766	0.41901545	0.22233081	0.33161504	0.48574999	0.35000007	0.11020063	0.05598611	0.20032281	0.08032747	0.11634538	-0.05772731	-0.07106300	0.12580876	0.03488813	0.15762942	0.23528726	0.00971845	-0.05900105	-0.03616002	-0.05961862	-0.07599905	0.21143482	0.26909751	0.16318767	0.10971025	-0.06950194	0.18893145	-0.11113720	0.29122361	0.25229086	0.21737887	0.25287848	0.33939490	0.42242256	0.12005461	0.12920849	0.08547525	0.10969679	0.20108822	0.38919584	0.50057782	1.01050205	0.48330825	0.13401568	0.26369519	0.42272984	0.06576131	0.34103989	0.04354175	0.07598421	0.09430311	0.04429171	0.00097735	0.13784860	0.36383116	0.13702373	0.10006280	0.37971978	0.42335473	0.31998968	0.11004555	0.32400710	0.06064467	0.19479012	0.15922777	-0.06397231	-0.12639961	-0.02456069	0.11386059	0.05127269	-0.01415177	0.18901756	-0.10661099	-0.14783066	-0.14041403	-0.17568181	-0.08178244	-0.24258215	-0.06196769	-0.11205888	-0.14186255	0.00709175	0.26919163	0.12730354	0.05131972	0.14786367	-0.01680635	0.19614188	0.21864621	0.06424260	0.00048663	0.02465130	0.02542101	-0.07100618	0.20423858	0.05939907	0.21050409	0.06554297	0.12336826	0.16399025	0.09598806	-0.00091591	-0.04993629	0.05955522	-0.00746222	0.00496092	0.16912080	0.21335841	0.03276477	-0.01443985	-0.08070760	0.17994209	0.05701325	-0.04189578	-0.05742371	0.01500591	-0.05002026	0.00135609	0.00160755	0.25517470	0.02896175	-0.02177454	0.01295307	0.04143571	0.10449974	-0.05652695	0.03484704	-0.09147359	-0.06947841	-0.07810615	-0.09779251	-0.00595681	0.01197755	-0.05403451	0.00044696	0.01074927	0.08551456	0.12087462	0.08727767	0.15850015	0.07090183	0.21892347	-0.03051562	0.07822274	0.05277253	0.05504755	-0.05478296	0.01977472	0.10374919	0.28844194	0.25278529	0.11703725	0.10991462	0.25488384	0.14452883	-0.00952530	0.19148732	0.02502978	0.05745744	-0.06488281	-0.01307775	-0.02892085	0.19446008	0.15975807	0.19192882	0.07183442	0.07304155	0.01527522	0.01139240	-0.08265308	-0.16995352	0.00599441	-0.01985906	0.10929387	0.15876900	0.08574713	0.43212127	0.33335812	0.20691491	0.43083895	0.16152614	0.25472639	0.38851152	0.20955032	0.23211861	0.26554870	0.04290992	0.19732491	0.19578117	0.23968863	0.11176546	0.16652409	0.31217161	0.35929529	0.13414351	0.10689216	0.45618190	0.36176428	0.35823254	0.35463024	0.32382356	0.34031513	0.38203501	0.42263644	0.16043809	0.30217246	0.31008721	0.24537998	0.07413347	0.26090380	0.18571294	0.08325928	0.34743253	0.20854272	0.25353805	0.39871607	0.21903902	0.21993208	0.14187549	0.25186685	0.27773693	0.29906620	0.19267818	0.19691695	0.02541046	0.15205813	0.19040539	0.13226834	0.24842973	0.20058741	0.31531141	0.42429896	0.52159692	0.51513342	0.32031394	-0.03070951	0.28188983	0.39412515	0.29070284	0.28166740	0.52615030	0.61488666	0.32587195	0.40929966	0.42041136	0.27330078	0.18006827	0.39112220	0.18768834	0.11922454	0.02279550	0.08960089	0.15562975	0.02448888	0.13687610	0.27627112	-0.07845170	0.40192160	0.35296522	0.31605078	0.26358417	0.45649743	0.28496395	0.22091697	0.02344375	-0.07099756	0.05610392	-0.02985600	-0.08351103	0.25869641	-0.14616918	-0.10245319	-0.08215104	0.13421255	-0.12261737	0.12814469	-0.23430587	0.10691911	0.01155901	-0.12295569	-0.06808987	-0.08431145	0.06842483	0.00221378	-0.11781930	0.08096025	0.22549953	0.08883634	0.17296024	0.22889677	0.06286710	0.02291454	-0.03600550	-0.01607625	0.02828420	-0.09045885	0.23410515	0.03009369	0.16690412	-0.01982388	-0.10517992	0.01948873	0.15326391	0.21088645	-0.11921737	-0.12302875	0.04091432	-0.00589732	0.06389679	-0.00390536	-0.05676309	-0.12330628	0.05210907	0.00404944	0.09227487	-0.00843447	0.28690858	-0.05621226	0.11307052	-0.06619637	-0.07343695	0.03964703	0.08390857	0.07048951	-0.02431954	-0.00874890	-0.14976762	0.09613086	-0.08934173	-0.00678086	-0.01758921	-0.01488773	0.01278203	0.07795315	0.06583648	0.04565131	-0.12725073	-0.07629790	0.11827863	-0.09149431	-0.06422930	0.03493284	-0.00620145	0.00809760	-0.13948715	-0.13829225	0.04236868	0.10294410	0.16794319	0.14730676	0.32391560	0.22955298	0.06760426	-0.13835927	-0.03292801	0.00651215	-0.16191004	-0.14506043	-0.11615961	-0.06087752	-0.00727307	-0.08689360	-0.17392516	0.07604062	-0.00756001	-0.11397772	0.14116888	-0.19191759	0.03278052	0.00519161	0.00821337	-0.08879728	-0.05821420	-0.10561656	-0.11972501	0.03495824	-0.00708139	-0.03024729	-0.02993456	0.09202422	-0.08979250	0.00323681	0.15485184	-0.10336139	-0.11384069	0.07317560	-0.05950557	-0.12267673	0.06108452	0.01322148	-0.17000869	0.07748115	-0.00484675	0.00979811	0.28280042	0.21610821	0.12748352	0.03345556	0.16462567	0.27778224	0.29922508	0.16502421	0.17847322	0.25169345	0.28999765	0.25720140	0.26193320	0.15138957	-0.09282445	0.17295746	0.26553425	0.18068027	0.15515551	0.33381669	0.19265072	0.28469645	0.26175705	0.21608076	0.27334295	0.10507721	0.26439895	0.12345948	0.19015168	0.04749828	0.03809633	0.03503855
17Networks_LH_DorsAttnB_PostC_9	0.40672700	0.42516639	0.27741781	0.49771356	0.19413836	-0.13835903	0.31910217	0.15265155	0.05037437	0.08046052	0.29397387	0.18319869	0.33915303	0.45389662	0.49674328	0.20761074	0.21931766	0.33617097	0.22701648	0.14218319	0.33168071	0.19304383	0.30498556	0.17694825	0.04809107	0.17457097	0.13824880	0.27303245	0.15634884	0.24378081	0.05214670	-0.07002912	0.16500788	0.11543572	0.26494055	0.27668872	0.04099725	0.61474581	0.57683982	0.19151533	0.33492104	0.51815787	0.38095204	0.16907906	0.08927108	0.08597612	-0.01649364	0.00911990	0.06545631	0.00245020	0.04472256	0.17156497	-0.03471746	0.13220269	0.02882002	-0.06224895	-0.02614033	-0.02458354	0.00758464	0.33581829	0.25695609	0.33542489	0.16058489	-0.04416220	0.16769780	-0.07634314	0.19673692	0.17959611	0.15929005	0.05922917	0.16207321	0.31185009	-0.02968522	0.05977168	-0.00341501	0.02959279	0.14996916	0.27668586	0.52763307	0.48330825	1.01510673	0.19193920	0.13715279	0.24628389	0.02861617	0.24927562	0.16447850	-0.03861067	-0.06012978	-0.10590678	-0.10929618	-0.00023838	0.22267514	0.19300033	-0.05880755	0.13803264	0.35266048	0.12815543	0.12604024	0.46893990	-0.03592043	0.11076380	0.01919319	-0.10970891	0.11764248	-0.14019265	0.07567938	0.07206986	-0.06001940	0.23109940	-0.11741883	-0.08471717	0.10979164	-0.18941139	-0.12057230	-0.26418715	-0.11763829	-0.18323007	-0.22655260	-0.03110345	0.10843147	0.18735040	-0.01958699	0.13474353	-0.00501935	0.08705191	0.31222624	0.13702726	0.01052398	0.02563310	0.22682637	0.02969315	-0.02920081	0.17762651	0.17337785	0.18605596	0.18740957	0.04701773	0.32602371	0.18251747	0.20554775	0.15461308	0.18860586	-0.16436255	0.10207594	0.22909354	-0.14754657	-0.10276274	0.21022546	0.23050416	0.08456140	0.12432150	0.20982215	0.24706120	0.23508178	0.08021983	-0.00861519	0.18749662	0.25952355	0.08555647	0.20070160	0.15754389	0.23256246	0.08361446	0.17143053	0.03487353	-0.02711982	0.02499884	-0.06607991	0.24908749	0.14263448	0.19228891	0.20577423	0.25211128	0.30207168	0.26832024	0.19893908	0.27137565	0.25155675	0.33962610	0.13606337	0.26403758	0.19004004	0.22996207	0.19615486	0.24541092	0.29469982	0.06540313	0.23628911	0.15329743	0.09354978	0.27970655	0.18794782	0.01657461	0.32279833	0.18584905	0.17825251	-0.01430570	0.12297417	0.16547006	0.25172634	0.26458407	0.28165438	0.34726936	0.10863775	0.21269845	0.26102355	-0.06710054	-0.06417972	0.07855645	0.14863922	0.24925011	0.19807341	0.07174354	0.43580854	0.30368589	0.21519696	0.39033075	0.17404015	0.18040044	0.34453458	0.07802533	0.22810440	0.13403042	0.08523637	0.13814647	0.14582107	0.01755340	0.14706206	0.12415633	0.25534854	0.28283416	0.13590368	-0.00074696	0.27231510	0.63624954	0.26137075	0.33227794	0.48430650	0.39178698	0.51149659	0.42531490	0.37532120	0.17224474	0.22653080	0.20532706	0.03055596	0.28259240	0.07816789	0.03260812	0.26517942	0.10771622	0.19975795	0.24251494	0.13124422	0.06498809	-0.00787446	0.07557396	0.21967851	0.34409284	0.21289176	0.16744052	0.31300698	0.12792475	0.16790668	0.08882297	0.16024997	0.12024273	0.18994440	0.22132996	0.28869792	0.26907959	0.09726019	-0.05087935	0.06251993	0.14068697	0.13688347	0.07180657	0.39277608	0.51220665	0.57085177	0.28607464	0.16443110	0.22462719	0.07216702	0.16856344	-0.01256030	0.07308476	0.04932056	-0.13814475	0.12351054	0.00200794	0.09042909	0.15259940	-0.18680513	0.22030146	0.46253702	0.07352545	0.08425651	0.18608637	0.12505509	0.29324005	0.21455830	-0.04847505	0.00393708	-0.02064161	0.00976046	0.25394038	-0.06095959	-0.13316452	-0.00506388	0.04050085	-0.05658179	0.18448844	-0.18415820	0.11871121	-0.00426188	0.05414041	-0.12300440	-0.10607996	0.05851822	0.01657218	-0.22312731	0.18089355	0.14734416	-0.04279790	0.05282850	0.09223029	0.26113214	0.14987357	0.14843159	0.12571999	-0.00731245	0.15495632	0.07895760	0.10804602	0.18882923	0.16635217	0.01884118	-0.10335547	0.04755917	0.10643150	-0.00663070	0.10061904	0.27461307	0.17950259	0.21666211	-0.00097819	0.11805206	-0.05420123	-0.16760445	-0.10636990	0.24742808	0.05467977	0.15878426	0.02619829	-0.01863188	0.14616307	0.18107750	0.15165731	0.34713499	0.36450928	0.24924121	0.26226362	-0.14683375	0.09965502	0.07654217	0.24049862	0.24459919	0.10679690	0.27338010	0.26224854	0.12300213	0.19182620	0.07977862	-0.05349735	0.33963764	0.10997083	0.20351498	0.23155975	0.17574683	0.21059480	0.14031123	-0.02449242	0.11412929	-0.07703162	0.21617039	0.14386798	0.23428294	0.14896814	0.02908801	0.00709468	0.13006316	0.18610666	0.11640702	-0.14668086	0.04779833	-0.01376918	0.21210477	0.03077607	-0.08963682	0.08599622	0.00472627	0.00515322	0.14748019	-0.17684831	0.00269837	-0.04020268	0.08918895	-0.03525142	-0.00832541	-0.13136055	-0.10292209	0.07394571	-0.01016274	0.11837330	0.00224536	0.09008218	-0.07480288	0.12800060	0.16353371	-0.09367686	-0.08413216	0.05706419	0.05321988	-0.17280400	0.03856550	0.00855146	-0.10225565	0.17956284	0.15634278	0.25155812	0.44011952	0.28747902	0.13869074	0.08851852	0.09646287	0.38183848	0.28069729	0.20440237	0.27910976	0.35777779	0.43406701	0.42750883	0.41086491	0.31454093	0.07124876	0.39334588	0.35017499	0.19976874	0.13344929	0.29336141	0.12278055	0.26636598	0.17665232	0.14059045	0.24313138	0.23247587	0.38192207	0.25764315	0.34293237	0.17577717	0.20460853	0.11777612
17Networks_LH_DorsAttnB_FEF_1	0.38972898	0.27281969	0.28634035	0.35905390	0.12608060	0.11472104	0.25009933	0.26318699	0.24745079	0.33352822	0.16243180	0.14557769	0.23321949	0.35125149	0.27391723	-0.05031001	0.25973828	0.03498397	-0.00696564	0.13505542	0.01801484	0.00733675	0.03328277	0.13097909	0.23287273	0.31363641	0.35361422	0.24929199	0.28143253	0.22654873	0.20030471	0.27119902	0.36551587	0.33347687	0.23409746	0.46266222	0.12879065	0.20098511	0.33065154	0.34036905	0.09146315	0.19146640	0.19277821	0.19087488	0.11954472	-0.01399534	0.10295156	0.00307567	0.20831598	0.12494242	0.18145728	0.17816887	0.01522353	0.01724231	0.12916664	0.03385326	0.20719671	0.27767671	0.25671490	0.30749227	0.26572110	0.41538239	0.32135842	0.18519956	0.21586173	0.25165914	0.31419137	0.31435574	0.33863792	0.15913355	0.35335797	0.28471069	0.04962764	0.03102196	0.06111014	0.23040326	0.29362292	0.26008939	0.07922103	0.13401568	0.19193920	0.95834265	0.27519499	0.28631472	0.30371564	0.10704891	0.33134022	0.11098805	-0.05906054	-0.08881157	0.02545568	0.14670346	0.20892964	0.28757579	0.25507666	0.18496117	0.19228452	0.23586961	0.42084551	0.37714190	-0.07536115	0.25212110	0.02005955	-0.20040884	-0.02438856	-0.07046587	0.00790554	0.02997769	-0.22532626	0.11593504	0.03316166	-0.07037074	0.23280772	0.11481256	0.00918034	-0.03111372	-0.10946948	0.02318966	-0.07027085	0.02591985	0.22320323	0.36160340	0.07367371	0.37654669	0.24442164	0.18720878	0.30177563	0.32440594	0.03717664	0.20854559	0.30753570	0.05389725	0.02512719	0.23758437	0.31582126	0.26827412	0.31651436	0.20178101	0.25269929	0.19807189	0.15091696	0.07973912	0.43812012	-0.24596707	0.06954523	0.21859160	-0.09662613	-0.15874699	0.05999762	0.14736560	0.04043215	0.16441772	0.08168934	0.06056272	0.13981314	-0.10840921	-0.13831864	0.17950526	0.19664708	0.09568853	0.15254111	0.01528172	0.12428953	0.05674901	0.10376946	0.01391397	0.14476035	0.05337159	0.08818519	0.18723713	0.38785743	0.27974357	0.24492307	0.30060624	0.34536209	0.36062892	0.30615205	0.34224658	0.23170209	0.42268050	0.38078515	0.48782222	0.21691094	0.02510692	0.31120885	0.37857201	0.43190463	0.19792979	0.13656006	0.03553657	-0.07080890	0.13274851	0.07512167	-0.02345718	0.23306089	0.38931221	0.34696690	0.35159406	0.31370668	0.26448122	0.40022980	0.31039994	0.30674965	0.28668844	0.22375518	0.23280285	0.31420528	0.32805074	0.23028987	0.43422543	0.26963251	0.28456621	0.23616270	-0.03528189	0.21630533	0.13044294	0.04734332	0.02692022	0.17273611	0.13543284	0.02573679	-0.05561803	0.06668474	0.17671384	0.32053854	0.46937940	0.26752397	0.12929395	0.33794604	0.29050932	0.24629243	0.27120626	0.19533523	0.21396942	0.30704218	0.17861147	0.11079623	0.01808328	0.09699562	0.10827365	0.27580569	0.29838015	0.21307586	0.25611379	0.15893805	-0.00973370	0.15011603	0.12704682	0.13054657	-0.00511984	0.17466773	0.01813358	0.09895828	0.04969697	0.21046255	0.13258728	0.25113348	0.38408284	0.25472865	0.34966408	0.35068970	0.36196022	0.10857867	0.19617420	0.32396803	0.39479310	0.14359726	0.33777291	0.30027460	0.19020711	0.17254223	0.13151689	0.16705547	0.18305931	0.05749779	0.20570907	0.14441001	0.07036404	0.18171060	0.08474049	0.07571815	0.33422992	0.23900051	0.30061746	0.16650109	0.06980747	0.09004822	0.19340714	0.11499275	-0.08947102	-0.00727900	-0.08901132	0.00561583	0.10758817	0.04677810	0.09250157	-0.05196735	0.03937175	0.05747911	0.06372216	0.16557039	0.37457717	0.24730160	0.08894477	0.05165617	0.11606649	0.13355837	0.22091012	0.06560876	-0.09592767	0.02780580	0.11864577	0.11351861	0.16479360	0.03097071	-0.07276079	-0.04578403	0.04182892	0.11483756	0.08743377	0.16236748	0.14565087	0.02946929	0.03305048	0.36944009	-0.01735812	0.00291936	0.25190615	0.17656127	0.30675509	0.17617899	0.20487167	0.07180889	0.28403423	0.12347053	0.12347723	0.34291826	0.17014186	0.17268931	0.04342250	-0.02832215	0.04903432	0.04569927	0.16079718	0.33312305	0.08502389	0.18715641	0.12426366	0.09184988	0.10074335	-0.20544284	-0.16711527	0.09133481	-0.02505519	0.08414637	-0.11234898	-0.13953495	0.07949106	0.07744104	0.10409568	0.20687105	0.17079322	0.10520584	0.16370749	-0.17393779	-0.00961724	-0.07517787	0.11659982	0.09664024	0.00286028	0.15661234	0.37531993	-0.03846709	0.35758234	0.22676686	0.26633193	0.22082141	0.20150268	0.26588270	0.31416372	0.30707021	0.20785318	0.22999314	0.15674653	0.03548694	0.07014594	0.09043289	-0.01109390	0.11666230	0.22950181	0.11738202	0.12163499	0.17701710	0.33749284	0.14816555	0.06946651	0.05353924	0.15226080	0.28664866	0.11899091	-0.07185629	-0.13085606	0.04072136	-0.03116833	0.15046065	-0.06242003	0.13485894	0.10740817	0.11659641	0.06924749	-0.00525819	-0.02172894	0.18879023	0.06893481	0.26083806	0.32684068	-0.00137098	-0.05769763	0.12037602	0.16048428	0.00950549	-0.06302696	0.08121870	0.08503515	0.04193120	0.05350209	0.11741037	0.03682516	0.24338256	0.20885552	0.31189400	0.31495771	0.28196465	0.18659769	0.18891132	0.08217017	0.06580059	0.15914591	0.09618088	0.16339099	0.30379015	0.31166814	0.32474017	0.36034531	0.45896770	0.39578353	0.29924299	0.28923940	0.30793451	0.33739751	0.24844004	0.06061522	0.13435606	0.23942984	0.15685022	0.06476727	0.41532288	0.43690293	0.49566446	0.46938787	0.54107650	0.52091272	0.42265591	0.30245153
17Networks_LH_DorsAttnB_FEF_2	0.23406733	0.21845894	0.18728786	0.31218065	0.07508987	-0.11636364	0.17671862	0.20359207	0.04009241	0.08275916	0.06169054	0.10714703	0.14225772	0.38602699	0.27322950	0.00914498	0.16381311	0.07605803	0.03574902	0.15976037	0.01918836	0.08463553	0.01878843	0.02540824	0.31269764	0.09904960	0.03970347	0.18099352	0.30916046	0.25596950	0.35578900	0.40820523	0.30021130	0.34642017	0.31849859	0.52233223	0.33497361	0.17567729	0.28551237	0.38350749	0.31135324	0.17091154	0.30093269	0.12704302	0.04881492	0.03177296	-0.00068831	0.04891699	-0.06516640	0.00953859	0.25893812	0.25622155	0.07278182	-0.02102183	-0.02943718	-0.14654683	0.09909246	0.15005143	0.12416342	0.23072302	0.20058067	0.20512225	0.14706619	0.24778605	0.21026635	0.17180359	0.42864260	0.46921202	0.49258963	0.43222072	0.53703333	0.43041336	0.02560786	0.22464065	0.23044464	0.47884788	0.49952533	0.39321725	0.09650601	0.26369519	0.13715279	0.27519499	1.03339567	0.25816197	0.38117112	-0.02486681	0.04327096	-0.01906187	-0.03890265	-0.20251121	0.12630613	0.07253571	0.04949357	0.15157081	0.28721172	0.33168267	0.17919957	0.33311909	0.35722744	0.33610629	0.15349078	0.36361833	0.29906794	-0.06102979	0.00177431	0.15879791	0.06524021	0.16698719	0.15495828	0.19522336	0.00396109	0.08295060	0.02744507	0.03591248	0.08409604	-0.06014319	-0.11638665	0.03674497	0.18662757	0.04597948	0.28427821	0.33136463	0.16970571	0.39900924	0.39991956	0.41851906	0.36375279	0.06875335	0.16184113	0.33378675	0.14009040	0.10810218	0.12467787	0.08429006	0.22112069	0.25207613	0.24380427	0.43332447	0.02581766	0.14206046	0.15046665	0.23105023	0.03297850	0.05940392	0.23658364	0.35907533	0.12956109	0.01391757	0.06456560	0.31825504	0.09677595	0.03016695	0.02389013	0.11199690	0.07313663	0.05352659	0.04380038	0.12175989	0.10534657	0.16935341	0.11170704	0.07430536	0.21340348	0.05622657	0.18362226	-0.01493857	0.15218514	0.07412034	0.02754658	0.07963702	0.02236702	0.01559120	0.21126107	0.08266275	0.13540927	0.08218290	0.09999892	0.14440146	-0.13392166	0.20928101	-0.09522707	0.05018016	0.07958172	0.01984011	-0.02953258	-0.04864540	-0.05765181	0.31691136	0.23355152	0.11746903	0.14614850	0.09969316	0.02108859	-0.01520832	0.08881277	0.00714628	-0.10572830	-0.12413517	0.03699071	-0.06293761	0.24791189	0.13093247	0.06898001	0.08552238	0.10460644	0.00935207	0.12112093	0.11835109	0.05217995	0.28070689	-0.02740764	0.12208190	0.08692048	-0.01547143	0.23568628	0.21379152	0.05745869	0.07747366	0.09324627	0.05133814	0.00026547	0.08961521	-0.02893286	0.23728359	0.09114305	0.22453465	0.30502771	0.29056629	0.31257694	0.26375602	0.29971843	0.29015115	0.24573103	0.32583406	0.45478252	0.05334078	0.28809419	0.07162256	0.02423850	0.16028104	0.19160902	0.28406267	0.08631104	0.21468477	0.15801094	0.08308931	-0.01539844	0.08021383	0.13639917	-0.08765284	0.19217436	0.09175374	0.12954971	0.19617186	0.20263748	0.24959012	0.36190348	0.36609590	0.24446791	0.23610325	0.16579803	0.37902262	0.14877171	0.01696142	0.21503811	0.23378312	0.34619865	0.39225573	0.52574487	0.46913945	0.33045320	0.31319261	0.30118937	0.07944092	0.14761593	0.42917698	0.27942227	0.27006343	0.30863125	0.15139344	-0.02618353	0.38294131	0.59923219	0.44906495	0.04238474	0.05478722	0.08128386	0.21216172	-0.05157174	-0.07028144	-0.03554883	-0.14505265	-0.11661183	-0.05703793	0.04044346	0.04958110	0.12447453	0.27961461	0.30745614	0.28019266	0.23316926	0.33131417	0.01656979	0.06158693	0.05435738	0.23942213	0.02678794	0.23258216	-0.04736989	-0.05620677	0.01106231	0.13926840	0.14040366	0.08296688	0.08336773	0.05430490	0.17867752	0.04250779	0.14356792	0.03077041	0.19929118	0.14839790	0.05905994	0.12491906	0.32191232	0.19448514	0.21117991	0.45048083	0.20262222	0.17030543	0.12794486	0.17581005	0.03465183	0.04511754	0.23323512	0.17699077	0.18849545	0.22417216	0.09388586	0.16024880	0.09850938	0.36206253	0.10303308	0.06732861	0.20580206	0.12089859	0.18490624	0.15603971	0.18367946	0.13024755	0.09225423	0.08008222	0.20898540	0.21754689	0.37813658	-0.03548642	0.11741752	0.10839265	0.16775439	0.17127577	0.18336008	0.15163436	0.16339293	0.12059460	0.08914483	0.11837803	0.09173062	0.15541021	0.17538570	0.05942287	0.20585585	0.25947477	0.06950160	0.07602089	-0.01268488	0.18438947	0.25781374	0.05253989	0.22337425	0.07066358	0.16730976	0.02359598	0.02141011	-0.08853642	0.14618858	0.26734685	0.21996382	0.12624488	0.16074370	0.20185646	0.01149876	-0.04452430	-0.03509052	0.04209601	-0.12694994	0.12382347	-0.06954990	-0.02107612	0.16150085	0.02049313	-0.03006421	-0.00548993	0.06301841	0.01109053	0.25835621	0.09610220	0.11429587	0.10714186	0.07448341	-0.05818322	-0.17245376	0.02793669	0.13104205	0.02264700	0.15854421	0.10131757	0.03475902	0.07037032	0.04863386	0.14634719	0.01831307	0.05875091	0.15108360	0.08368528	0.05859975	-0.01824025	-0.05522865	0.05670520	0.11508138	-0.04239144	0.13293892	0.08332611	0.30837649	0.20317256	0.16529473	-0.05607153	0.17901768	0.19857509	0.22831668	0.12641111	0.22660859	0.34552461	0.28648736	0.35608132	0.27285347	0.23244893	0.14773088	0.18130583	0.16454236	0.30429169	0.19622824	0.03882269	0.25540477	0.28413316	0.09996492	0.12304382	0.24987407	0.21647100	0.22816188	0.16878623	0.21714738	0.16631874	0.11529009	0.06741221
17Networks_LH_DorsAttnB_FEF_3	0.20107282	0.26487196	0.12275774	0.22724736	0.11359039	-0.02366894	0.13338391	0.16797395	0.05059102	0.15047531	0.15004649	0.09694481	0.29060590	0.32499390	0.25760316	0.13973906	0.30347136	0.16657762	0.24389644	0.23561619	0.23597690	0.10029484	0.21773607	0.26632124	0.27342127	0.17796101	0.11551787	0.28450899	0.20924946	0.24768711	0.16102142	0.19718423	0.29202615	0.19068569	0.23502892	0.37175722	0.23132697	0.18679917	0.28655428	0.28248063	0.24750502	0.24839632	0.33144487	0.11537716	0.19590248	0.14349241	0.14351417	0.12853734	0.07479581	0.10710665	0.24380084	0.08260722	0.24563935	0.18840405	0.16798912	-0.05843412	0.20221686	0.11055309	0.12942861	0.17416879	0.25002533	0.18238540	0.15926254	0.18535822	0.20316112	0.00075426	0.31001038	0.27330741	0.30390395	0.31207844	0.35518772	0.38084063	0.14774239	0.16749977	0.15359187	0.26424619	0.30289007	0.36300486	0.38312683	0.42272984	0.24628389	0.28631472	0.25816197	0.90176534	0.18180926	0.35720466	0.07982287	0.07340980	0.12199381	0.02728729	-0.04274762	0.06737308	0.30057619	0.09862600	0.27467783	0.41326537	0.25884591	0.35064997	0.15302542	0.26424884	0.04377136	0.25142740	0.12915297	-0.19983912	-0.22973964	0.07055513	0.06761375	-0.04290984	-0.02704730	0.08620906	-0.05546861	-0.07294729	-0.04791005	0.07102414	0.02563074	-0.05374401	-0.05233002	-0.02425782	-0.06513208	0.11133469	0.35483135	0.22791735	0.06671848	0.24088234	0.15047069	0.20443374	0.14633329	0.04689814	-0.01809947	0.08725406	-0.00250934	-0.09190643	0.10345936	-0.09402494	0.19476167	0.04591917	0.09632674	0.23811526	-0.01679424	-0.07041019	-0.08147053	0.04373528	0.10319148	-0.10058613	0.12633662	0.20803539	0.06503847	-0.08668892	-0.11874041	0.05150272	0.05959184	0.01644352	-0.10399692	-0.03339634	-0.06662409	0.03930153	-0.08792535	0.18931957	0.04576336	-0.04039108	0.02753747	-0.01986530	0.09509170	-0.05552063	-0.00060032	-0.12343049	-0.00220211	-0.06024888	-0.11092014	-0.04884631	0.06213090	0.03580250	0.01582817	0.01467524	0.12371103	0.09204899	0.12749785	0.06896825	-0.05005629	0.23723165	0.06569280	0.18025184	0.03353946	-0.11316008	-0.04645168	0.01719580	0.12146322	0.18729776	0.23235729	0.03084484	-0.03314106	0.11994035	0.13340046	0.07751675	0.08962021	0.11898923	0.11561968	0.08863115	0.19574380	0.01167246	0.20785982	0.14600723	0.23227256	0.07147375	0.03978233	0.13032616	0.04220630	0.09373896	0.01020636	0.15915948	0.07510089	0.11921496	0.19868039	0.07318153	0.30182654	0.23354474	0.23386161	0.25133407	0.17991551	0.22093000	0.22908311	0.21322528	0.15757214	0.25306284	0.09630259	0.24135292	0.22585450	0.23520459	0.18729364	0.20900324	0.23856963	0.33803114	0.14803587	0.17194180	0.45757174	0.15636008	0.18629930	0.13402940	0.19763679	0.26676478	0.19851426	0.33897351	0.05231019	0.33420571	0.30742993	0.18654177	0.19899582	0.23100295	0.28420206	0.10031941	0.34353383	0.26453325	0.17932501	0.35492780	0.32832543	0.13893938	0.23644157	0.28647598	0.23975313	0.24852972	0.22459141	0.27933200	0.00019218	0.18688639	0.24919533	0.24681440	0.22992142	0.31800350	0.38770344	0.40465852	0.42922515	0.42260256	0.32457611	0.16926700	0.32485522	0.41505187	0.32528453	0.21694920	0.46098427	0.38104064	0.09705589	0.40415185	0.37387690	0.31853201	0.22359366	0.36984451	0.25917965	0.07054013	0.10848113	0.05947390	0.17057477	0.11393900	0.13804073	0.17893520	0.00047796	0.36641847	0.19729124	0.30233688	0.21257489	0.38817289	0.24613479	0.25791649	0.05029497	-0.02298801	0.03956952	0.08959764	-0.00017804	0.25496584	-0.17234030	-0.11341005	-0.03265938	0.11359395	0.04352289	0.14066555	-0.10184119	0.07660565	0.08377834	-0.03058932	0.10915414	0.08322135	0.14794007	0.10196306	0.00750183	0.06697974	0.32359615	0.14011841	0.09665329	0.31588145	0.07056346	0.03965688	-0.07485098	0.06900855	0.02771007	-0.03623042	0.17113937	0.08150233	0.13781927	0.03116674	-0.02649892	0.06134428	0.05681347	0.16860945	-0.05562800	-0.12191175	0.01309834	-0.14007256	0.06078227	0.07868919	-0.03462073	-0.04127188	-0.06473463	-0.07154981	-0.03215475	-0.03594102	0.18566945	-0.18032924	0.04524189	-0.02315005	-0.08056507	-0.06162362	0.03802110	0.03265823	-0.07411994	-0.02528258	-0.12023276	0.10328947	-0.05015144	0.01625798	-0.04451735	-0.03446851	0.02626895	0.12669834	0.01620341	0.06255606	-0.09276728	0.09245250	0.08152990	-0.13370944	0.04030085	0.01659236	0.00050726	-0.00340186	-0.12372685	-0.06742847	0.03682988	0.17007423	0.12222958	0.02330628	0.14715044	0.24361719	0.07904094	-0.00931543	0.02897468	0.15715794	-0.07357914	0.04637571	-0.10733864	0.08968386	0.00165797	-0.01731996	0.01238776	-0.02449338	0.02767812	0.04471970	0.19211089	-0.17656279	0.05800148	0.14800956	-0.05844764	-0.05153243	-0.06603046	0.04127438	-0.04330613	0.02020175	0.05865892	0.04717959	0.11385281	0.04139549	0.06404298	0.06660800	0.10278974	-0.02717578	-0.01105113	0.13180915	-0.13757784	-0.05546986	0.10378354	0.10037454	-0.08189721	0.08943932	0.07299259	0.11698068	0.19836464	0.13976699	0.12385545	-0.00843404	0.11415330	0.20118165	0.24017563	0.22269108	0.13504086	0.20009318	0.24914523	0.21536224	0.18415694	0.15049955	0.03934062	0.09387441	0.28654863	0.26723280	0.24011499	0.16553539	0.20330756	0.27015008	0.28459545	0.08385327	0.28469759	0.17264214	0.29226604	0.15787348	0.25436664	0.19337254	0.14373934	0.11227312
17Networks_LH_DorsAttnB_PrCv_1	0.19200150	0.25622445	0.15224831	0.15617274	-0.03217423	0.11829504	0.07903649	0.39430521	0.22955323	0.21761132	0.12499667	0.23460782	0.25186416	0.20930671	0.18260013	-0.12098369	0.11690737	0.00113006	-0.10603937	0.15738545	-0.07151301	-0.01526856	0.01190155	-0.01304290	0.31674633	0.01584094	0.22384279	0.24357022	0.30001548	0.11513145	0.30800410	0.32342073	0.31194453	0.40582350	0.28638145	0.36402631	0.29628728	0.15435173	0.28157303	0.30806499	0.26432772	0.19056577	0.26829571	0.06204930	-0.01755558	0.03886349	0.10626414	-0.00357805	-0.11325231	0.14650144	0.33637103	0.12541000	0.09011004	-0.09162785	0.20939580	-0.02434814	0.28786956	0.23849705	0.23998738	0.23639323	0.30008302	0.24768829	0.28804302	0.23557338	0.21539830	0.32160720	0.30687810	0.39924652	0.47957702	0.40414704	0.29012248	0.27638860	0.11553170	0.29641453	0.35826913	0.50903643	0.39555857	0.29979330	0.02078269	0.06576131	0.02861617	0.30371564	0.38117112	0.18180926	0.97012181	-0.02180194	0.05215664	-0.06593082	0.06127920	-0.10968476	0.25709224	0.12679510	0.12584377	0.19269174	0.32150010	0.15068385	0.00682091	0.34257138	0.30770840	0.26164185	0.02166364	0.23769548	0.03639082	-0.09690237	0.04584985	0.18058300	-0.02296592	0.21179171	-0.06407633	0.21618903	-0.04309202	-0.04767591	0.03479006	0.06768087	0.06293862	-0.02459210	-0.11042307	0.07100311	-0.00513937	-0.06852124	0.28027919	0.44876370	0.05674549	0.40988871	0.42214644	0.26932779	0.22338217	0.15588859	0.02005348	0.49955907	0.14468805	0.20852753	0.18903375	0.14495309	0.12466063	0.23037285	0.19770493	0.41760008	-0.02053649	0.16899584	0.11191229	0.11868432	0.22833921	-0.02072345	0.05768977	0.06086604	0.02703404	0.03192700	0.00146672	0.04028820	-0.01161920	0.14967086	-0.05007765	-0.00079010	0.08388386	-0.04026215	-0.03843530	0.10163707	0.10213680	-0.00538869	0.03601502	-0.13849732	0.10113998	0.03913829	0.08470908	0.04192113	0.02252810	-0.01246052	-0.00503908	0.07565726	0.03454782	0.07257851	0.14560942	0.09500200	0.14991991	0.20216202	0.17805426	0.15889208	0.05753557	0.23434389	0.13094043	0.24146416	0.13118646	-0.07130889	0.07857338	0.10205114	0.07576774	0.12369845	0.01265367	-0.06973332	-0.13713856	0.02618933	0.07583382	0.08452241	-0.03514279	0.15874184	-0.07641586	-0.11349468	0.07600473	-0.06507973	0.35462253	0.22604968	0.23774425	0.15685114	0.10448465	0.13776780	0.22062138	0.28667297	0.22126525	0.42651394	0.10642992	0.21036096	0.24124442	0.15502501	0.11827977	0.04921497	-0.04287864	-0.06670257	0.13889773	0.04766417	-0.08849269	0.03875546	-0.05657376	0.27216081	0.06739663	0.22918542	0.28060178	0.26213358	0.27782708	0.25826285	0.21411133	0.24636573	0.24779606	0.34956277	0.29482700	0.04423989	0.06662091	0.04024946	0.03700374	0.17542896	0.19148067	0.22888513	0.17194047	0.05788778	0.03800926	0.07983268	0.09762226	0.12152281	0.09943278	-0.01862654	0.20177233	0.17244834	0.03548258	0.14345899	0.31221894	0.34241832	0.44755851	0.47274125	0.28413625	0.23172511	0.25815903	0.37863666	0.05529109	0.14557992	0.22344759	0.37775437	0.16166717	0.35644018	0.34782414	0.33301700	0.07030577	0.13464988	0.24398992	0.28941870	0.26158469	0.26288085	0.39393292	0.20769603	0.10303265	-0.03344472	-0.00197553	0.13273499	0.39302471	0.29474716	0.07277816	0.04889319	0.14983714	0.29867566	-0.00145503	-0.07579765	-0.08251604	-0.00995516	-0.00624349	-0.05650372	0.14076876	0.12830072	0.04053570	0.11836623	0.24750510	0.09280305	0.12630068	0.33398123	0.21346413	0.02757036	0.13719608	0.10756742	0.01182532	0.05708396	0.09884594	0.11427672	0.04758208	0.20907132	0.06559905	0.05794459	-0.01207611	0.09515875	-0.05396438	0.05510125	0.10479618	0.11556676	0.10619308	0.11958415	0.04830726	0.07815063	0.41361285	0.02647202	0.17740217	0.42673940	0.18056708	0.25543935	0.18307579	0.12483576	0.22524746	0.14670665	0.23832818	0.17267829	0.18680909	0.15261686	0.13979466	0.07191304	0.06862605	0.10895448	0.10890366	0.13559365	0.18808746	-0.03072207	0.17889869	0.10740262	0.01424248	0.22278545	-0.06709675	0.07660191	0.09045212	-0.02834285	0.11929242	-0.05785149	0.04220832	0.15303345	0.06399921	0.12112573	0.16116477	0.12846707	0.04020875	0.13012185	-0.02516484	0.03054022	-0.06882644	0.04673369	0.02695640	0.02873876	0.11887157	0.27715537	-0.02878004	0.05347849	-0.00238007	0.09991214	0.21585448	0.12310103	0.28731772	0.19240703	0.31852636	0.11958557	0.11085117	0.08847439	0.06260568	0.07921096	0.05937932	-0.01839367	0.01458314	0.09042678	-0.03798048	-0.03083338	0.08711290	0.05881152	0.01579803	0.16741546	-0.14204860	0.09786101	0.11426912	0.01910493	0.05998563	-0.03721823	0.06837158	0.03760326	0.24391429	0.13231494	0.20308286	0.29755713	0.00189428	0.05801002	0.05198294	0.13906938	0.20119627	0.09884399	0.23926925	0.31562000	0.10630531	-0.19382511	0.10371581	0.14945203	0.05499604	0.07479470	0.24834752	0.22086179	0.10227028	0.14741568	0.04690353	0.08870914	0.20652306	0.06717252	0.21975847	0.19304176	0.21042133	0.23645269	0.22274941	0.17401734	0.16951191	0.19617932	0.14759081	0.14354104	0.11921179	0.28813006	0.17534446	0.23007464	0.20882236	0.21709262	0.15232344	0.21060025	0.14372029	0.31534834	0.32490181	0.01157547	0.18677501	0.25358411	0.19628408	0.14279975	0.18945736	0.18165527	0.24220362	0.16200951	0.13299029	0.15164861	0.14492974	0.09294518
17Networks_LH_SalVentAttnA_ParOper_1	0.02057952	0.12638824	0.12248796	0.14743684	0.06327632	-0.11013598	0.07150920	0.02072384	-0.06139933	0.03057816	0.12048952	0.00212727	0.11257271	0.22535694	0.20232275	0.23502936	0.17989960	0.13634486	0.19205016	0.08992575	0.21204055	0.14442286	0.15723944	0.28404836	0.16823311	0.11148518	0.08934171	0.18964777	0.03933566	0.15518465	-0.00602430	-0.10867937	0.08548480	0.04912486	0.09462716	0.11274397	-0.04893655	0.17856550	0.19390196	0.04229547	0.14306513	0.31413451	0.10003273	0.28436654	0.30858300	0.22764570	0.24888978	0.19618801	0.21753027	0.29512225	0.18790720	0.02697287	0.25903008	0.31179100	0.15788560	-0.00429987	0.01112192	-0.02722514	-0.00208317	0.00994392	0.05602982	0.06302406	-0.01678661	0.06107749	0.00434516	-0.14052021	0.06749369	0.03055108	0.00731696	0.04544532	0.01722530	0.16227160	0.19491861	0.02753480	0.03054820	0.01615966	0.03287850	0.18919845	0.36432197	0.34103989	0.24927562	0.10704891	-0.02486681	0.35720466	-0.02180194	0.80836412	0.01694786	0.11433020	0.24541383	0.28246730	-0.01531707	0.14907290	0.35082815	0.07321588	0.11718112	0.25954442	0.26778053	0.15643585	0.07575932	0.07880747	-0.01406566	0.08095364	0.00477072	0.04265877	-0.11831627	-0.05772794	0.05548709	-0.01919379	-0.05258959	0.06438834	-0.08942123	-0.12354482	0.04036302	-0.02066568	-0.07581455	-0.05287648	0.02343717	0.01018939	-0.12789734	0.05568755	0.24993679	-0.05804904	-0.08931213	-0.02823008	-0.02562474	0.02249861	0.07782343	0.03800619	-0.07126318	-0.01307267	0.01952876	-0.10359442	0.12751131	-0.04241561	0.14859875	-0.11089772	-0.05672265	0.02443972	0.04183940	-0.03528015	0.00957242	-0.03079406	0.12400391	-0.12958082	0.02554812	0.11377508	-0.05233455	-0.07427258	-0.05479997	-0.02574999	0.06682461	-0.04819312	-0.00929267	0.03671742	0.04263485	0.01602753	-0.12047022	0.20380988	0.07583506	-0.02232655	-0.00734149	-0.03253422	0.05315485	-0.03621309	-0.11061345	-0.05774868	-0.09018830	-0.02248264	0.01226440	-0.02946193	0.09149095	-0.01806861	-0.02736621	-0.00533388	0.09719842	0.11356923	0.12680419	0.05252084	0.04718109	0.11505723	0.12244233	0.14227014	0.01887566	-0.00068113	0.03939192	0.10092105	0.12496613	0.11443730	0.12492395	0.07633702	0.04828964	0.10252940	0.16192333	0.06911354	-0.01743287	0.18406856	0.14567576	0.09539803	0.11337623	0.04543647	0.10196754	0.05663894	0.14124535	0.08163902	-0.04617971	0.09913520	-0.00459109	-0.05460473	-0.09410192	0.01085998	0.06910330	0.10529846	0.06163180	0.08548195	0.26439469	0.16473373	0.08217566	0.21789851	0.08289070	0.15456889	0.23367585	0.07512591	0.18512530	0.03863848	0.09932818	0.18786398	0.05890863	0.07751003	0.07243153	0.07088028	0.05689513	0.18887642	0.05883688	0.06557570	0.19201978	0.13990432	0.12305211	0.18270888	0.21030113	0.05327826	0.23384378	0.23338163	0.11418823	0.29904057	0.35716600	0.33057173	0.27626991	0.21384519	0.28518520	0.14662173	0.41050159	0.28285171	0.25688878	0.42278186	0.20369013	-0.03987507	0.01698614	0.08805788	0.03451374	0.10359252	0.07536140	0.06463049	-0.04993878	0.12010957	0.09830229	-0.00810309	0.02701611	0.02748417	0.02854600	0.13508581	0.16751570	0.18141782	0.21037967	0.02896292	0.16866399	0.14515408	0.15042948	0.05545598	0.29000708	0.32855891	0.17879877	0.24312785	0.06766908	0.06469525	0.19440055	0.42874603	0.11953314	-0.08380325	0.11866944	0.18066504	0.31760163	0.21608036	0.19327906	0.32878891	-0.16578778	0.34164144	0.21085315	0.23056315	0.04204942	0.24598970	0.14989213	0.03378884	0.00675191	-0.13546231	-0.05896400	-0.10001184	-0.03113341	0.14336915	-0.15220069	-0.15113509	-0.00979733	0.06298548	-0.11705915	0.09394494	-0.18043784	0.05191616	-0.02860587	-0.00020633	-0.00089276	0.03094831	-0.06390699	0.06938015	-0.14966911	0.01706241	0.02930656	-0.02737803	-0.10404286	0.02688450	-0.02191948	-0.08450640	-0.11296394	-0.03484596	-0.00918735	-0.13672186	0.10216133	-0.05313138	0.06404857	-0.13325491	-0.15658338	-0.05705698	-0.05295641	0.02186409	-0.15221260	-0.19595433	-0.07240113	-0.03268952	-0.07821815	-0.10219238	-0.07991521	-0.15389276	-0.06128124	-0.15459535	0.00910179	-0.05383492	0.09371539	-0.03005756	-0.07971061	-0.03558012	-0.11528240	-0.13957403	0.07381764	-0.00068595	-0.02490939	0.03229322	-0.24256915	-0.03837522	-0.10964965	-0.08844171	-0.04753021	-0.06552453	0.00068228	-0.01308654	-0.01628715	-0.00773437	-0.08482853	-0.10332780	-0.04243599	-0.21912959	-0.07193692	-0.07399637	-0.11549919	-0.02687028	-0.07240611	-0.06933015	0.07120301	0.08410100	0.05425047	0.09457433	0.16469129	0.08091770	-0.07946013	-0.07262070	0.05772982	0.08292640	-0.11866780	-0.04804406	-0.05739039	0.09813117	-0.09257381	-0.11945276	-0.05410508	0.12772543	0.08151794	0.00116184	0.10180846	-0.12295003	0.06203960	0.10766034	-0.02872428	-0.07467934	0.02749857	-0.08228790	-0.04214039	0.14853916	-0.07954913	0.02628350	0.06187360	0.06273707	-0.04232344	0.13514333	0.13754579	-0.06592656	-0.08183392	0.00552250	-0.10752781	-0.10031629	0.02541209	0.07522376	-0.12636465	0.11255835	-0.03653270	0.06396691	0.18867442	0.09512470	0.06237758	0.13754640	0.01718498	0.16770157	0.19235767	0.20081849	0.00111365	0.12339383	0.11120438	0.06311153	0.07400639	0.06223160	0.02030258	0.10001498	0.20547670	0.14325739	0.16077125	0.10728900	0.09285606	0.22399106	0.17531580	0.06374254	0.10201237	0.15492289	0.19368025	0.15422064	0.17812299	0.14285235	0.11057300	0.10722861
17Networks_LH_SalVentAttnA_ParOper_2	0.22386815	0.17431575	0.19840705	0.18000919	0.00447057	0.02874016	0.05056108	0.11066183	0.22216676	0.22446619	0.12699574	0.02836200	0.21166007	0.07348863	0.19226478	0.01050954	0.12344662	0.16568752	0.03949742	0.05505246	0.14306297	0.12998275	0.05473165	-0.02925734	-0.04987417	0.09838609	0.18403574	-0.00267055	0.02087640	0.01168491	-0.07395153	-0.05217116	-0.01379048	0.01626013	0.02110936	0.16960557	-0.06084282	0.21900834	0.16220930	0.05478652	0.02377308	0.15718990	0.02687926	0.18606457	-0.01276610	0.02830911	-0.03246021	-0.06675272	0.43613100	0.01903922	-0.11909733	0.06044700	-0.05781457	-0.06846177	-0.02065212	0.11380627	0.07154889	-0.02992729	0.17211399	0.31333807	0.31726550	0.23683365	0.09788935	0.01201109	0.15873628	0.07768481	0.02383219	0.01638445	0.01726686	-0.15899759	-0.04281181	-0.00629556	-0.13999181	-0.03103935	-0.06501766	-0.17211037	-0.13857840	0.00286805	0.08300564	0.04354175	0.16447850	0.33134022	0.04327096	0.07982287	0.05215664	0.01694786	1.03511276	0.09253405	-0.15847452	-0.12848520	-0.12820229	-0.10078153	-0.00914318	0.28710132	-0.09811644	-0.03946277	0.14789976	-0.06671072	0.33496577	0.32013201	-0.19199204	0.23578381	-0.10585275	-0.03828744	0.28096133	-0.13740759	-0.08573210	0.29249661	-0.19686700	0.20071798	-0.04309436	-0.11971940	0.32900895	-0.00603311	-0.03015192	-0.17630776	-0.06848272	0.07941495	-0.19012315	0.14816339	-0.01958700	0.14938572	-0.02635883	0.06400347	-0.08220391	-0.02186248	0.11647219	0.18894052	-0.10570254	-0.02412917	0.37750017	0.21790558	-0.01741316	0.08775022	0.13730495	0.20813177	0.19671115	-0.05772496	0.28061853	0.18465979	0.16491477	0.15289279	0.55469961	0.08365979	0.07188911	0.16155905	-0.03050365	0.01361927	0.36418510	0.20873665	0.35478431	0.28531825	0.29956491	0.28194012	0.32651176	0.24412365	0.07067388	0.31734374	0.35804175	0.39465925	0.33046317	0.19146686	0.27475144	0.40139320	0.10035973	0.31277606	0.15906921	0.25064958	0.12411175	0.46222219	0.39888181	0.50690152	0.30678053	0.49331190	0.44594500	0.38481294	0.44064279	0.34021681	0.16750631	0.34902746	0.41044814	0.53027299	0.41466113	0.10478923	0.53167659	0.59968620	0.56127470	0.15698803	0.16543385	0.17565770	0.09403324	0.16310754	0.28482222	-0.03120196	0.33394516	0.41414056	0.57656794	0.33285746	0.21361266	0.56478890	0.27331870	0.21912602	0.26819783	0.20715094	0.19948511	0.10132013	0.25567207	0.14076640	0.11641096	0.20263076	0.15846743	0.21638198	0.20388735	-0.03960327	0.19510720	0.17056361	-0.01536727	0.19686833	0.11227318	0.08515258	0.15429165	-0.00238381	0.08937127	0.13559045	0.07253528	0.05300162	0.01008353	-0.11343242	0.06176084	-0.03401547	-0.00535750	-0.04341754	-0.04788457	-0.07920736	-0.02653313	0.17946050	0.16113192	0.03509416	0.19684451	0.16948652	0.11003775	0.01738797	0.07107963	-0.01393025	-0.11746477	-0.00274751	0.00336201	-0.03882519	-0.18691211	-0.12248157	-0.04408179	-0.04627166	-0.17104138	-0.12790300	-0.02273677	-0.11496410	-0.11173030	0.00268744	0.20142304	0.29659240	0.31474967	0.15628230	0.15316419	0.20373293	0.20959577	0.26918913	-0.05900994	0.11590174	0.06414645	-0.06855834	-0.00867526	-0.05152084	0.03802172	0.05929475	-0.04768347	-0.04910793	-0.07517282	-0.17842471	-0.01653509	0.11778524	0.18545619	-0.06916047	-0.10070276	-0.11408795	-0.05794559	-0.11537488	-0.09220972	0.13868731	0.15075457	-0.23285821	-0.13017182	-0.30651983	-0.12816537	-0.05596110	-0.05990980	-0.05302418	0.02065513	-0.16554532	-0.20637325	-0.20780215	-0.01930198	0.12547378	0.22954492	0.05454102	-0.10757508	-0.01964815	0.18326315	0.15989386	0.14870753	0.00948967	0.36551422	0.14631838	-0.05071595	-0.04345809	-0.00200559	-0.08656707	-0.15504359	0.29018588	-0.07602969	0.00155644	-0.01264759	-0.03309099	-0.11593150	0.04014486	0.08299720	-0.14572615	-0.03864062	-0.01040361	0.20679300	0.05793364	0.19020547	-0.03223167	-0.03124418	0.42333992	-0.05368875	0.03892121	0.15072763	0.29477147	0.09629845	-0.14934159	-0.02735572	-0.08583619	-0.05696412	0.11210173	0.15347436	0.03325314	0.20894176	0.03455194	0.04242959	0.12063041	-0.07418181	-0.01346071	0.20515521	0.10591304	0.03512334	0.12484773	0.00531338	0.20683130	0.15073531	0.08197658	0.32463835	0.24902308	0.31422643	0.37039987	0.07971328	0.24948675	0.09658228	0.16766946	0.13765881	0.22461875	0.29897885	0.28556579	0.08653123	0.35545811	0.40594492	0.20080179	0.11140993	0.23118099	0.19352129	0.30745186	0.15142262	0.39597325	0.39448917	0.29001766	0.01395430	-0.02860032	0.17663113	0.06813977	-0.01433342	0.04843510	0.07456616	0.14071210	0.14342639	0.35108156	0.33446059	0.10181671	0.34554150	0.11419306	0.42811335	0.31466599	0.05018321	0.10662690	0.03877189	-0.13719720	0.15981425	0.00237691	0.07283920	-0.15400894	0.08710855	0.00992438	-0.05786444	-0.01608283	-0.06295068	-0.17177478	0.08568531	0.15180676	0.02312413	0.01816164	-0.06732613	0.03488102	-0.07859874	-0.14812045	0.01394548	0.08290342	0.09547012	-0.06572305	0.16874101	-0.12834211	-0.05657149	0.03149998	0.23088038	0.09430880	0.15112264	0.20678156	0.08827881	0.18901172	0.16958431	0.17964552	0.11910170	0.14215874	0.20552270	0.27640939	0.27335224	0.22141232	0.31384983	0.29074118	0.22008628	0.30307811	0.14602984	0.14101168	-0.00323734	0.11260616	0.03131291	-0.00664787	0.10166725	0.09894966	0.26009504	0.16996501	0.27012305	0.18231616	0.25092963	0.28257594	0.20423173	0.21859463
17Networks_LH_SalVentAttnA_ParOper_3	-0.05973676	-0.11275209	-0.03415848	-0.10960112	-0.05918605	-0.13088237	-0.11540986	-0.08634797	-0.18314777	-0.05679600	-0.18046718	-0.19833691	-0.08073599	0.03994974	-0.15561798	0.11164169	0.30098834	-0.23722052	0.17116730	0.14798769	-0.01150026	0.01911774	-0.01596694	0.12541074	0.04940713	0.05735860	0.04805387	0.10198377	0.01181468	0.19559605	-0.02367652	0.03185539	0.08901295	-0.03128959	-0.04116562	0.10043494	-0.07394362	-0.16551698	-0.08734670	0.09359682	-0.07296081	-0.01732372	0.03430102	0.03369404	-0.05610460	-0.01135601	0.09497468	-0.10069597	0.19354998	0.02934087	0.06693186	0.06686420	0.18141361	0.41930273	0.07272115	0.13506379	-0.09858024	0.03332356	-0.15742103	-0.20965088	-0.10059149	-0.13535122	-0.08777581	0.05966966	-0.14031158	-0.03759974	0.09810705	-0.02038440	-0.00180823	-0.11165858	0.18659397	0.03676741	0.45835077	-0.01946334	0.30657314	-0.02740829	-0.05958624	-0.08765448	0.16188617	0.07598421	-0.03861067	0.11098805	-0.01906187	0.07340980	-0.06593082	0.11433020	0.09253405	0.95069967	0.34498749	0.04533180	0.14825974	0.22321442	0.21531578	0.15999866	0.22778207	0.32980914	0.17925080	0.21262249	0.02059192	-0.06636503	0.30012050	0.19046551	0.40198714	0.06058795	-0.14182480	0.08760678	0.10047673	-0.13308703	0.05761478	-0.08953369	0.07649396	-0.11541564	-0.29280781	0.07936645	0.11547837	0.01883697	0.09231882	-0.00329695	-0.00697972	-0.00223106	0.12224348	-0.04473094	0.41164725	0.10536931	0.04027594	0.23601293	0.00346450	0.23334083	0.32975471	0.16182455	-0.14498930	-0.11832377	0.22282991	-0.13997514	0.21397858	-0.00730857	0.22062174	0.11064515	-0.19371184	-0.12145680	-0.22119212	-0.06896215	-0.17649799	-0.00720461	0.01976197	-0.02472745	0.08203903	-0.09051081	-0.37335022	-0.03929604	-0.01370993	-0.25461424	-0.38027943	-0.25605328	-0.39886162	-0.19463877	-0.05794840	-0.00572871	-0.37474624	-0.15524569	-0.33041448	-0.14426079	-0.33259390	-0.26351690	-0.09008319	-0.06781089	-0.14376146	-0.14723768	-0.00128832	-0.27935541	0.10663705	-0.28290632	-0.32718377	-0.21934896	-0.29268161	-0.32302033	-0.14460147	-0.20192989	-0.06370563	-0.07187684	-0.08675262	-0.16820649	-0.23426436	-0.03773710	-0.23264488	-0.09607382	-0.06991514	0.27023089	0.06805990	-0.09152963	-0.02813842	0.08277154	-0.09719570	0.11962299	-0.10193808	0.09907872	0.00101948	0.31329122	0.05117615	-0.03513823	-0.09928247	-0.07137841	-0.10705417	-0.16776397	-0.23034176	-0.05899969	-0.21995174	-0.04249267	-0.17552663	-0.05051622	-0.01222284	-0.12512296	-0.07213758	-0.05676914	0.00929416	-0.06146811	0.01915401	-0.00348249	0.00571621	0.06353051	0.03931896	0.09346399	0.03709386	-0.12204246	0.06990725	0.18657060	-0.02678706	0.14423239	-0.07059763	0.00346430	-0.08152918	-0.11915484	-0.13899632	-0.11650207	0.04261277	-0.03155152	-0.01259885	-0.11790883	-0.13722473	0.01691373	-0.03203375	-0.09928359	-0.13982173	0.20031855	0.16549170	0.02559099	0.04914163	-0.11599839	0.18082482	0.02677508	0.08288843	0.07248237	0.05746139	0.11592663	-0.02157004	0.17330316	0.01624682	0.09982550	-0.00500019	-0.05824298	-0.08243919	-0.06172709	-0.27541571	-0.05346422	0.02107587	0.07285587	0.01836628	-0.06997563	-0.00953724	0.09630572	0.00784940	0.03426503	0.17989081	-0.05534787	0.20412390	0.17746420	0.04819192	-0.13703590	0.12267240	-0.05424928	-0.15629065	0.15253203	0.07361279	0.22306547	0.37713113	0.27649178	0.41774748	0.08325734	-0.01025139	0.31998343	0.13410646	0.21289534	0.10962239	0.23199227	0.14333191	0.18214969	-0.01417326	0.21211897	0.18327117	0.24684701	0.07603759	0.06801593	-0.12979903	0.30395613	0.30586665	0.29662363	0.15071764	0.23248268	-0.01354311	0.03529038	-0.08875988	0.15754644	0.12026280	0.05100251	-0.07832386	0.03606203	-0.12963394	-0.18936645	0.03380592	-0.00082661	0.12754828	-0.09590317	-0.00313263	-0.02657241	0.13307653	0.39803185	0.12343951	0.01645756	-0.20272567	-0.07827806	-0.19124530	-0.09752251	0.05595587	-0.13497025	0.06616303	-0.14379586	0.07815032	-0.04846879	0.09034476	0.40230702	0.18284819	0.18870184	-0.08814327	-0.16239875	-0.21075347	-0.12307737	-0.01125485	0.22385445	-0.09714521	-0.03701202	0.00885064	0.01962306	-0.37389709	-0.07094299	0.04917417	-0.02705028	0.01538145	-0.29686168	-0.29512997	-0.09451295	-0.30625543	-0.40438811	-0.29162108	-0.36212003	-0.06290205	0.00101767	-0.33488951	-0.15518837	-0.21129840	-0.14873917	-0.34810526	-0.18363192	-0.12827604	0.02930451	-0.08130404	-0.11702815	-0.26538961	-0.10277384	-0.27564696	-0.14837813	-0.00788777	-0.15253948	-0.16223168	0.07306659	-0.13271756	0.09542546	-0.03763377	-0.06085189	0.17179049	0.07724880	0.00450511	-0.11157308	0.18964131	0.02936893	-0.13498186	0.23160823	-0.07268794	0.12432472	-0.15208092	0.13324197	-0.16100501	-0.00986099	-0.03550226	-0.06089747	-0.00780307	-0.01788705	-0.09741438	0.07375863	-0.03781289	0.04118135	-0.21278504	-0.08356805	0.02838232	-0.02205928	-0.02305944	-0.02260864	-0.01363530	0.01397815	-0.09348499	-0.00313098	-0.01875574	-0.06113623	-0.15534005	-0.10907640	-0.14960810	0.09888895	-0.06236449	-0.17072137	-0.00190533	0.12449420	0.03996247	0.08396276	-0.18579961	-0.09185107	-0.12452340	-0.11567197	0.11965645	-0.11139715	-0.13820662	-0.11125352	-0.13119804	-0.02785460	-0.09262967	-0.07259972	-0.15793503	-0.24596925	-0.15423691	-0.15869994	-0.02316278	-0.06339653	-0.11653726	-0.16969040	-0.04337596	-0.12562459	-0.07917918	-0.07928159	-0.07109185	-0.09955476	-0.19727317	-0.15823206	-0.11181186	-0.19026579	-0.13603687	-0.11916990
17Networks_LH_SalVentAttnA_Ins_1	-0.02996490	0.02223488	0.03911715	-0.05869374	-0.12207422	-0.02003133	-0.01525005	0.04588558	-0.13037396	0.08700955	-0.06890700	-0.02053253	0.05603622	0.07663726	-0.05339200	0.18920734	0.21284877	-0.06711004	0.19899474	0.22747296	0.06097642	0.13751409	0.00374755	0.28615181	0.20074718	0.00520981	0.08802868	0.09683359	0.05313701	0.12492709	0.02674281	0.02423688	0.02646599	0.01644508	0.03763477	0.01008437	-0.04943215	-0.09544514	-0.04801664	-0.03733324	-0.00396355	0.11420407	-0.02980848	0.28104306	0.21807856	0.15650426	0.41269694	0.17976128	0.20428745	0.30509165	0.28107548	-0.00973147	0.27563777	0.44177851	0.32333635	0.15642010	0.09696150	-0.03547151	-0.04629102	-0.10911309	0.03641510	-0.03966571	0.03750304	0.08845570	-0.03849082	-0.07229103	0.04747634	0.01477962	0.05156178	0.02266572	0.09898460	-0.01940426	0.44822636	0.15130276	0.28164343	0.05353495	-0.04350826	0.00113037	0.17527556	0.09430311	-0.06012978	-0.05906054	-0.03890265	0.12199381	0.06127920	0.24541383	-0.15847452	0.34498749	0.96104297	0.34189423	0.32696373	0.33618842	0.35967246	0.00568936	0.31372431	0.35733669	0.22196174	0.29086572	0.08189386	-0.19329301	0.32226668	0.14069944	0.23474833	0.26721457	-0.06222972	0.16407424	0.28278153	0.05932603	0.12241662	0.12128564	0.15193448	-0.04341607	-0.04365304	0.16650913	0.13937655	0.17508039	0.06174158	0.14127358	0.15241337	-0.01344037	0.20960952	0.01515569	0.23773754	0.09512628	0.04296314	0.21014822	-0.00996961	0.11433691	0.18291789	0.23974105	-0.12705635	-0.08182130	0.38855467	-0.01476098	0.20307657	-0.07812055	0.11390979	0.12154420	-0.18774621	-0.06135327	-0.09786461	0.03657789	-0.10431971	0.06079733	0.11439972	-0.03811231	0.07164778	0.00258276	-0.30220500	-0.06544677	-0.07234854	-0.23127670	-0.27614615	-0.23926563	-0.31309160	-0.07478515	0.04374216	0.11512226	-0.26635282	-0.16027459	-0.18122458	-0.13316473	-0.17421892	-0.15123375	0.03609011	0.04778204	-0.03122419	0.02392288	0.03885481	-0.32240132	0.13894277	-0.24028002	-0.20744400	-0.23145032	-0.17172103	-0.15882169	-0.12175393	-0.24542750	-0.04855582	-0.08487950	-0.17078722	-0.21382436	-0.14429603	0.06107020	-0.20670777	-0.15116963	-0.13876282	0.21286861	0.03973772	-0.05660696	-0.07766459	-0.05019006	0.07369860	0.17510322	-0.05175714	0.13498226	-0.00676958	0.17083974	0.08753406	-0.13405448	-0.11141960	0.04865521	0.08690169	-0.02052095	-0.13436003	0.06767934	-0.04794199	0.04709475	0.03267977	0.01708014	0.12462052	0.04128567	0.07533611	0.19292584	0.05153784	-0.00844035	0.10396003	0.10315681	0.10170370	0.20847062	0.11552833	0.22885450	0.09537802	-0.08982067	0.00963798	0.15654543	-0.04184169	0.16535882	-0.01908015	-0.04247578	-0.00928976	-0.02829353	-0.03914720	0.00240104	0.02049723	-0.09114997	0.01051968	-0.01133009	-0.02476113	-0.09248173	-0.02516883	-0.03190177	-0.07459030	0.37631887	0.37078459	0.25814364	0.27503723	0.13728628	0.30303728	0.16300759	0.28360014	0.23161133	0.12102865	0.27604304	0.14939088	0.23842832	0.14067871	0.08088514	-0.06623250	-0.07944046	-0.12181795	0.03648778	-0.20445488	-0.01067016	0.08522409	0.13605171	0.10867139	-0.06467464	-0.04649799	0.15832108	-0.08718053	-0.04414701	0.22912209	0.09699055	0.22632090	0.10919966	0.08275791	-0.04904430	0.13165963	-0.01622614	-0.16421564	0.14820375	0.09082281	0.15305803	0.28546915	0.37824541	0.28317845	0.11428555	0.21161603	0.40737749	0.28216439	0.37052403	0.25529276	0.34096020	0.06973605	0.34781240	0.17845427	0.28281186	0.30688434	0.32727957	0.12388439	0.05748593	-0.11882770	0.07447908	0.26610421	0.17821261	0.09188396	0.17294429	0.04949857	0.16935678	0.02069205	0.31296418	0.15192850	0.26332742	0.03354221	0.09801738	0.07079382	-0.08757089	0.15221979	0.09299410	0.04245571	0.05527773	0.06640729	-0.08455583	0.13673203	0.22694327	0.15609505	0.04416105	-0.11683589	-0.01555182	-0.13877703	-0.11334851	0.19934740	-0.23061198	0.30444624	-0.00391366	0.10883898	-0.13871012	-0.04536594	0.22272674	0.15185030	0.16659913	-0.09383831	-0.15169604	-0.13782784	-0.13696394	-0.14381417	0.09226809	-0.02530871	0.01263821	0.08828035	0.12658090	-0.24132569	-0.10554203	-0.02444998	-0.09247839	0.11378885	-0.15599743	-0.15441546	-0.02534800	-0.22136271	-0.26009774	-0.25773539	-0.24562609	-0.01709043	-0.02756252	-0.19571541	-0.13924363	-0.09708814	0.01314055	-0.22203744	-0.15461974	-0.07936822	0.01040849	-0.04522849	-0.13127121	-0.20596332	-0.09861733	-0.14805153	-0.22645260	-0.09060922	-0.12494283	-0.06122737	0.03675894	0.00004483	0.17386413	-0.06119788	-0.01795711	0.14171906	0.00349905	0.01303308	-0.04599487	0.16759779	0.00725228	-0.10810202	0.19338838	-0.04340009	0.26780388	-0.18795266	-0.03487362	-0.08136371	0.11645397	0.07875428	0.01488211	0.21891498	-0.05597342	0.01140952	0.21885224	0.14328460	0.08107882	-0.05199128	0.00230644	0.18785307	0.19169590	0.04282142	0.09847161	-0.04834245	0.05807757	0.03041040	0.12187778	0.09073158	-0.07259540	-0.02711437	0.00243427	0.07777620	0.21973521	-0.09160659	-0.05795774	0.13799598	0.12457215	0.02539284	0.13808067	-0.09522222	-0.14419670	-0.02800955	-0.08478333	0.08301140	-0.07213079	-0.05295439	-0.12602836	-0.21047931	0.01431144	-0.05633920	-0.03617546	-0.15127479	-0.13264721	-0.05838167	-0.05208504	0.05795020	-0.07043594	0.01708022	-0.19958105	-0.09254184	-0.00828102	-0.02972936	-0.04374759	-0.12542259	0.03145259	-0.14039619	-0.05449443	-0.11449588	-0.08800485	-0.01004254	0.02627972
17Networks_LH_SalVentAttnA_Ins_2	-0.08826955	-0.08125251	-0.05812873	-0.15767038	-0.02200254	0.09634481	-0.02943627	-0.01751811	0.00278267	0.05968031	0.02087147	-0.09551677	-0.00877826	-0.05178626	-0.09484196	0.15736738	0.03703554	-0.01063913	0.07818109	0.02010568	0.03695724	0.09194871	-0.01740350	0.13837291	0.09288502	0.08029283	-0.03081091	-0.05917249	-0.02116744	-0.05364658	-0.09584851	-0.25432321	-0.16936349	-0.20008888	-0.08220254	-0.19785498	-0.11025339	-0.14066872	-0.17193217	-0.32026332	-0.14370424	0.08173974	-0.26955862	0.19794546	0.28162861	0.36943527	0.34542979	0.21800750	0.23762355	0.25679587	0.12035684	-0.15803203	0.09255051	0.13489794	0.04356380	0.15089430	-0.03844303	-0.22636889	-0.09192353	-0.21514239	-0.07256137	-0.10951959	-0.07006511	-0.01247710	-0.14308659	-0.06866050	-0.17085669	-0.10547568	-0.13930021	-0.16942213	-0.17016346	-0.10555313	0.09192803	-0.08218142	-0.06373101	-0.14805379	-0.27117351	-0.06713826	-0.05341357	0.04429171	-0.10590678	-0.08881157	-0.20251121	0.02728729	-0.10968476	0.28246730	-0.12848520	0.04533180	0.34189423	1.03569972	0.07067563	0.15248145	0.12262460	-0.11724171	-0.10245604	0.02592695	0.05515266	-0.06564874	-0.08288534	-0.27957876	0.00020176	-0.10301678	-0.07457216	0.18501406	-0.07976757	-0.01213256	0.05241879	-0.04031240	-0.11247759	-0.10273057	-0.05589270	0.00635514	0.12068463	0.18760068	-0.02768178	0.20176852	0.18733277	0.22260148	0.03065813	0.00046652	0.18444811	-0.20640410	-0.09284368	-0.12410087	-0.24390855	-0.06062362	-0.11567945	-0.10978906	-0.05117761	-0.12206661	-0.06784563	-0.07652775	0.18506414	-0.01542310	0.00037581	-0.15741829	-0.18518199	-0.07097947	-0.06177370	-0.09209139	-0.01878599	-0.04956058	0.06165278	0.03819813	-0.05132737	-0.01088681	-0.07843921	-0.01365319	-0.05869185	-0.04183445	-0.08486606	-0.03707124	-0.03957064	-0.12437386	-0.08799210	-0.08310024	-0.13582607	-0.01768786	-0.03014139	-0.12420191	-0.09622095	-0.15745372	-0.06005161	-0.04217338	-0.12391820	0.04796207	-0.06706595	0.15457145	0.24608305	-0.13168977	0.10944597	-0.09452679	-0.13827446	-0.05733821	-0.03390993	-0.01223288	0.00917147	-0.06984158	-0.06352692	-0.19147870	0.07102275	-0.02384691	-0.09732091	-0.07169527	-0.05724093	-0.10767652	-0.07658814	-0.04206771	-0.10316525	-0.03924723	-0.09853416	-0.07363353	0.16276831	0.02944839	-0.07415788	0.16429867	0.01664427	0.07080299	0.10372207	-0.04640882	-0.14341743	-0.05721358	-0.00967575	-0.10866841	-0.03871970	-0.10360768	-0.04367547	-0.02891130	0.02558904	-0.10067365	0.09597616	-0.03935500	-0.04513881	0.11746876	-0.03022677	-0.13043783	0.00045946	0.08477897	0.04074873	0.00854413	0.07014928	-0.05762722	0.00403975	-0.22472895	0.00434044	0.02957335	-0.12702384	-0.13666711	-0.14258079	-0.13249083	-0.00779116	-0.09469790	-0.13969121	-0.10737451	-0.12972788	-0.21069366	0.01411303	0.08524528	0.01429909	-0.25442642	-0.09096370	-0.09648912	-0.13986554	0.15204556	0.24748027	0.14233094	0.29002753	0.07464977	0.11977082	0.06651908	0.16605665	0.18570968	0.02049676	0.18064033	0.04548428	-0.05436849	-0.13196487	-0.12530966	-0.20522483	-0.15729899	-0.13454484	-0.13993969	-0.14404135	-0.06321781	-0.07452957	-0.10143990	-0.08919285	-0.15977180	-0.23204958	0.00948186	-0.06733155	-0.06924955	0.08395777	0.04582659	0.06287522	-0.06428686	-0.09815913	-0.09471462	-0.07623251	0.00784775	-0.07379760	0.02131488	-0.14241664	-0.14718528	0.09037585	0.20194143	0.00672037	-0.03543126	0.20236566	0.16396858	0.29514616	0.24718642	0.08376029	0.18245483	0.03844696	0.19248946	0.04498643	0.01066088	0.06185612	0.06657342	-0.08025093	-0.16810603	-0.06608616	-0.02484670	0.03968559	-0.00376024	0.12741263	0.03911509	0.12305454	0.08471170	0.12079385	0.14503758	-0.01222154	0.05093081	0.06788872	0.13622865	-0.07450360	0.13867747	0.15793078	0.17357424	-0.13242150	0.17844741	0.09887001	-0.05400674	-0.10757437	-0.05563675	-0.05195837	-0.13310748	-0.07415353	-0.04916814	-0.07038641	0.01937172	0.07953338	-0.06235627	0.09227319	-0.05354285	-0.08726833	-0.05804820	-0.04933030	0.02913486	0.02116119	0.01273987	-0.03220086	-0.08398218	-0.13686184	-0.11863898	-0.13107554	-0.07490660	0.03833391	0.01746560	0.06744539	0.04009574	-0.08056783	-0.08084479	-0.02716197	-0.02361834	-0.10485842	0.04568133	-0.05987278	-0.11140394	-0.14801412	-0.09102895	-0.15782882	-0.10264996	-0.07349919	-0.16069106	-0.06189565	-0.20226464	-0.08537115	-0.04493426	-0.13537632	-0.03643370	-0.04243348	-0.06175118	-0.01949106	-0.03462602	-0.17097078	-0.14746679	-0.06913189	-0.11647485	-0.14778738	0.00530037	-0.04005817	0.07940584	0.02320421	0.13159380	-0.14239404	-0.04743633	0.07560951	-0.00587270	0.04337126	-0.03040926	0.06786206	-0.08704359	-0.11273214	-0.05140584	0.03105244	0.19268002	-0.08746685	0.02996564	0.12072692	0.16047144	0.06601571	0.00054363	0.03349462	-0.11369144	-0.00053176	-0.01429079	0.00763136	-0.03442718	0.11258660	-0.07652015	-0.02608217	0.13339504	-0.05551300	-0.04498497	0.04194649	-0.04156668	0.08948897	0.01838110	-0.01187477	-0.06067852	-0.08484946	0.02166130	-0.08296199	0.06993201	0.01597259	-0.02708182	-0.02697059	-0.02953355	-0.04445131	-0.03556412	-0.13880942	-0.18954253	-0.14525697	0.08345541	-0.02687669	-0.10350721	-0.05181803	-0.00307985	-0.15524976	-0.12997074	-0.15694679	-0.16653858	-0.14148063	-0.11186243	0.06943440	0.03339189	-0.03371967	-0.06738507	-0.06007010	-0.12426218	-0.08980923	-0.03575606	-0.08221407	-0.08876414	-0.12988799	0.03615073	-0.04432781	0.19702431	-0.02244440	0.04469071	0.07980852	0.15536076
17Networks_LH_SalVentAttnA_Ins_3	-0.06834250	-0.06734602	0.05255040	-0.05450109	-0.12892302	-0.03424355	0.00650293	0.13327542	-0.01447890	0.04355198	-0.21719312	-0.03297956	-0.04243015	-0.00669416	-0.10495244	-0.04370115	0.05374640	-0.22892819	-0.10145057	0.10944309	-0.23496724	-0.07074941	-0.10951095	0.08377705	0.18241773	-0.05474403	0.08810354	0.11419638	0.14672289	0.08854779	0.26362222	0.24586985	0.10009269	0.22396647	0.07087481	0.02310012	-0.04451541	-0.08395280	0.05028056	0.10872852	0.05495536	0.08908222	-0.04318597	0.12115254	0.04554195	0.07642317	0.17996293	0.14217550	0.04785543	0.10292156	0.14971313	0.08627511	0.09480046	0.09011727	0.19922381	0.09959517	0.14939556	0.14814100	0.09549593	-0.01882748	0.03693067	-0.05151412	0.04732628	0.13814247	-0.00529303	0.09623816	-0.01704640	0.07120887	0.13351270	-0.00508400	-0.05488157	-0.06631898	0.22752052	0.23627124	0.23807278	0.13288279	0.06184163	-0.01698735	-0.06224829	0.00097735	-0.10929618	0.02545568	0.12630613	-0.04274762	0.25709224	-0.01531707	-0.12820229	0.14825974	0.32696373	0.07067563	0.90742062	0.40541399	0.19620535	0.22491479	0.24901411	0.10034084	0.05285006	0.21865002	0.31162084	-0.03455625	0.17044871	0.13291482	0.18513449	0.32481182	0.21074359	0.28429315	0.11132468	0.18503352	0.00874486	0.14208095	0.10552110	-0.03517089	-0.04176273	0.00277858	-0.03084845	0.05535032	-0.08953390	0.07726105	0.09113450	-0.14164076	0.03500571	0.23464167	0.16280915	0.02988437	0.13535005	0.12869760	0.07068681	0.18045296	0.14737163	0.31281374	0.05504429	0.06630920	0.34335292	0.08268503	0.02112998	0.02618488	0.05677607	0.07334052	-0.10458533	0.11740597	0.07682985	0.10299044	0.00150082	0.05931432	0.07375341	-0.06229644	0.06313443	0.05788201	-0.10602817	-0.04851467	-0.08779947	-0.07461659	-0.15044241	-0.13593428	-0.18821668	-0.16799360	0.03930266	0.01430933	-0.12787951	-0.12774510	-0.13868085	-0.15076437	-0.12076924	-0.06102686	0.07350029	0.10955668	-0.04080331	-0.02585126	0.02339339	-0.12588691	-0.02451946	-0.09993445	-0.00356332	-0.11226489	-0.03102480	-0.06574814	-0.01400779	-0.05072040	-0.04950192	0.03655845	-0.13146243	-0.14458040	0.03543994	0.07125582	-0.00534433	0.02637861	0.02537582	0.13407071	-0.08320015	-0.07131877	-0.03943243	0.01853898	0.00620492	0.03648599	-0.06697874	0.11375485	-0.10498560	-0.00578516	-0.01605771	-0.16310547	0.07378759	0.00315106	-0.03628400	0.01464921	-0.11128442	-0.02412036	0.01196134	0.12110076	0.05314167	0.14454078	-0.11158128	-0.03655400	0.06532605	0.11726129	-0.06569415	-0.05558893	0.04060132	-0.17349740	-0.01053076	0.00250247	-0.15858944	0.07785219	-0.09755714	0.00142078	0.02916855	0.10755238	0.02619581	0.22705798	0.12031703	0.06040230	0.05352708	0.02923613	0.10281772	0.15207668	-0.06138349	-0.07168674	0.04938114	0.01633443	-0.06981104	-0.00221361	0.05277115	-0.00166295	0.02141522	-0.01451604	0.03409054	0.08726161	0.14965403	0.11028137	0.09825509	0.09631280	0.16065348	0.07646239	0.10714326	0.10694206	0.13886597	0.30348336	0.28687411	0.22135701	-0.00309102	-0.07140812	-0.18207699	0.10950390	-0.01725909	-0.13917772	-0.05406713	0.14639473	0.04619848	-0.03419325	-0.06900913	0.03892691	-0.21450394	-0.16102686	0.02914508	0.15089167	0.07232015	-0.01229818	0.07513080	-0.02616515	-0.04058450	-0.20777238	-0.12550532	0.04748400	0.09660974	0.14379497	0.13961507	0.09782507	0.13239717	0.27287669	0.05417995	0.21981086	0.13329438	0.15113820	0.13808314	0.13079332	0.14373916	0.10503924	-0.00306902	0.07667388	0.30273861	0.10348019	-0.00897665	0.15117778	0.01321148	0.09262656	0.20277109	0.12947970	0.09909301	0.10832862	0.25890102	0.24001482	0.14048485	0.39538076	-0.02022049	0.05334436	0.00082118	0.02023303	0.01697900	-0.09056418	0.06396256	0.07623549	-0.04549538	0.00610592	-0.09577763	-0.07492702	0.11676451	0.10108963	0.07944377	0.02924705	0.12269278	0.15754045	0.14318397	-0.01231647	0.32154361	0.09171524	0.28667224	0.08234049	0.08635247	-0.07502669	0.03811677	0.12900987	0.03415596	0.20491407	0.04700401	0.02563569	0.03093664	-0.01822391	-0.02542495	0.04312309	0.06910329	0.14015423	0.06206548	0.13908507	-0.01203010	0.01814812	0.00628129	0.04263027	0.09762884	0.04923293	0.01184198	0.05287214	0.01826583	-0.06348295	-0.10846790	-0.10897841	0.04097204	-0.02831910	-0.12390183	-0.02609231	-0.03198621	0.03400760	-0.04320424	0.01534192	0.06854589	-0.01335954	0.04032701	-0.07380812	0.00561489	0.00473793	0.11490937	-0.06085317	0.06684920	0.02193639	0.13037639	0.19808072	0.06343241	0.08080674	-0.10600208	-0.05062938	0.10607446	-0.00750118	-0.02725408	0.13194124	0.16600603	-0.03925236	0.12162682	0.27964372	0.07519691	0.28155605	-0.02735036	0.08718076	-0.06279656	-0.03067373	0.01488059	-0.03401779	0.18642281	0.10276750	0.23495590	0.33193305	0.16991142	0.12990743	0.04491592	0.15334217	0.18334477	0.14522860	0.21755827	0.21575414	-0.01896662	-0.10108691	-0.00840982	0.10809849	0.11412698	0.10796851	0.22994856	0.19157805	0.13395931	0.23725782	-0.10348605	-0.06524762	0.17711454	0.03025128	0.14666875	0.24790337	-0.04538211	-0.01319686	0.08469462	-0.10625636	0.00887948	-0.08143584	-0.11555856	-0.08372853	-0.21186187	0.09331420	-0.07524040	-0.00410335	-0.06811485	-0.03480162	-0.00631600	0.01760990	-0.04624498	-0.02192700	0.14333010	-0.06387080	0.01555515	0.11577049	-0.07610199	0.03696069	-0.10314010	0.00137074	-0.06217678	-0.03510654	-0.11213502	-0.03946015	-0.04375955	-0.01346671
17Networks_LH_SalVentAttnA_Ins_4	0.03671549	0.00920538	0.03246268	0.05004938	0.11419373	-0.05881793	0.07206791	0.06442825	0.02899532	0.09263217	-0.06134062	-0.07784668	0.06690285	0.09073220	0.04285776	0.14354309	0.27082135	-0.14938834	0.00317414	0.13437723	-0.12859729	-0.04199502	-0.03439039	0.24272188	0.29312655	0.05231340	0.19975748	0.09833054	0.27948410	0.19568122	0.26261132	0.12270625	0.13703267	0.10813978	0.13620012	0.09207816	-0.03611614	-0.04052824	0.08033502	0.02670333	0.08019442	0.24402679	0.03194610	0.10833923	0.11092936	0.09358748	0.29181365	0.13530084	0.03153763	0.12564568	0.15443435	0.04317987	0.12774039	0.21533475	0.21669690	0.11364575	0.07380182	0.15195443	0.06092689	-0.02936243	0.05612065	0.02390732	0.07453750	0.10086137	-0.05907696	-0.04631349	0.02039584	0.04919172	0.07151471	0.03883116	0.05501827	0.00477280	0.24637897	0.13869819	0.14817110	0.03569243	0.06282776	0.07368774	0.04702765	0.13784860	-0.00023838	0.14670346	0.07253571	0.06737308	0.12679510	0.14907290	-0.10078153	0.22321442	0.33618842	0.15248145	0.40541399	1.10141203	0.38422759	0.21098062	0.28559643	0.14010871	0.08765274	0.34150784	0.21650478	0.02431759	0.08371792	0.06941668	0.02232503	0.07010135	0.05775277	0.19854497	0.13300085	0.02573400	-0.03305378	0.06657049	0.07020909	-0.07305044	-0.02781515	0.08087438	0.04359507	0.04030313	0.00018524	0.04247359	-0.04877926	-0.26969353	0.12413730	0.12940319	0.06324035	0.01905584	-0.02317565	0.09871137	0.03069285	0.18571276	0.07900871	0.19014829	0.01526051	-0.11504716	0.37681384	0.09483058	0.07910706	-0.04572945	0.02702812	0.03458026	-0.08944619	0.02861841	-0.04006637	0.03672557	0.04830688	-0.10409870	-0.00015253	-0.13178689	-0.13648072	-0.06397224	-0.19190841	-0.09744688	-0.23634472	-0.14138652	-0.27331237	-0.23673398	-0.20967212	-0.30991892	-0.15877745	0.11552308	-0.13228579	-0.25187145	-0.20370011	-0.13999607	-0.20852286	-0.14827790	-0.04673155	-0.06210906	-0.03070819	-0.03329861	0.12517880	-0.14369016	0.06583382	-0.09585564	-0.00372344	-0.02796945	-0.02357498	-0.02125712	-0.03985376	-0.10081085	-0.00022992	0.09547708	-0.02312998	-0.02410059	-0.02936743	-0.02357123	-0.05076857	0.09675283	0.13783036	0.07096267	-0.08132402	-0.14868117	-0.13556524	0.03663099	-0.00553419	0.03025407	-0.08265917	0.17321572	-0.02603326	0.14250603	0.12512867	-0.17319856	0.09022398	0.06247718	0.07786559	0.05631602	0.00384744	0.01093162	0.02189053	0.22345785	0.06948542	0.20512488	-0.03857369	0.05743486	0.12948132	0.08024213	0.11100193	0.12570356	0.09596273	-0.04925872	-0.01381856	0.15521102	-0.05355799	0.07212607	-0.01806156	0.02993176	0.13628415	0.24898073	0.02312224	0.24761338	0.08458043	0.07639784	0.21919264	0.11763864	0.09857213	0.11467756	0.04672595	0.00905006	0.05463852	0.23278677	0.17011532	0.05024825	0.13730846	0.11732506	-0.01530074	0.12253298	0.15734416	0.28668835	0.29084126	0.16067901	0.12603701	0.34848285	0.26300619	0.11560823	0.28120143	0.22601837	0.20543889	0.21572832	0.21426617	0.16357435	0.03118996	-0.01729989	-0.02380646	0.10817910	-0.19292012	-0.01086356	0.00594214	0.17484620	0.10660499	0.04197205	-0.02333948	0.16831338	-0.06327305	-0.04696840	0.09997299	0.09822569	0.06126085	0.08313705	0.14906058	0.03427722	0.03102966	-0.04980853	-0.06412538	0.14162185	0.17597512	0.21728048	0.19617343	0.25161745	0.20524509	0.07559617	0.09740552	0.22002767	0.22301646	0.29545769	0.37261482	0.36496831	0.00426038	0.29385155	0.14932729	0.13661326	0.23090458	0.24387660	0.08680965	0.18490916	-0.02683596	0.00279159	0.23606358	0.08254519	-0.00696524	0.07462552	0.10850856	0.01729334	-0.04414530	0.31047372	-0.03149163	0.08957456	-0.07020645	0.05162607	-0.05834350	-0.12087053	0.07863351	0.11482251	-0.04460461	0.07344981	-0.14318508	-0.10304209	0.18556854	0.15361160	0.00635271	0.04260179	-0.07703031	0.05647240	-0.07780756	-0.02505775	0.17016047	-0.01956919	0.30281915	0.01294575	0.15382407	-0.15504356	-0.05150310	0.09512107	0.10472848	0.11085590	-0.04910861	-0.13012112	-0.05032292	-0.13918518	-0.06339310	-0.00343671	-0.03079559	-0.06172276	-0.06534908	-0.04506751	-0.14355395	-0.17468210	-0.00913377	-0.02561626	-0.06524358	-0.04042294	-0.10760148	0.00027440	-0.09637086	-0.14367670	-0.17935842	-0.19961483	-0.21288127	-0.08164333	-0.26041888	-0.21550813	-0.16648144	-0.13563547	-0.18494049	-0.05190538	-0.03420514	0.06049401	-0.12849689	-0.11557327	-0.10032217	-0.08041893	-0.03954915	-0.09538236	-0.04846131	-0.04933793	-0.04636192	0.09111961	-0.09417908	0.01215955	-0.11415882	-0.15248450	0.21726242	0.07067640	0.02463269	0.04813048	0.14215164	-0.00782779	-0.09860979	0.20076334	-0.20249698	0.07617786	-0.15317665	-0.10358659	-0.15556094	0.05666076	-0.04465340	-0.04018328	0.15590786	-0.01142080	0.18530227	0.25414319	0.06289492	0.08861934	0.07407499	0.18743260	0.08823258	0.28108407	0.23402812	0.14392927	0.00623738	-0.09778578	0.07221932	0.10336093	0.14243567	0.07372233	0.15526436	0.05451469	0.11803426	0.16594108	0.00625077	0.05475634	0.23123090	0.12836336	0.14119043	0.25267278	-0.02039814	-0.04405791	0.08191477	0.04271133	-0.06977901	-0.09366779	-0.10145482	-0.02905770	-0.17406183	0.03079218	-0.07866178	-0.09818432	-0.03454347	-0.01111656	0.03718619	-0.01002121	0.11221403	-0.00440631	0.17851085	-0.00704740	0.01417478	0.07731870	-0.11004046	-0.06088321	-0.04819345	0.02803428	0.03080905	0.08588302	0.08594093	0.11198904	0.10204753	0.03693895
17Networks_LH_SalVentAttnA_FrOper_1	0.14944921	0.17466882	0.14228770	0.19617583	-0.03186937	-0.07600922	0.19583461	0.03672811	-0.00744022	0.10510524	0.08353159	0.06980387	0.17905399	0.30692883	0.24187965	0.16897930	0.27145563	0.05003821	0.21090801	0.23602315	0.15896638	0.08550159	0.14381066	0.43138108	0.35452593	0.15181528	0.18141890	0.28504128	0.20142665	0.40039949	0.25458675	0.08630424	0.19593128	0.18900867	0.23336545	0.18972083	-0.00367670	0.17330991	0.31105083	0.19426707	0.18318739	0.40560333	0.19407529	0.25242042	0.14705455	0.11527677	0.28320648	0.16001751	0.08584318	0.18362049	0.21788780	0.08962481	0.23929965	0.31342226	0.28047660	-0.04933301	0.04955916	-0.00174677	0.08118173	0.03156936	0.14565499	0.08259287	0.10895683	0.04776920	0.08016277	-0.08557279	0.13979195	0.09666227	0.10984948	0.09003850	0.19471085	0.18542349	0.25165248	0.07800025	0.06626779	0.08910228	0.16705990	0.25473483	0.33993648	0.36383116	0.22267514	0.20892964	0.04949357	0.30057619	0.12584377	0.35082815	-0.00914318	0.21531578	0.35967246	0.12262460	0.19620535	0.38422759	0.87244809	0.18599927	0.30572013	0.40759091	0.27635863	0.46541666	0.24273533	0.14984653	0.05669406	0.13022533	0.07278217	0.06399146	-0.07439127	0.10594673	0.16157852	0.02021943	0.02594794	0.14317731	0.07016542	-0.04280952	0.02586994	-0.01581609	-0.03443034	-0.06989624	-0.13902724	0.00870614	-0.06041532	-0.01036185	0.17465465	0.13938222	0.06114952	0.13782557	0.04818835	0.19795854	0.12076294	0.26508853	0.09014222	0.10052797	0.08602773	-0.08083436	0.27406820	0.10311336	0.19226200	0.04347697	0.12945725	0.09014236	-0.02874327	0.10488218	0.00019098	-0.03447922	0.11491698	-0.08871996	0.07853651	0.00926730	-0.07326753	-0.06756318	-0.16487351	0.01328556	-0.15518552	-0.14372098	-0.18511728	-0.17372226	-0.14050301	-0.15670481	-0.09414116	0.26849255	-0.04869430	-0.14687011	-0.06237582	-0.10745820	-0.07236129	-0.13144748	0.04283799	-0.12653679	0.03613742	-0.01617389	-0.02175042	-0.06485973	0.13458477	-0.02187742	-0.05533597	-0.00371320	0.06278350	0.05557722	-0.00253324	-0.02645576	0.02688130	0.21903158	0.04978989	0.15350514	0.03315849	0.01888443	0.08633005	0.15481219	0.19785282	0.15227705	0.07704320	-0.04811130	-0.05474598	0.06382684	0.08609369	0.17074029	0.13211440	0.20089391	0.11105844	0.19509887	0.03969627	-0.04058263	0.16569667	0.04781685	0.18557593	0.14946977	-0.02117328	0.19805857	0.04995654	0.08946510	-0.01039518	0.11546945	0.03526110	0.14895468	0.19741420	0.13576015	0.26345870	0.19967065	0.17586459	0.16956691	0.17317911	0.26759617	0.19112240	0.21937753	0.18431051	0.05424775	0.09078538	0.31673107	0.13278221	0.31905003	0.15129191	0.15460760	0.20497307	0.28655241	0.18136903	0.21071569	0.31032398	0.19053075	0.22809367	0.28065249	0.22552600	0.20346259	0.29441451	0.36538301	0.16136813	0.37809209	0.34020230	0.38488205	0.28536692	0.30863519	0.23683143	0.18668997	0.37475275	0.21950329	0.35420646	0.32502014	0.22778211	0.14512651	0.21126855	0.19085985	0.09642418	0.17104206	0.12786051	0.15438797	-0.01501105	0.12562511	0.10713844	0.12000893	0.20162066	0.12073856	0.16016536	0.26957093	0.18920629	0.20380989	0.24660609	0.10096808	0.16869160	0.25357878	0.19527348	0.15887500	0.33784869	0.24451861	0.07662184	0.34969039	0.30259871	0.30726549	0.31670645	0.41247792	0.21803682	0.05579612	0.19004901	0.26394419	0.29726934	0.32667320	0.22359985	0.41128224	-0.05757672	0.49257904	0.26409438	0.31829823	0.18354713	0.37596238	0.30943275	0.29336829	0.05164888	-0.02737255	0.16897284	0.01378551	-0.00606236	0.19034057	-0.08250127	-0.09598125	-0.13748019	0.21677226	0.05266670	0.24655903	-0.13338105	0.03372527	0.06625018	-0.11608555	0.05621315	0.02384423	0.00304383	0.02751520	-0.09358165	0.02883903	0.22198260	0.03223426	0.03351013	0.11227926	-0.01627271	0.10878286	-0.02706307	-0.04992888	0.11708008	-0.04452548	0.26173672	0.04960436	0.26392120	-0.09847666	-0.01732204	0.05531526	0.06892898	0.07428191	-0.10080835	-0.09406393	0.00146453	0.00409630	-0.01941350	0.03350015	-0.03648641	-0.09737367	-0.06611616	-0.02747469	-0.03551221	-0.13763526	0.05834079	-0.09794168	-0.03424703	-0.07836476	-0.12274951	-0.00415401	0.01058902	-0.05039493	-0.11125267	-0.05330752	-0.21027146	0.01986444	-0.26737132	-0.06640197	0.02305027	-0.07241715	-0.03835521	0.04990310	-0.05212306	0.15802161	0.02477545	-0.08324187	-0.02029872	-0.07974186	-0.04930782	-0.07614458	-0.00486758	-0.09284250	-0.00083931	0.07625869	0.02103436	0.10560673	-0.00024270	-0.00373512	0.26552938	-0.02856296	0.09619334	0.02710392	0.13544666	0.20174770	-0.05708073	0.09066594	-0.10495453	0.17053261	-0.03341040	-0.04151769	-0.13234136	-0.01048143	0.03190144	-0.06824510	0.20608533	-0.10666331	0.15083315	0.19237797	0.07781372	0.07010632	0.05619977	0.00524650	0.14749139	0.21567040	0.19266790	0.21972122	-0.01878735	-0.02270290	0.03163339	0.15650542	0.10246668	-0.05833609	0.04240725	0.10122605	-0.00695918	0.10085401	-0.00847886	0.15926846	0.12681531	0.21521158	0.17378190	0.32506586	0.12957861	0.01792387	0.13057838	0.00277580	0.00529153	0.12558073	0.09103387	-0.03252738	-0.00957491	0.13841446	0.08705331	0.09943968	0.09532900	0.04248262	0.00765202	0.06446533	0.22567256	0.19942658	0.21072796	0.05414512	0.03026661	0.22357698	0.12658682	0.04607947	0.06512512	0.14648337	0.15903915	0.10693910	0.12720194	0.07700597	0.08954297	0.04279692
17Networks_LH_SalVentAttnA_FrOper_2	0.23804742	0.20147518	0.25858799	0.31059687	0.02007278	-0.03114786	0.12758037	0.01709861	0.08889551	0.06092576	0.05057186	-0.06026376	0.10922456	0.15956136	0.23453965	-0.08337295	0.09130794	0.03356913	0.03164990	0.13957202	0.04347543	-0.03857220	0.06496075	0.06200013	0.03678773	0.05284210	0.13909747	0.10398476	0.01498474	0.15764008	0.07549260	0.14569547	-0.02064264	0.15425917	0.02170486	0.17392748	-0.03155521	0.16848111	0.20359624	0.18820580	-0.02937721	0.18696964	0.03653029	0.23643811	0.02970127	0.07295496	0.07518710	-0.12650415	0.09489646	0.02591799	0.02608282	0.14216044	-0.02997415	0.20595568	0.11338961	0.10080970	0.21650370	0.04091516	0.29884022	0.19549693	0.07025206	0.13887740	0.19359537	-0.01693229	-0.01254972	0.02131903	0.05348516	0.06066106	0.05237445	0.01473373	0.02557963	0.07875166	0.13376252	0.15268475	0.09525630	0.08819992	0.05407444	0.02208963	0.04174689	0.13702373	0.19300033	0.28757579	0.15157081	0.09862600	0.19269174	0.07321588	0.28710132	0.15999866	0.00568936	-0.11724171	0.22491479	0.21098062	0.18599927	0.98016829	0.03928257	0.04645093	0.02801164	0.05251122	0.34608426	0.28465052	-0.02702523	0.07497868	-0.02566686	0.14497554	0.26843663	0.02924742	0.00654037	0.19827279	-0.07728848	0.11711465	-0.06162678	-0.21682772	0.06620600	0.00225789	-0.03271212	-0.10142027	-0.05631821	-0.04042656	-0.10830976	-0.07797131	0.02452392	0.07757974	0.15060393	0.19463970	0.07644928	0.21076253	0.28821573	0.51197884	0.15685762	0.37968317	0.44695419	0.26007474	0.06913647	0.18275237	0.14202656	0.23499062	0.33836724	0.18932616	0.02446126	0.41236956	0.19415631	0.07940465	0.36168116	-0.12225987	-0.01653476	-0.05425672	-0.15988475	-0.05986344	0.08840074	0.14713497	-0.01167536	0.12807057	0.09724632	0.02312412	-0.00134522	-0.09381634	-0.04636126	0.04221492	0.07580631	0.01491334	0.01370654	-0.06278076	-0.02996941	0.00041770	0.10264134	0.09540063	-0.07364192	-0.02530328	0.08768026	0.16035278	0.29983277	0.31488839	0.07176088	0.24756714	0.16873843	0.13839271	0.11035367	0.13983613	0.13658258	0.37786156	0.11238476	0.32316910	0.11735933	0.09369451	0.34806528	0.40480695	0.51711787	0.10372438	0.03694567	0.01328431	-0.02628411	0.17256778	0.08669674	-0.05017082	0.24332392	0.29731205	0.27368515	0.14202681	-0.04659317	0.15899637	0.13801516	0.13497102	0.16389069	0.25551037	0.09379981	0.18206627	0.22964205	0.20953755	0.09374916	0.22539757	0.04539467	0.16061033	0.10519467	-0.03360192	0.18188325	0.15062306	0.02171315	0.07301044	0.11039179	0.13512684	0.09524559	0.00779315	0.02271831	0.19604485	0.10502328	0.06154165	0.06910638	0.08957033	0.13105716	-0.05178526	0.00464086	0.11391646	0.03905965	0.04565308	0.03218359	0.24865041	0.12111276	-0.00130521	0.13909378	0.12367256	0.18975913	0.14470749	0.14107695	0.00266443	0.01436073	0.07575136	0.18909230	-0.00740285	0.05372445	0.02991902	0.06796501	0.03612350	0.05919273	0.01673926	0.19102748	0.21332771	0.20794318	0.14417287	0.03366497	0.16050455	0.13419525	0.14544141	-0.09787463	0.07242856	0.07990929	0.13178701	0.00180537	0.11234683	0.10250390	0.15044338	-0.02720615	-0.05241727	0.16413605	0.25200538	0.20629718	0.14038833	0.22253630	-0.00306684	-0.00111797	-0.00851571	0.06206902	-0.03601996	0.12789431	0.09250447	0.03720405	0.08994864	0.09894912	0.29753335	0.04543552	-0.01279452	0.07873163	-0.05834270	-0.02414621	0.07791974	0.13688173	0.02151947	-0.01837778	-0.00822346	0.20333476	0.05199747	-0.04288902	0.25374539	0.04730878	0.09874112	0.16113086	0.12516672	-0.00348508	0.02690444	-0.01575123	-0.07857612	-0.01248421	0.02990992	-0.06169678	-0.02432943	-0.08327187	0.07740510	-0.16708710	-0.01077249	0.06519013	-0.03481030	0.00119651	0.09291507	-0.09933826	0.01148164	0.17380015	0.12466670	0.19595835	0.15438927	0.09503724	0.30822978	0.27491885	0.20444004	0.28187872	0.24236999	0.11246918	0.17941386	0.18759706	0.23129253	0.28955333	0.10614194	0.16549450	0.03710942	0.08802251	0.16822961	0.14046521	0.04295767	0.09554651	0.06333324	-0.00393258	0.20413237	-0.13567672	-0.03702022	0.03891646	-0.04202168	0.04638215	-0.11431908	-0.08709343	-0.01224901	0.06818424	0.16782061	0.03430170	-0.02692770	0.03577025	0.01632167	-0.13043529	-0.10206274	-0.09844241	-0.00759620	-0.05057091	-0.08571964	-0.00667846	0.20516723	0.00423898	0.14232920	0.21190563	-0.10435257	0.05940597	0.01918093	0.17819232	0.12170688	0.16799454	0.02826554	0.12752341	0.11444234	-0.02665191	-0.00315945	0.14319305	0.01440395	0.03698332	-0.00498545	-0.06634198	-0.07369213	0.19563994	0.11441901	0.08091575	0.13570554	-0.00254788	0.00652763	0.15251473	0.04203085	0.07256542	0.02897845	0.09483494	0.01276960	0.12931309	0.19682122	0.15565212	0.05877919	-0.00559372	-0.03458132	-0.05374214	0.09593915	-0.03004808	0.00514823	0.17877193	0.30403840	0.05675658	-0.17651144	0.09035527	0.10381340	0.01850871	-0.03302527	0.07387408	0.12633923	-0.01445486	-0.02796538	0.00185382	-0.08659056	0.03484646	0.07841506	0.27405017	0.25239075	0.03567273	0.21599223	0.13174361	0.02723164	0.03956020	0.08966536	0.02125113	0.05937094	0.08215130	0.29702396	0.22123918	0.23642749	0.21555564	0.17121569	0.12544810	0.26059284	0.17578443	0.18050466	0.13525572	0.09602091	0.10046383	0.09574442	0.12290032	0.00492289	0.27630465	0.13207131	0.27200028	0.22678155	0.23558382	0.18853614	0.22472188	0.10793469
17Networks_LH_SalVentAttnA_ParMed_1	0.06672200	0.02697659	0.09393420	0.04156042	-0.03292991	0.04521064	0.03378305	0.21781068	0.06162038	0.11090968	0.03385411	0.14568464	0.21508078	0.25534645	0.00824201	0.05436547	0.23582470	-0.14900850	-0.05317481	0.22505781	-0.14668913	-0.01785891	-0.03436022	0.20689535	0.43513425	0.10621234	0.18906276	0.36928001	0.41576916	0.33839972	0.43356174	0.46307248	0.46832291	0.40350607	0.31505983	0.37927479	0.30190084	0.01919293	0.22529249	0.38687528	0.34811769	0.15441279	0.40460752	0.17446678	0.02870244	-0.04582815	0.11602894	0.16377932	-0.01943221	0.25220057	0.38137498	0.23178555	0.36162709	0.09688050	0.24420687	-0.02270156	0.17169081	0.39817713	0.14282001	0.05322472	0.23437658	0.00177965	0.08116307	0.35842758	0.16611825	0.11892745	0.34110583	0.30308005	0.37083761	0.45176705	0.43157588	0.30828650	0.25112505	0.26295429	0.28474498	0.45034321	0.50321596	0.37541454	0.13806118	0.10006280	-0.05880755	0.25507666	0.28721172	0.27467783	0.32150010	0.11718112	-0.09811644	0.22778207	0.31372431	-0.10245604	0.24901411	0.28559643	0.30572013	0.03928257	1.06766154	0.47017274	0.18327341	0.56511622	0.25269297	0.14170064	0.18746183	0.23843293	0.24005087	-0.03231097	-0.10170881	0.27164647	0.10157440	0.01464039	0.17363177	0.17670583	0.14418170	0.00746086	-0.12008492	0.16351599	0.22655719	0.08234651	-0.14132837	-0.00215841	0.07102165	0.03105449	0.29009666	0.26000715	0.13780658	0.27942941	0.38914653	0.18932042	0.05105145	0.09068718	0.09993341	0.27069344	-0.13017376	-0.08077908	0.41461136	0.01375052	0.06589408	0.07206346	0.10985381	0.28301282	-0.14912008	-0.06738067	-0.07777156	-0.00953262	-0.03966295	-0.00126972	0.17647319	0.06968287	0.17606915	0.04434925	-0.23260536	-0.09235955	-0.11211874	-0.20415398	-0.27486409	-0.16702803	-0.16713842	-0.05541755	0.06522463	0.24365589	-0.11462968	-0.04198580	-0.10835412	-0.03257149	-0.06101202	-0.11796055	0.02741168	-0.12234649	0.01527067	-0.07869240	-0.07589235	-0.14235175	-0.01683666	-0.12292228	0.00772956	-0.18008081	-0.07250972	-0.09375667	-0.09078149	-0.11981859	-0.18254040	0.05655017	-0.06533166	-0.06303502	0.03892939	-0.07421708	-0.13789098	-0.01940899	-0.06698979	0.21125201	0.04913921	-0.06329635	-0.10644594	0.00317153	-0.12720329	0.11704793	-0.03250192	0.06561048	-0.07506751	0.10780650	0.11444457	-0.14202458	0.17782873	-0.00322681	0.00395671	0.02543175	-0.11735740	0.08185268	0.01268728	0.18643582	0.11089860	0.29982042	0.03992695	0.05523810	0.17505676	0.08967209	0.07558834	0.06938692	0.08879041	-0.13249688	0.10741494	0.13418153	-0.17098663	0.22969518	-0.02601270	0.18459590	0.14776908	0.38551188	0.40528530	0.44117078	0.43879679	0.40248537	0.29004267	0.36260804	0.40744364	0.45018992	0.39628976	-0.10327243	0.12266126	0.03466973	0.00916669	0.16677404	0.14253268	0.25200490	-0.01039204	0.40437380	0.27739692	0.22248700	0.09994903	0.12796734	0.36684098	0.14970411	0.31737837	0.18834684	0.30707713	0.26451671	0.29389428	0.22243089	0.44188931	0.42682969	0.23103945	0.13866592	0.06130735	0.41934980	-0.03302290	0.08065186	0.20288806	0.31720893	0.25639594	0.27449847	0.26314385	0.32007452	0.15166249	0.17905340	0.27057325	0.06086024	0.19777198	0.38505942	0.34710795	0.27047377	0.18620189	-0.05361923	-0.19322865	0.27912985	0.40530252	0.44105840	0.32035080	0.24797428	0.25770065	0.07081834	0.14450286	0.34706491	0.17070095	0.19202084	0.19865482	0.22891412	0.09063892	0.35008317	0.00097664	0.46086143	0.22982279	0.35138106	0.36342249	0.27158410	-0.05759482	0.08258989	0.16369256	0.17377737	-0.01772607	0.21662698	0.05609968	0.06998110	-0.12715448	0.33831560	0.12247277	0.21434321	0.00940712	0.06944465	0.20810028	-0.18093744	0.19582452	0.18202101	0.28494650	0.09730856	0.08980895	-0.13582567	0.34850228	0.22947733	0.06891512	0.41489047	-0.00701851	0.08834539	-0.14875725	0.01239928	-0.00479373	-0.10348851	0.28203669	0.09453987	0.23143512	-0.12949198	-0.02320398	0.14956110	-0.02270404	0.21039973	-0.02746831	-0.07475049	0.02994307	-0.09284120	0.03483405	0.18685655	0.00764103	-0.01337904	0.00253593	0.04118631	-0.09823663	-0.01011122	0.10181868	-0.01958134	0.19901169	-0.01155750	-0.12810025	0.00203943	-0.04670988	-0.07334093	-0.04860494	-0.09627834	-0.01954150	0.07760657	-0.14161695	0.01338329	-0.01420090	-0.05518198	-0.07260272	-0.03207636	0.00456632	0.12074716	-0.03177199	0.13095885	0.00910237	-0.04516502	-0.04616585	-0.04547031	-0.02649609	-0.06792782	-0.04057456	0.05920074	0.04209583	0.14527091	-0.04947265	-0.06080376	0.02844134	0.13745173	0.01790763	0.05940674	0.12265741	0.18385766	-0.05029908	0.25430136	-0.15186927	0.21064256	-0.10606372	-0.10598537	-0.10851838	-0.01255958	0.13108575	0.09757850	0.15861145	-0.03604931	0.17311639	0.45311816	0.14331555	0.21683402	-0.01206738	0.14075061	0.40690554	0.27220733	0.30943558	0.24807652	0.08361311	-0.05422117	0.01876202	0.23014399	0.21347363	0.08549967	0.15645854	0.05172994	0.20817236	0.33829719	0.05130700	0.06739577	0.39973078	0.31998595	0.21961309	0.25242069	0.16437561	0.03275501	0.28002399	0.07243885	0.19910389	0.12018257	0.02899448	0.11569361	0.02978248	0.14029886	0.07792327	0.10198659	0.06480116	0.06863245	0.10990731	0.02670062	0.18901183	0.31446116	0.36136597	-0.08159370	0.18306723	0.27986818	0.10134708	0.12822951	0.08973440	0.08640533	0.12488270	-0.04936845	0.12119043	0.03544145	0.10303802	0.04288303
17Networks_LH_SalVentAttnA_ParMed_2	0.08703583	0.18324458	0.04684264	0.11313236	-0.05277084	-0.18877215	0.06734785	0.07175213	-0.08463999	0.08514611	0.14896746	0.14609382	0.20022634	0.35605296	0.14720044	0.22983251	0.32799336	0.06703540	0.34750290	0.33069126	0.25262752	0.16860635	0.18694149	0.31109612	0.31373780	0.10707206	0.03258681	0.30047023	0.20066867	0.45837889	0.17860945	0.17829503	0.29161545	0.18957263	0.23987925	0.37315283	0.21844896	0.09060741	0.23634173	0.28403993	0.25484711	0.26235086	0.38267825	0.13359567	0.05604545	-0.01792541	0.07712815	0.01676885	0.02084129	0.01708511	0.23112968	0.08144142	0.31352346	0.33548336	0.08267916	-0.13825312	-0.10013998	0.07949040	-0.09382183	-0.00997258	0.14172282	0.03152779	0.01625644	0.09752572	0.25913614	-0.00313782	0.39691915	0.42239088	0.38953046	0.34177168	0.55030176	0.34592733	0.34746460	0.10949304	0.27334683	0.21853088	0.31940496	0.35150055	0.32212177	0.37971978	0.13803264	0.18496117	0.33168267	0.41326537	0.15068385	0.25954442	-0.03946277	0.32980914	0.35733669	0.02592695	0.10034084	0.14010871	0.40759091	0.04645093	0.47017274	1.03699087	0.42109145	0.50938322	0.21842300	0.13454961	0.30733251	0.37004129	0.39363470	0.05410066	-0.19927234	0.23792853	0.17984342	0.06897473	0.16471644	0.15732450	0.11396240	-0.02099240	-0.17708595	0.11675943	0.21936455	0.01658164	-0.11888350	-0.00584325	0.15125236	0.05208277	0.32325558	0.25784689	0.29906103	0.34190084	0.21953079	0.40088072	0.09425492	0.15694011	0.19298467	0.18001111	-0.04195270	-0.06712271	0.32788869	-0.12369886	0.26152022	0.06892360	0.22559990	0.33558810	-0.17833669	-0.03277491	-0.13893573	0.08403363	-0.13237290	0.09594511	0.28408328	0.20665375	0.21969806	0.00149763	-0.30046735	0.11698882	-0.04100986	-0.20798552	-0.28695199	-0.16467303	-0.25628249	-0.03041226	0.09221730	0.21274585	-0.17105966	-0.02389459	-0.10413187	-0.01533703	-0.05571951	-0.10835017	0.03832253	-0.10987970	0.00281866	-0.02528888	-0.09931422	-0.20316616	0.08368726	-0.21285499	-0.18606961	-0.16562298	-0.14169891	-0.13816759	-0.02916909	-0.14582885	-0.19308230	0.08666966	-0.12575306	-0.04206552	-0.07632806	-0.04356904	-0.17281485	-0.07446396	-0.07207652	0.38147225	0.17748415	0.02125926	0.00837067	0.05733462	0.04780244	0.16460931	0.05225978	-0.03641092	-0.01266934	0.17418089	0.03648761	-0.15314290	0.12052860	0.03550955	0.11446339	-0.05197233	-0.11888393	0.01644142	-0.09705626	0.00509081	-0.08131143	0.04230081	0.14477039	0.09056376	0.16103406	0.10755158	0.29932594	0.20220916	0.19257006	0.27339213	0.17665824	0.23929507	0.25106338	0.32380134	0.25419078	0.06938342	0.02786901	0.30559499	0.19319548	0.30905685	0.12672255	0.19837809	0.19366898	0.23530903	0.13999563	0.16230143	0.45841535	0.07456301	0.30890782	0.13798748	0.13043172	0.23069888	0.15570194	0.23123164	-0.02698611	0.52920572	0.38518045	0.21351792	0.08095909	0.12442553	0.30484883	0.01078527	0.30026914	0.23171492	0.22054489	0.33995913	0.14643569	0.25077321	0.14845617	0.29108719	0.22116440	0.20967502	0.10762251	0.20000174	-0.10801720	0.13800878	0.27040845	0.24261096	0.35182660	0.27984173	0.42573186	0.45839206	0.36343816	0.36901862	0.40418668	-0.07787062	0.29767211	0.53805764	0.23057924	0.18151687	0.50722944	0.27344567	-0.04397630	0.47227868	0.49260397	0.45758664	0.31751660	0.36987253	0.34342306	0.13490845	0.14919226	0.31149297	0.28555811	0.18666741	0.08837209	0.32187103	0.02315414	0.42969533	0.13579116	0.60255520	0.36542153	0.55834810	0.40899849	0.25186184	-0.11719051	0.09792950	0.23481449	0.25653149	0.01512911	0.34554103	-0.12725795	-0.02355120	-0.16624257	0.28768244	0.16592196	0.26265913	-0.00099442	0.16739309	0.15193246	-0.11850846	0.20170061	0.06611991	0.11263964	0.03854939	0.05044774	0.02322781	0.37259334	0.33314911	0.23414185	0.31931574	-0.10361685	0.02001765	-0.13821220	0.05839023	-0.00518107	-0.23244160	0.28216751	0.00111963	0.20353715	-0.02379477	-0.00070633	0.27300908	0.19584802	0.30439325	-0.08700883	-0.13776162	-0.11363879	0.00236517	0.07566117	0.24148730	0.03533239	-0.08692078	0.10007067	0.14870590	-0.10401531	0.03796264	0.31857081	-0.14171190	0.17395268	-0.21105462	-0.17237509	-0.00783022	-0.17539194	-0.19955436	-0.17076690	-0.16471169	-0.00804606	0.08744784	-0.22113702	-0.06882325	-0.05782740	-0.04412002	-0.12950543	-0.03736724	-0.06208979	0.13787526	-0.14140230	-0.02121884	-0.07351849	-0.17061812	-0.17357487	-0.20353222	-0.04402206	-0.14898076	-0.17744702	-0.10781070	-0.01798942	0.24750087	0.07789290	0.04884620	0.20627324	0.23329586	0.10256874	-0.11039657	0.07030632	0.07084506	-0.22939202	0.17214329	-0.18158297	0.02309878	-0.16071419	-0.14948499	-0.09473074	0.09673851	0.09670429	-0.00387194	0.23249829	-0.13028780	0.07486453	0.19047596	-0.06117838	0.06628734	-0.10989398	-0.02061026	0.16822203	0.15337394	0.18532980	0.07373681	0.00610382	0.17163393	0.03294352	0.19104934	0.12365960	-0.03704124	-0.01185890	0.06029189	-0.01041290	0.12037745	0.03800024	0.09912285	0.09046093	0.26867688	0.15611414	0.21188702	0.09602498	0.01621724	0.09339701	-0.13166369	0.17777314	0.09454998	0.13736876	0.06281709	0.03429269	0.12877753	0.10277645	0.14727902	0.02263367	-0.06749126	-0.14321996	-0.07880088	0.18848250	0.26982802	0.10046024	-0.03023683	0.11190973	0.20641711	0.03586574	0.10598555	0.05528597	0.08425780	0.08708127	-0.06973311	0.04623725	-0.03354985	-0.05020463	-0.01857467
17Networks_LH_SalVentAttnA_ParMed_3	0.24887152	0.29753700	0.07124499	0.20780754	0.05309608	-0.14413784	0.16895404	0.09876609	-0.06264152	0.15425224	0.10738951	0.15018184	0.22930320	0.37901089	0.30092420	0.32453652	0.32684138	0.22629654	0.35597589	0.35511013	0.34913180	0.35443654	0.26450244	0.38709693	0.25459503	0.26279563	0.20451043	0.21377490	0.17467817	0.36624691	0.14111354	-0.08465471	0.18070657	0.06671681	0.15270369	0.26338531	0.07434789	0.29355575	0.37277683	0.12560100	0.26527556	0.44567610	0.27891054	0.18062988	0.12562694	0.03084909	0.09224811	0.14116492	0.14585017	0.02938116	0.14711629	0.07301907	0.18996608	0.21408211	0.10754634	-0.02238548	-0.00942993	0.02657531	-0.03559728	0.20447354	0.26711610	0.26459972	0.08392362	0.03613857	0.26896860	0.03387978	0.29866020	0.30566089	0.29689764	0.03853263	0.28972381	0.23553502	0.12290177	-0.03713429	0.01180985	-0.15017379	0.10620811	0.30784065	0.41711231	0.42335473	0.35266048	0.19228452	0.17919957	0.25884591	0.00682091	0.26778053	0.14789976	0.17925080	0.22196174	0.05515266	0.05285006	0.08765274	0.27635863	0.02801164	0.18327341	0.42109145	0.98398624	0.31330184	0.26356342	0.23159231	0.09679183	0.25545683	0.21632653	0.00532393	0.03164730	0.00988337	0.14002268	0.15815250	0.00050605	0.27402340	0.09281231	0.01811828	0.01628455	-0.02500163	0.05379634	-0.09865970	-0.17961932	-0.07126287	-0.00788316	0.01368740	0.14307868	0.24384260	0.11124159	0.22530459	-0.07815902	0.17323426	0.15844226	0.11455219	-0.02878896	0.03546723	0.09543400	-0.01173788	0.17775082	0.14465484	0.32632641	0.06327945	0.16075281	0.03620128	0.18749228	-0.00391707	0.01070477	0.14527920	0.09647113	0.04664773	0.26367688	0.27846778	0.12979658	-0.05597406	-0.00994052	0.18747319	0.24671931	-0.00142838	0.06423128	0.20070994	0.10915217	0.14783165	0.09508152	0.29159112	0.11126624	0.19559563	0.20915853	0.23352720	0.21247091	0.11824933	0.07302603	0.08307194	0.11865828	0.08845698	0.00658716	0.00716017	0.14689511	-0.02794357	0.07102793	0.03596703	0.18469098	0.19901326	0.17033659	0.18383090	0.08455706	0.18047517	0.11447156	0.10429544	0.15103946	0.18900794	0.09889651	0.12994089	0.19339257	0.37803518	0.36960703	0.30867536	0.23529174	0.18298500	0.22895614	0.14588630	0.18836141	0.10381330	0.20855132	0.11562832	0.17396282	0.04001953	0.21975609	0.13810572	0.19667122	0.13103101	-0.01961670	-0.01555530	0.07277210	-0.05546805	-0.09355234	0.03103723	0.14182942	0.17285491	0.26253978	0.13995259	0.38353120	0.22042905	0.27104766	0.40869686	0.33160048	0.32986939	0.40509978	0.30749430	0.35249745	0.07129884	0.12265311	0.32719605	0.08032288	0.12865140	0.06732993	0.08301183	0.22487503	0.23619003	0.06621959	-0.01926057	0.24452623	0.34255901	0.36489024	0.35720507	0.37907385	0.17628258	0.29573932	0.23922766	0.16685272	0.41269304	0.32218299	0.19659047	0.00074906	0.19294359	0.19902972	-0.00027402	0.28257608	0.14940601	0.27695868	0.26612665	0.10182856	0.09696355	-0.02065357	0.15697339	0.28861752	0.27078003	0.13426849	0.17790142	0.12975168	0.18484376	0.30797566	0.29399696	0.29999795	0.20550814	0.26872450	0.17372310	0.21550588	0.18937140	0.18292752	-0.08470055	0.01743885	0.18501038	-0.01029631	0.08221991	0.42330522	0.38789150	0.24397567	0.39449077	0.19775936	0.18379713	0.20045645	0.29340101	0.07819187	0.15019300	0.30936035	0.15532308	0.24234908	-0.00599164	0.16044047	0.24673970	-0.11037139	0.37998486	0.26677418	0.32925948	0.14245848	0.35999125	0.34296890	0.17553573	0.05473960	-0.10892100	0.03932048	0.06661982	0.04037235	0.29321711	0.02979853	-0.02027786	0.09428012	0.30723402	0.04805810	0.26627478	-0.03636314	0.06178795	0.13747587	-0.03162052	-0.06482464	0.00479792	0.07186907	0.02360324	-0.02884596	0.13332480	0.28991630	0.05294272	0.06787050	0.01763583	0.07813713	0.02430052	-0.03831246	0.02405056	-0.00295827	-0.07483278	0.25898854	-0.00482371	0.16788329	-0.00122172	-0.12367659	-0.02847613	0.07479974	0.25074437	-0.07094963	-0.06499102	0.09160077	0.13764038	0.08948289	0.06421967	0.16748663	-0.10998434	0.14293796	0.07056809	0.13913410	0.14066059	0.20146195	0.09911002	0.16652307	-0.04687029	-0.03549780	0.00825133	0.19619600	0.10794738	0.16680455	0.11040682	0.01411012	0.17724489	0.02145861	0.16565409	0.15778720	0.12293894	0.16064799	0.06200557	0.13978552	0.22202183	0.00811787	0.01315829	0.14527501	0.04427430	-0.03705552	0.05934609	0.02010666	0.13917677	0.04485398	-0.06598698	0.07210679	0.16017508	0.23397421	0.23573715	0.28118070	0.22271330	0.20077384	0.10217106	0.14210067	0.13358296	-0.00484422	0.00493828	0.07781701	0.14568820	0.01781120	-0.10123360	-0.14790517	0.13371757	-0.01387675	-0.07490054	0.17975364	-0.30086791	0.11129852	0.05994798	0.11372258	0.01780642	-0.05890684	-0.03757961	0.08993683	0.10023203	0.09249250	0.10766251	-0.05307085	0.15207910	-0.09342947	0.11947912	0.09956509	-0.18822108	-0.04108460	0.01526934	0.05506592	-0.03676520	0.08510542	0.01036613	-0.00289843	0.16415361	0.07410411	0.13104334	0.25612692	0.12282964	0.13609556	0.02011095	0.14230059	0.29039933	0.18154169	0.08456316	0.20902220	0.27352608	0.30200918	0.33305235	0.26062940	0.17286364	0.00213814	0.21517831	0.28290456	0.20956836	0.09381732	0.10802552	0.04950944	0.28165635	0.11608786	0.14419332	0.21225778	0.22498054	0.27288073	0.15064110	0.24746244	0.13503718	0.12151402	0.17596368
17Networks_LH_SalVentAttnA_FrMed_1	0.10159774	0.16139913	0.06200195	0.10951938	-0.00023443	-0.07933831	0.09323049	0.23258848	-0.00193570	0.14306282	0.09522626	0.21941106	0.31963915	0.35718808	0.13574318	0.16205393	0.36937514	-0.05328639	0.10872717	0.31489937	0.00974168	0.08112858	0.05641574	0.31314478	0.58997461	0.18328738	0.24899260	0.47496404	0.40383044	0.47614039	0.46962259	0.43267662	0.51858818	0.39854023	0.37984348	0.40600978	0.34290089	0.12338795	0.38519766	0.43364008	0.37153932	0.34787602	0.44917843	0.11268282	0.06915474	0.05650200	0.15642251	0.19115919	-0.12397417	0.15094594	0.38905393	0.22424941	0.35350867	0.17328997	0.30670937	0.00085753	0.15722240	0.33691216	0.13113907	0.07414714	0.27341227	0.01761948	0.13087863	0.25042669	0.21554721	0.09316262	0.42518578	0.34620180	0.43495412	0.43514126	0.46368728	0.40026816	0.18674180	0.23701446	0.22533316	0.39032303	0.51481493	0.49040612	0.27780546	0.31998968	0.12815543	0.23586961	0.33311909	0.35064997	0.34257138	0.15643585	-0.06671072	0.21262249	0.29086572	-0.06564874	0.21865002	0.34150784	0.46541666	0.05251122	0.56511622	0.50938322	0.31330184	1.04362386	0.29315602	0.25051252	0.14628934	0.29269464	0.24353834	-0.05252770	-0.16645267	0.29295960	0.06137580	0.04143815	0.08799191	0.12080585	0.05237225	-0.00491489	-0.18393933	0.07779683	0.13840950	-0.05513737	-0.14492265	0.04566310	-0.01628295	-0.13730112	0.27641083	0.35692714	0.10842648	0.26424923	0.29470126	0.25722284	0.05021239	0.03584733	0.08291621	0.22915385	-0.07765220	-0.09643224	0.37100391	0.02631904	0.14552623	0.06369248	0.07731905	0.26694862	-0.13359989	-0.07305332	-0.13213895	0.01859380	-0.01885532	0.04517305	0.22113673	0.12406095	0.11049822	0.00088788	-0.25158553	-0.06723181	-0.13835906	-0.16637585	-0.33317014	-0.15850847	-0.16254032	-0.13273004	-0.04515391	0.32275935	-0.11333559	-0.14380983	-0.08524085	-0.10416274	-0.05305985	-0.12525051	0.04425489	-0.17664299	-0.00567450	-0.07266719	-0.09107564	-0.14324059	-0.11582112	-0.16905674	0.02445496	-0.09232362	0.00343141	-0.02209219	-0.05296603	-0.01396557	-0.14005765	0.13302453	-0.07138558	-0.05646840	0.00460096	-0.17341637	-0.11042772	-0.02005919	-0.02653413	0.21757774	0.08905953	-0.11406330	-0.09008430	0.02014619	-0.02112520	0.14142666	0.01799852	0.01629348	-0.15712850	0.00234158	0.04582562	-0.20388624	0.27338641	0.00345868	0.11521867	0.01299948	-0.04583663	0.11359378	0.00673103	0.15610893	-0.01170343	0.31433043	-0.04999412	0.09675342	0.26332102	0.05000791	0.20488586	0.15497359	0.18201018	0.05590242	0.18096920	0.22333091	0.02353671	0.32692620	0.13878066	0.21491916	0.20516730	0.51271637	0.39441451	0.58758944	0.36315372	0.42544124	0.36787586	0.46938561	0.38947866	0.46233358	0.55993655	0.15001939	0.27415746	0.27563501	0.12227188	0.37597486	0.31399422	0.44649560	0.16146476	0.41424031	0.31218447	0.35681007	0.08134864	0.27978348	0.35045948	0.18922450	0.43413445	0.24060702	0.37636849	0.37939965	0.31736800	0.21206669	0.45286964	0.47078587	0.32614260	0.19768445	0.14791185	0.44453181	0.01550989	0.16204058	0.26551326	0.34289743	0.39627205	0.31770471	0.42236517	0.45014818	0.34187534	0.38131685	0.28878018	0.06832102	0.20222051	0.46193361	0.39149308	0.36479744	0.43427067	0.15843440	-0.03304691	0.46803130	0.52484759	0.55174222	0.38580503	0.34027394	0.27381612	0.08745805	0.08299837	0.26751269	0.16882448	0.21607435	0.21518160	0.35944983	0.02545430	0.59743242	0.27774653	0.53996113	0.32153488	0.53473289	0.47476233	0.43519166	0.05781254	-0.00515446	0.15458424	0.13198008	0.01163607	0.29216060	0.01196405	0.03759882	-0.13050019	0.35933741	0.10735924	0.18939062	-0.10347000	0.04420693	0.08441624	-0.19059730	0.07639487	0.05989828	0.13212960	0.04415245	-0.02021559	-0.08297452	0.44001475	0.20965884	0.06911726	0.40775013	-0.05234956	0.03610966	-0.16064002	-0.03505865	0.02868590	-0.08362886	0.28431197	0.06680462	0.22555920	-0.15471358	-0.09982553	0.13126695	-0.00125495	0.22682638	-0.01723712	-0.12431808	-0.00237184	-0.06602604	0.04003479	0.15609483	-0.00510275	-0.07934497	-0.03552925	0.06333510	-0.01840700	-0.07886754	0.21180123	-0.02540931	0.12209173	-0.04114658	-0.14264931	-0.03029692	0.01370299	-0.04366316	-0.03678280	-0.04760137	-0.08468794	0.08733115	-0.17800373	-0.01315819	0.03553750	-0.07944175	-0.03999850	0.03324717	-0.05818604	0.09125366	-0.13241644	-0.01851802	0.09366342	0.03404458	-0.00113468	-0.03337059	0.01274419	-0.05592033	-0.07420449	0.06411779	-0.01470216	0.10966453	-0.04195092	-0.08801550	0.09672375	0.08585332	0.12721693	0.01684645	0.13897936	0.16647505	-0.10697631	0.13697855	-0.25201808	0.14641268	-0.08182406	-0.10999495	-0.10543338	-0.11458675	-0.03968244	-0.02763233	0.22738063	-0.06229316	0.18247524	0.35001164	0.03757708	0.09187126	0.03961056	0.14236241	0.34922484	0.25755002	0.30147302	0.15307341	0.02172328	-0.00311579	-0.02517084	0.14355707	0.06852189	0.03759371	0.08698397	0.16197424	0.10539008	0.19736014	0.05994594	0.14958849	0.25730975	0.34688989	0.21288147	0.25793799	0.17222538	0.11474142	0.34420671	0.08829190	0.14378202	0.23883996	0.21556585	0.04454233	0.07617716	0.18275680	0.10064503	0.15493249	0.12316674	0.06014246	-0.01155431	0.01209357	0.23443510	0.32831554	0.32878986	0.03872471	0.22876068	0.32956276	0.11168700	0.18486577	0.05955110	0.05640978	0.09080716	-0.03846558	0.05114154	0.00022076	0.01698601	-0.01631049
17Networks_LH_SalVentAttnA_FrMed_2	0.25519906	0.22924555	0.35331506	0.32892335	-0.06935402	-0.01059371	0.22667463	0.21122929	0.19888971	0.23993513	0.10037555	0.13719367	0.16876603	0.30924713	0.32273738	-0.06869776	0.10108555	0.09679522	0.01114465	0.18585718	0.06219243	0.14628284	-0.00433535	0.16010050	0.28666052	0.07288701	0.21485401	0.15908382	0.18395610	0.25124720	0.23170813	0.30394555	0.17339702	0.27559369	0.23927353	0.36808014	-0.00233981	0.27026456	0.35274545	0.27120254	0.12670044	0.27724910	0.10718734	0.36471993	0.18220228	0.07993097	0.16326389	0.05333427	0.26744346	0.18553750	0.13190606	0.17833737	0.04364895	0.01722682	0.14429994	-0.06839417	0.20353688	0.12298673	0.26850048	0.29999266	0.23824800	0.22206787	0.17029688	0.10572206	0.28278003	0.19333453	0.18240955	0.27067482	0.29922659	0.10301538	0.19608631	0.14546611	0.04809884	0.15577819	0.05092318	0.09717827	0.09390099	0.15589256	0.12147675	0.11004555	0.12604024	0.42084551	0.35722744	0.15302542	0.30770840	0.07575932	0.33496577	0.02059192	0.08189386	-0.08288534	0.31162084	0.21650478	0.24273533	0.34608426	0.25269297	0.21842300	0.26356342	0.29315602	0.99975368	0.37948713	0.01501061	0.35340435	0.10429776	0.14060177	0.30887099	0.13556970	0.12322261	0.46763344	-0.03413648	0.35905907	0.07783167	0.05626373	0.38347911	-0.02700601	-0.09468119	-0.10926121	-0.21564347	0.07286173	-0.03987035	0.02242981	0.03916658	0.36559806	0.02977277	0.25669604	0.18147753	0.10504805	0.38053124	0.34921749	0.09082308	0.26495330	0.45477331	0.27288125	0.20699469	0.35303029	0.28283916	0.37488712	0.27052529	0.11826715	0.17110774	0.38522318	0.40628701	0.36225970	0.52861970	0.15896385	0.35104149	0.23573965	0.07489486	0.10670560	0.29896263	0.26026982	0.16310422	0.25563875	0.23833947	0.20781769	0.20109470	0.08568831	0.10725374	0.29117146	0.30619144	0.23106620	0.31162352	0.09369358	0.26337024	0.27949782	0.31210863	0.24244899	0.17389509	0.15340271	0.17864943	0.26262954	0.29131236	0.36248970	0.28353283	0.31729171	0.40056893	0.32347002	0.36729604	0.35239781	0.20067665	0.49935771	0.26989686	0.42913886	0.33835463	0.11442312	0.42630463	0.43796984	0.42259760	0.22815556	0.15787303	0.11965292	0.09491539	0.12927343	0.29958983	0.03209952	0.37475331	0.41877435	0.31165097	0.16669894	0.13065446	0.25170379	0.37271266	0.25426450	0.29066286	0.36270881	0.19625904	0.14699430	0.36258953	0.19092323	0.17900814	0.33381189	0.14265929	0.26907539	0.31194168	0.03439701	0.26629411	0.22540218	0.09216426	0.11711528	0.18042204	0.11658357	0.10539780	0.13718358	0.11108597	0.19559868	0.07471258	0.26281205	0.14178580	0.20929432	0.28230714	0.12011264	0.20421849	0.18561681	0.17188574	0.27034668	0.14584647	0.15854492	0.17640527	0.11107230	0.18171678	0.16156984	0.31508931	0.24212750	0.18834963	0.24485011	0.13623034	0.13437563	0.15279112	0.21815100	0.06545342	-0.02845785	0.21884486	0.07746294	0.06102875	0.06291653	0.14808542	0.12687848	0.18141049	0.25012019	0.26172695	0.30701299	0.27068244	0.31778446	0.22722515	0.16154381	0.22085289	0.30929691	0.12604581	0.20204680	0.18573963	0.09206639	-0.02472852	-0.05340347	0.06429227	0.15078331	0.00046452	0.06814655	0.06335507	0.00230739	0.11863584	0.04644495	0.09267177	0.23019375	0.21753885	0.24409652	0.03002950	0.04101307	-0.02445667	0.31625818	0.22471245	0.01688989	0.04927009	-0.05718041	-0.02786309	0.11523041	-0.02290325	0.12765555	0.02512157	0.07035227	0.22393811	0.06867031	0.11527722	0.42319031	0.18481284	0.00671506	0.04400977	0.17906019	0.18972517	0.26071001	0.25355891	0.07235037	0.30283015	0.43952605	0.04984502	0.12912685	0.01418410	0.00825504	0.04644606	0.07074899	0.04994425	0.01143998	0.02142996	0.08506831	-0.13285535	0.01694172	0.19667511	-0.05598681	0.03981316	0.13447714	0.36268640	0.36641513	0.34468720	0.21081475	0.13125083	0.32215137	0.17926004	0.23048775	0.41990068	0.24935524	0.20311511	-0.04619454	-0.05197218	0.23364845	0.22200412	0.25746056	0.37150552	0.18433518	0.23902021	0.17036208	0.30630413	0.28324055	-0.00729006	0.13389437	0.34800074	0.18608331	0.13237099	0.08430275	0.09342133	0.29275426	0.30291402	0.22948690	0.34963520	0.25582874	0.24160341	0.29970342	0.09393050	0.18313487	0.05310482	0.22525188	0.19248346	0.17386199	0.29249709	0.40654663	0.16337161	0.38411434	0.35112510	0.22571797	0.27676135	0.21816246	0.39973204	0.26076191	0.26404769	0.23912032	0.36601727	0.22467334	0.14919066	0.11096389	0.10447475	0.03450999	0.16897158	0.12052831	0.13854210	0.17698663	0.16225327	0.31736596	0.25208965	0.25826561	0.18789760	0.28112117	0.33136168	0.12354851	-0.08923624	0.01022991	0.03102990	-0.11302223	0.28464553	0.01703312	0.34807005	0.18561140	0.13393562	0.11022680	-0.04362483	0.11167243	0.22652224	0.06130817	0.39074446	0.39402911	-0.02640337	-0.02511216	-0.02937990	0.22415651	0.05363620	0.00922207	0.31312996	0.29549918	0.15090683	0.06157707	0.06197609	0.12549752	0.25838815	0.14927572	0.38359446	0.42125054	0.29747773	0.24247600	0.22721671	0.16902573	0.13470216	0.21629233	0.14898874	0.12040931	0.21123018	0.42938346	0.30463149	0.31838877	0.33744027	0.37532009	0.28535482	0.34463202	0.23065509	0.31792280	0.24383642	0.12973644	0.14861807	0.28710272	0.10909224	0.19830762	0.25716666	0.37886242	0.40533625	0.32105049	0.34524183	0.37239035	0.28545949	0.29766209
17Networks_LH_SalVentAttnA_FrMed_3	0.55961596	0.49490961	0.44159374	0.57716629	0.14980413	-0.04964653	0.43671290	0.28797468	0.18297523	0.20168449	0.29771442	0.28137928	0.40321762	0.56448005	0.53217298	0.08413767	0.22290096	0.33048205	0.15606794	0.29859724	0.22581698	0.15528444	0.24646603	0.18149642	0.16228773	0.20027377	0.27268345	0.40197369	0.30258729	0.26665007	0.22509218	0.24732379	0.42510311	0.42086609	0.44310562	0.61024505	0.20120187	0.42737024	0.62099676	0.54791557	0.33840681	0.32271404	0.44549610	0.31217800	0.10669758	0.03447545	-0.04322405	0.00023809	-0.03095044	0.04327126	0.23421932	0.41394148	0.08369369	-0.04525609	0.05960430	-0.14568183	0.12275061	0.17912430	0.29875905	0.47570008	0.39609811	0.43957478	0.32092409	0.05873736	0.35137765	0.16242677	0.36446670	0.33523339	0.33346241	0.24329539	0.37695514	0.48015150	-0.07659185	0.20906289	0.05063259	0.28053537	0.41636989	0.34575027	0.38395265	0.32400710	0.46893990	0.37714190	0.33610629	0.26424884	0.26164185	0.07880747	0.32013201	-0.06636503	-0.19329301	-0.27957876	-0.03455625	0.02431759	0.14984653	0.28465052	0.14170064	0.13454961	0.23159231	0.25051252	0.37948713	1.06172360	-0.12446085	0.36920525	0.02223876	-0.04214993	0.18641751	0.05930413	0.09178333	0.32203010	-0.07409384	0.32838122	-0.01267180	0.02279343	0.18377752	-0.06337711	-0.00793236	-0.27699343	-0.14890412	0.00052910	-0.19585164	0.08840975	0.14664028	0.35262208	-0.00053097	0.30482218	0.25643834	0.13778728	0.44374015	0.17047438	-0.06205006	0.13446804	0.24286900	0.13670179	-0.02074637	0.32294772	0.26685662	0.34113989	0.23287671	0.21066992	0.37604620	0.20261249	0.27649235	0.32982969	0.37487890	-0.05715465	0.18123391	0.22700336	-0.08231701	-0.05539237	0.31288301	0.18852231	0.13580365	0.22693579	0.17260552	0.28551880	0.28128777	0.12288086	-0.00094170	0.28973757	0.36473723	0.12853618	0.31723877	0.13945854	0.29262339	0.13790274	0.28021529	0.05896419	0.12560644	0.06705686	0.00805428	0.22742758	0.16030817	0.31690700	0.35752444	0.34773566	0.44101058	0.39508128	0.38260912	0.41876970	0.27546031	0.67028277	0.23826529	0.48654182	0.34969523	0.12822764	0.27862665	0.42831299	0.47599853	0.15229832	0.28133003	0.19089623	0.07004914	0.08419362	0.16809119	0.00488340	0.43435202	0.35463924	0.20656192	-0.02631407	0.12977473	0.08814169	0.55574515	0.39708643	0.46060720	0.55512072	0.28641283	0.32708086	0.48462825	0.20290216	0.10393872	0.38193504	0.14933831	0.38711416	0.40274150	0.01899496	0.50533147	0.43950286	0.10528018	0.31029305	0.29306055	0.24909489	0.23084989	0.13927026	0.16601179	0.42006233	0.16475440	0.18588749	0.45231904	0.13896697	0.43205193	0.34814560	0.43744525	0.39514447	0.35404847	0.22858936	0.45944466	0.39227373	0.19428405	0.14581903	0.32887048	0.56770319	0.51669443	0.47189627	0.27668580	0.13566750	0.13644829	0.12625812	-0.00209320	0.12988476	0.07760441	-0.02982050	0.16926477	0.13954569	0.15718654	0.08309194	0.25091725	0.10789424	0.21772048	0.28200827	0.38476441	0.57401194	0.43972209	0.40176751	0.27804658	0.25656581	0.36298158	0.36230962	0.21087759	0.34403965	0.35819306	0.29996130	0.32753523	0.27154393	0.18835992	0.16364257	0.17082294	0.32880956	0.29560545	0.25942807	0.24543779	0.33064043	0.29932739	0.19428119	0.34324467	0.30461568	0.00842892	0.07094526	0.00602786	0.14155861	0.07398369	-0.15549397	0.00240391	-0.20475900	0.08626622	0.02345682	-0.21416951	0.12771528	0.14994788	0.05390882	0.03401185	0.06874963	0.19563921	0.51865171	0.32923371	-0.13069787	-0.02984150	0.09222360	0.01922148	0.30903025	0.09060954	-0.06741454	0.09735790	0.23051011	0.02000554	0.16817284	-0.11647755	0.06333260	0.07974616	0.04135468	-0.00075556	-0.03334051	0.17465037	0.08034350	-0.16312783	0.13583015	0.29235628	0.03026194	0.05809099	0.35186284	0.32072907	0.15225228	0.11416451	0.18988483	-0.05633108	0.23457450	0.12107677	0.22139593	0.27280512	0.20892772	0.04845683	-0.15737915	-0.02338418	0.14867137	0.08225760	0.12422953	0.37267021	0.15622891	0.36961491	0.12420351	0.22886096	0.04858130	-0.14393391	-0.06381784	0.25684940	0.04948891	0.11829555	0.14100336	0.05928023	0.17913193	0.19543513	0.11913631	0.39849096	0.39700889	0.31820942	0.29576542	-0.11339425	0.18404441	0.04275938	0.23988396	0.14676280	0.07391187	0.31435072	0.43386933	0.16939587	0.24468817	0.13058274	0.22470376	0.39861677	0.15468843	0.34177099	0.36849151	0.32258488	0.27706816	0.23988313	0.06443022	-0.00842579	-0.09255477	0.26525965	0.03812001	0.09705197	0.10671228	0.09470606	0.06740448	0.18200969	0.36101645	0.12672228	0.01194872	-0.02555630	-0.08468732	0.28795362	0.03999967	-0.08225892	0.04260428	0.04800441	0.00641762	0.19961858	-0.05102845	0.17661599	0.10741775	0.14838239	0.15298688	0.02988322	0.00378545	0.05476304	-0.05686035	0.31912760	0.31300708	-0.07675313	-0.01537470	-0.10300648	0.07446446	0.12063133	-0.03213008	0.12646827	0.12024991	0.26207746	-0.02642591	0.18615042	0.13687403	0.09188659	0.15521186	0.32563818	0.27566866	0.55970121	0.42796452	0.41613583	0.21942799	0.17675594	0.50343970	0.35499159	0.27213475	0.40196354	0.49798187	0.53004413	0.55726714	0.51116714	0.52923583	0.31963397	0.44287830	0.45461443	0.51560216	0.44620160	0.25139632	0.29773017	0.48314142	0.25830551	0.35564354	0.43205464	0.41374376	0.62647621	0.43529310	0.52316581	0.42283763	0.44504093	0.34852856
17Networks_LH_SalVentAttnB_PFCl_1	-0.00414758	0.04743911	-0.03385537	0.01433363	0.01723628	-0.16900856	-0.06739364	-0.06490772	-0.20065297	-0.08560649	0.00966292	-0.00032041	-0.04912279	0.14190274	-0.00650009	0.04880782	0.19622460	-0.03148231	0.26411664	0.13588434	0.12189058	0.11881111	0.09579684	0.11910777	0.01675407	0.08606837	-0.01841538	0.17452118	-0.00177902	0.18440448	0.00753990	0.09868615	0.05180638	0.08587224	0.07873407	0.06407252	-0.06583950	-0.11338548	-0.06359275	0.13021558	-0.09271247	0.00181754	-0.00442450	0.01973487	0.02348836	-0.00130049	0.07746616	0.02567529	0.07325495	0.05177730	0.10694851	0.00921666	0.10936653	0.28802175	0.05823956	0.06807422	0.03215909	0.02680284	-0.10474076	-0.03728321	-0.07191385	-0.09992026	-0.06244461	-0.01308699	-0.01697830	-0.04953875	0.16420368	0.14882108	0.09443328	0.07799011	0.24413563	0.10837885	0.35682540	0.07369687	0.22563291	0.13903585	0.07986040	0.00160551	0.06423004	0.06064467	-0.03592043	-0.07536115	0.15349078	0.04377136	0.02166364	-0.01406566	-0.19199204	0.30012050	0.32226668	0.00020176	0.17044871	0.08371792	0.05669406	-0.02702523	0.18746183	0.30733251	0.09679183	0.14628934	0.01501061	-0.12446085	0.83504819	0.30088563	0.44730938	0.08125225	-0.03364274	0.17450733	0.35489488	0.10732303	0.17738960	-0.00461111	0.02938086	-0.06132249	-0.21112892	-0.05718936	0.04785289	0.00585497	-0.03034483	-0.10603441	0.13768486	-0.00671781	0.06859209	0.02261354	0.40776033	0.19941511	0.14869515	0.30157876	0.12684486	0.11078710	0.45291872	0.26295740	-0.12155118	0.15889200	0.25063225	-0.07602409	0.13745679	0.13812656	0.24071836	0.22805468	-0.18640117	0.05802246	0.00660739	0.26451181	-0.30815254	0.21726230	0.21957987	0.07966060	0.23100564	0.14787802	-0.18933996	0.12851716	-0.00199974	-0.14065286	-0.17173297	-0.19976125	-0.31148043	-0.04732282	0.14822923	-0.04396620	-0.32009480	-0.13390058	-0.15980445	-0.07089802	-0.16242477	-0.11634069	0.20764511	0.05899653	-0.12359543	-0.10666076	-0.06069548	-0.29241752	-0.05482707	-0.27880541	-0.26341962	-0.24257013	-0.28622953	-0.26459737	-0.13272674	-0.18953704	-0.06476980	-0.07235946	-0.26509729	-0.27119051	-0.26159826	0.04853114	-0.37609613	-0.29088352	-0.32952512	0.09000927	0.07278510	-0.07081760	-0.06501503	0.14924463	-0.08641999	0.04737739	-0.02918994	-0.12578449	-0.14196727	0.04387850	-0.09003992	-0.22606373	-0.06282814	0.04730151	-0.01893880	-0.14746839	-0.12394218	-0.08947948	-0.17247042	-0.04962299	-0.06703285	-0.07731595	0.13336494	-0.04830157	-0.00447435	0.07189760	0.04000859	0.04847597	0.11380769	0.12765931	-0.03591268	0.11746446	0.13521469	0.29047303	0.10332427	-0.05680130	0.05014207	0.14203388	0.00988627	0.04678842	-0.02315046	-0.02231663	-0.09859108	-0.03641340	-0.05652537	0.00622481	0.03550109	-0.10770461	-0.05154317	-0.10254154	-0.16147395	-0.06691113	-0.07248083	-0.06639852	-0.03049925	0.24270218	0.22253198	0.03858886	0.02783767	-0.06148967	0.19665414	0.07208378	0.08358673	0.03238979	-0.07134599	0.09393084	-0.02554580	0.23313454	0.07604199	0.02653632	0.07129206	-0.07468128	-0.11836878	-0.02703092	-0.18726207	-0.11448264	0.03804995	-0.01696864	0.11950226	-0.00636699	0.05409756	0.13593107	0.01792121	0.05703447	0.03376005	0.02044557	0.17008847	0.14188234	-0.03347194	-0.05603284	0.05437759	-0.08376256	-0.12400099	0.11764284	0.08279840	0.22792854	0.10889121	0.11723917	0.28456513	0.20204712	-0.04387803	0.19526913	0.06138991	0.14003134	0.02929985	0.08147459	0.16284593	0.07726025	0.04386402	0.20678140	0.32840192	0.23799600	0.06532205	0.08802453	-0.14470873	0.23082713	0.30408181	0.40688459	0.16517133	0.24223321	0.06943854	0.23401936	0.02291977	0.19820798	0.15379697	0.09529672	0.01176295	0.08690778	0.03405574	-0.15813755	0.02806095	-0.10415594	0.11451770	-0.09151008	0.12148708	-0.08677659	0.04404690	0.40041015	0.21666430	0.11848987	-0.05459312	0.10873627	-0.01614376	0.14763923	0.04155778	-0.20059379	0.15614788	0.04341434	0.05573217	0.00923285	0.19009713	0.40935291	0.25145218	0.38755861	0.20150997	0.09664164	-0.00493988	0.02888585	0.03197569	0.29166507	0.16661545	0.14803717	0.16433882	0.32917802	-0.16482146	0.08537090	0.05149539	-0.12752719	0.28338406	-0.07579951	0.02290763	0.15286511	-0.21849156	-0.21221721	-0.25756445	-0.26239179	0.24603751	0.14692276	-0.04018825	0.02714396	-0.08053302	0.08195417	-0.20398328	-0.08826624	0.08300928	-0.03468398	-0.15070621	-0.04222253	-0.03692108	-0.01441862	-0.07106962	-0.13914595	0.08584240	-0.12131502	-0.14843744	-0.07157333	-0.04915262	0.12859945	-0.03582756	-0.08807427	0.10306901	0.02332378	-0.01727322	-0.20703722	0.04668355	-0.12518135	-0.19507898	0.11475420	-0.10279522	0.01047515	-0.13016398	0.01330072	-0.14568189	0.01489827	-0.01716998	0.05866624	0.02162076	-0.01670246	-0.04307480	0.11185396	0.09370884	0.14592823	-0.16479696	-0.06543241	0.10248220	0.04755734	0.08625707	-0.04258063	-0.02313236	0.06138788	0.00538499	0.09402032	-0.02742295	-0.10581009	-0.09189641	-0.05079097	-0.00963762	0.14943802	-0.14705031	-0.02943324	0.05800296	0.04178600	0.04221611	0.09911125	-0.06992161	-0.01647494	-0.05589431	-0.22473498	0.04623660	-0.09072700	0.00961424	-0.15059640	-0.07048656	0.00641941	-0.03900556	0.04861012	-0.13984843	-0.16725965	-0.19892085	-0.11932282	-0.04719001	-0.04498617	-0.07145973	-0.12877302	-0.05863241	-0.00369022	-0.02591064	0.01986392	-0.10254423	0.06881856	-0.15484912	-0.15891126	-0.16800922	-0.20673049	-0.21416559	-0.17897067
17Networks_LH_SalVentAttnB_PFCl_2	0.20436887	0.33139803	0.12425307	0.29829293	0.05921207	-0.12213885	0.14781186	0.18304408	0.03351560	0.10501525	0.19981051	0.15145277	0.29539328	0.41692195	0.28992595	0.16022253	0.39504170	0.18073637	0.36782772	0.31811500	0.27784588	0.28778343	0.22153600	0.26143182	0.15535793	0.17282251	0.13233703	0.32664483	0.16990436	0.30264076	0.19605975	0.26773373	0.31127769	0.35050060	0.37683463	0.43165717	0.12625824	0.12619248	0.21607546	0.41953423	0.09635539	0.16436889	0.17232211	0.20947798	0.05696377	0.06274972	-0.01288067	0.06844597	0.23105423	0.08827805	0.19181167	0.11308140	0.10699651	0.12119987	0.07973529	-0.14168976	0.15736070	0.13894767	0.07718803	0.24773636	0.30535281	0.18201628	0.11454447	0.12837808	0.28448898	0.11620246	0.30686343	0.33069232	0.37412475	0.23639884	0.35067308	0.34597594	0.12277446	0.04954421	0.17608851	0.24654292	0.28835258	0.30087853	0.20761432	0.19479012	0.11076380	0.25212110	0.36361833	0.25142740	0.23769548	0.08095364	0.23578381	0.19046551	0.14069944	-0.10301678	0.13291482	0.06941668	0.13022533	0.07497868	0.23843293	0.37004129	0.25545683	0.29269464	0.35340435	0.36920525	0.30088563	1.02747439	0.38332291	-0.04305823	0.07555619	0.24703263	0.33855431	0.42395327	0.02939950	0.18642858	-0.07966483	-0.04654442	0.04945567	0.00317122	-0.00195478	-0.10094546	-0.07819150	0.05080616	0.02664685	0.11493160	0.15513114	0.28698564	0.18473544	0.29392591	0.28268299	0.23960311	0.26707146	0.05886657	0.20612879	0.22689543	0.05863955	0.22009175	0.22597858	-0.04383440	0.26874350	0.25859361	0.26925237	0.28218296	0.10672051	0.03636266	0.15017201	0.50814718	0.15631633	0.20018228	0.31418354	0.33226209	0.20916055	0.11126834	0.05746454	0.18887187	0.24218976	0.13750309	0.00556424	0.08160255	0.00534257	0.15662652	0.09380859	0.22277011	0.05752955	0.06694173	0.12611783	0.08312178	0.14399886	0.15078965	0.24090550	0.08917325	0.02465368	0.02120250	-0.00986923	0.00014478	0.13002626	0.02025777	0.09357650	0.11771734	0.09505944	0.15238132	0.42053463	0.17517719	0.05481271	0.34937523	0.13015723	0.17021189	0.10160675	0.02219370	0.00464617	0.17332239	0.09513019	0.18343284	0.26631367	0.10297974	0.01319235	0.13880416	0.11981285	0.04839204	0.18473501	0.09577517	0.12255165	0.11248358	0.10481491	0.01899718	0.36559399	0.25773485	0.28456059	0.09011085	0.04938459	0.08493401	0.15038179	0.12329581	0.07779402	0.18847613	0.26204982	0.20410150	0.27689884	0.01306200	0.32700883	0.29926594	0.16899559	0.31124993	0.20000905	0.32531242	0.30789189	0.27456998	0.24215527	0.17814515	0.07079515	0.21450265	0.30560368	0.12790347	0.20457057	0.21977654	0.17505084	0.20703728	0.18839834	0.18987243	0.32576212	0.05503494	0.14759412	0.01898804	0.06153295	0.28760545	0.09907479	0.16529398	0.10797287	0.29314932	0.17622009	0.04943330	-0.04791915	0.01891042	0.05884210	0.02045715	0.11896217	0.09556404	0.00900017	0.07053594	0.08360277	0.14689908	0.13303641	0.19140978	0.33478114	0.31347491	0.24931832	0.22146850	-0.00275919	0.13813855	0.33727803	0.30447926	0.16360359	0.23262605	0.29349136	0.22845357	0.27587281	0.21800767	0.17164609	0.09541890	0.13602763	0.28373712	0.06767211	0.11513017	0.23366202	0.16697838	0.04153622	0.25518828	0.26748569	0.33873348	0.08296734	0.11098305	0.21097151	0.18801498	0.16241022	-0.00038760	0.02681313	-0.02789398	0.01230550	0.10310860	-0.08023225	0.20011934	0.10134741	0.20582009	0.17403399	0.18915774	0.16004973	0.40595152	0.17957242	0.02542954	0.07903098	0.34995794	0.30674298	0.54397032	0.12280772	0.12685274	0.25315833	0.47827858	0.04301897	0.09571571	-0.03793753	0.00134274	0.00214770	0.07030579	0.00297956	-0.01633217	0.12776747	0.02561092	-0.04339752	0.03550308	0.16368878	0.20390985	0.01679947	0.25068414	0.17413462	0.02963619	0.03696994	0.11996927	-0.05403256	0.08362497	0.19202632	0.09863400	0.20163859	0.11571816	0.01112396	0.09776841	-0.00256527	0.37326934	0.13105910	0.03587924	0.17892481	0.06244258	0.22994635	0.23552150	0.32249378	0.05719376	0.06940680	0.13082845	0.11073394	0.14705944	0.12515166	0.00137778	0.16364012	0.11166206	0.11924173	0.07613089	0.17066434	0.09988298	0.01413904	0.04015688	0.08366000	0.29625762	0.05113985	0.08760917	-0.00575167	0.16399893	0.06505877	0.29322569	0.10544150	0.10401188	0.02786702	0.27078655	0.18670306	0.15115548	0.12653162	0.12573818	0.33715082	0.19453270	0.11900188	0.07414513	-0.00529680	0.12212570	0.14832476	0.00245737	0.16523971	0.10393382	0.12004653	0.01413319	0.22518526	0.15078215	0.05150450	0.11493007	0.02209174	0.04179000	0.14708306	0.10641064	-0.09091975	0.12306243	-0.00652636	-0.03347317	0.27301382	-0.06642701	0.08791764	0.22467688	0.00932443	0.15231712	-0.00394323	-0.00137584	0.04933083	-0.06287341	0.16498092	0.09519624	-0.03661786	0.08663776	-0.07148504	0.03610252	0.03251097	-0.11479732	-0.01492094	0.10028647	0.00819104	0.02925115	0.11325739	0.05987411	0.02334773	0.03902775	0.20827694	0.16451648	0.25177310	0.23820537	0.19716565	-0.00501947	0.20946451	0.21742748	0.29836078	0.11192054	0.21892803	0.33524468	0.29676805	0.33624644	0.25076841	0.25452222	0.13047095	0.12750293	0.21902095	0.31123837	0.23957118	0.01892366	0.16669733	0.31358839	0.13693962	0.23775074	0.21525651	0.31784219	0.28159384	0.13029858	0.18526432	0.18579086	0.07763605	0.11528755
17Networks_LH_SalVentAttnB_PFCl_3	-0.07588175	-0.04626987	-0.04223473	-0.03973597	-0.05900223	-0.25451371	-0.02920309	-0.03107122	-0.27309480	-0.13757449	-0.11874388	-0.09524823	-0.04300086	0.15469423	-0.08768096	0.07809577	0.23671842	-0.15535880	0.22615009	0.16847986	0.07232254	0.14670048	0.03841948	0.12995314	0.07722290	0.06067267	-0.00567730	0.21127601	0.06169029	0.27669371	0.07195699	0.18441800	0.23262520	0.17795193	0.07477754	0.22476800	0.15217195	-0.07778328	-0.02417372	0.23360003	0.03126361	-0.05080934	0.15498442	0.01489760	-0.01378070	0.00163762	0.04601610	0.00633250	0.03785250	-0.02337715	0.20733887	0.05766427	0.15643750	0.27068413	0.09373332	0.07107609	0.04915479	0.09308000	-0.11390028	-0.05712940	-0.05589125	-0.16536746	-0.12405118	0.08004495	-0.01775150	-0.01851003	0.25318009	0.24120583	0.21526466	0.15781965	0.35369028	0.20410694	0.32769698	0.10390677	0.33501302	0.20328235	0.18888685	0.07067758	0.16544147	0.15922777	0.01919319	0.02005955	0.29906794	0.12915297	0.03639082	0.00477072	-0.10585275	0.40198714	0.23474833	-0.07457216	0.18513449	0.02232503	0.07278217	-0.02566686	0.24005087	0.39363470	0.21632653	0.24353834	0.10429776	0.02223876	0.44730938	0.38332291	0.89800048	0.01223940	-0.10659117	0.14673116	0.21295271	0.03724328	0.17633149	0.00619265	0.07463532	-0.02726202	-0.28899507	-0.05214703	0.04565256	-0.00910096	-0.02209173	-0.09572268	0.15238111	0.02864635	0.12959733	0.07796289	0.36193648	0.16239367	0.22282728	0.30627962	0.15481202	0.06665930	0.36150763	0.21613907	-0.13130568	0.01171703	0.23055354	-0.13139151	0.10972841	0.10615073	0.14186237	0.24319818	-0.16033721	-0.05292272	-0.03157759	0.20608053	-0.30693925	0.19544317	0.25677669	0.21247700	0.24116223	0.03201815	-0.22592545	0.11669852	0.07278872	-0.15567532	-0.25272488	-0.08106746	-0.24315599	-0.01071489	0.05124430	-0.01252511	-0.24432831	-0.03855777	-0.14855256	-0.01736534	-0.10159435	-0.13650560	0.08135637	-0.05309661	-0.08459142	-0.15458984	-0.13901091	-0.23875907	-0.13845606	-0.33940711	-0.19431380	-0.28434609	-0.25643234	-0.28750016	-0.11407872	-0.16055723	-0.15237539	-0.07094235	-0.26163451	-0.28580848	-0.21877187	0.01180863	-0.32518063	-0.29321642	-0.31346220	0.27472429	0.24406103	0.06171974	0.08485982	0.07983568	-0.05281183	-0.00084407	-0.01168753	-0.10356487	-0.18215690	-0.04111030	-0.01970726	-0.19697420	-0.02490749	-0.10306403	-0.11629926	-0.18580639	-0.22760613	-0.12063260	-0.21996990	-0.20223256	-0.25755712	-0.11835224	-0.02900392	-0.13933625	-0.10089051	0.00105520	0.06085631	0.00049717	0.11245860	0.07529220	0.02380354	0.07204975	0.07964468	0.23410271	0.08289952	0.04234571	0.02263906	0.16250798	0.11828610	0.11793029	0.05305543	0.10871279	-0.01219682	-0.01501051	0.00654237	0.02221977	0.19275307	-0.05173474	0.04736047	-0.11958180	-0.13753689	0.12497052	-0.04531741	-0.01511397	-0.09034204	0.25046924	0.18900876	-0.05392414	-0.06328930	-0.05120467	0.22377329	-0.02885314	0.07907406	0.12447126	0.00753476	0.11420144	0.04960488	0.20762591	0.14241813	0.12553437	0.09839712	-0.06328812	-0.17244782	0.00520849	-0.10652814	-0.15837039	0.01796818	0.00112726	0.18823207	0.04813052	0.19439734	0.23803259	0.20420146	0.20448480	0.08291367	0.00070613	0.18027447	0.26300405	0.08813440	0.04203457	0.25533369	-0.00073246	-0.15120947	0.24633292	0.27011566	0.37963675	0.20283294	0.19137934	0.31089936	0.12762163	-0.05349267	0.19611644	0.06741138	0.10139379	0.06447807	0.07007951	0.10503526	0.10436921	-0.03207134	0.26586924	0.35977219	0.29036823	0.15252042	0.13559707	-0.09262944	0.23241460	0.22285818	0.39638308	0.12902318	0.35007195	-0.00522733	0.12007889	-0.05866676	0.22656769	0.10618359	0.05962951	-0.01735280	0.03375528	0.09354881	-0.19262058	0.03297892	-0.09563223	0.16960248	-0.07303819	0.03783765	0.03094545	0.11307956	0.41190709	0.16620545	0.17115170	-0.00039530	0.04116034	-0.07377607	0.07810053	0.01856819	-0.16025546	0.12214303	0.00949814	0.03517925	0.00234166	0.05206577	0.35683807	0.11718708	0.50073960	0.13889412	-0.03406579	-0.04535574	0.00503057	0.04396058	0.26477588	0.12241579	0.04996898	0.17893807	0.17092227	-0.13272472	0.19335242	0.23509579	-0.04870134	0.15757909	-0.13855674	-0.08051387	0.04630295	-0.13077520	-0.19656895	-0.17041483	-0.23342318	0.13156788	0.12797457	-0.12922451	0.01443352	-0.04751323	-0.02354110	-0.17443493	-0.06792701	0.03112983	-0.05615491	-0.09945337	0.01070403	-0.01497596	-0.01164031	-0.04808885	-0.09833077	0.06820030	-0.15913556	-0.16715801	-0.06608822	0.00792479	0.16699608	0.05140041	0.03440587	0.13005575	0.07756915	0.05100635	-0.08276127	0.08571103	-0.06300115	-0.16022413	0.16430400	-0.07323962	0.08656697	-0.12798546	0.04088104	-0.14923261	-0.02555652	-0.05809966	0.01324558	0.04078741	-0.05663822	-0.11562729	0.14360515	0.04830511	0.06090209	-0.17730797	-0.12731052	0.08580204	-0.06336743	0.02405293	-0.06859452	-0.00607081	0.08470429	-0.08118743	0.00997580	0.00328669	-0.09230703	-0.09033173	-0.10120397	-0.08173537	0.06291637	-0.07953987	-0.09921614	-0.07316712	0.01818461	-0.01046687	-0.00331488	-0.03383272	-0.00523966	-0.02036042	-0.22188081	0.10531020	-0.03586040	0.02148771	-0.09819881	-0.05584710	0.04610068	0.00750857	0.07510112	-0.14932646	-0.16015726	-0.23426392	-0.12607790	-0.02552915	0.00700377	-0.02055649	-0.03803170	0.03632422	0.05283892	0.00602986	0.08373965	-0.02145230	-0.01854112	-0.15582237	-0.18643667	-0.16152446	-0.21824163	-0.23087643	-0.20612292
17Networks_LH_SalVentAttnB_Ins_1	0.04135336	-0.04572154	0.17267204	0.05758122	-0.16678036	-0.00747136	0.08543297	-0.04964430	0.06645048	-0.06794351	-0.14350893	-0.11542679	-0.15895443	-0.03239072	-0.05891685	0.03753764	-0.22662890	-0.08064408	-0.02095086	0.01624799	-0.06586303	0.06692071	-0.12018443	-0.02862923	-0.04435424	-0.07106252	-0.08046190	-0.04357053	-0.05198940	-0.10924591	-0.07186392	-0.01119085	-0.15742603	0.00372800	-0.04770419	-0.09009429	-0.24953255	-0.07359526	-0.02898394	-0.06040297	-0.11159097	0.02770179	-0.24402251	0.29351957	0.11492735	0.10424501	0.19204715	0.07011427	0.08920876	0.12393126	0.03042806	0.08165657	0.03301741	0.07768136	0.02712826	-0.01236021	-0.06305116	-0.06687963	0.03212929	-0.04379834	-0.18651590	-0.08130398	0.00019183	-0.06892625	-0.02885735	0.00103658	-0.13195236	0.01570738	-0.09572916	-0.13860201	-0.07848374	-0.06812624	0.12354269	0.14215718	0.00207892	-0.04362890	-0.18959704	-0.18626760	-0.10981851	-0.06397231	-0.10970891	-0.20040884	-0.06102979	-0.19983912	-0.09690237	0.04265877	-0.03828744	0.06058795	0.26721457	0.18501406	0.32481182	0.07010135	0.06399146	0.14497554	-0.03231097	0.05410066	0.00532393	-0.05252770	0.14060177	-0.04214993	0.08125225	-0.04305823	0.01223940	1.08718735	0.28776423	0.21670579	0.09900159	0.31020929	0.14262386	0.15799254	0.15128690	0.05766511	0.06429868	0.02973148	0.00800046	0.00736786	-0.12276275	0.10144783	0.22056185	0.03804522	-0.00932860	-0.03342868	0.05698191	-0.08150330	-0.06661034	0.00101146	-0.03665528	0.12853074	0.07754304	0.04880665	0.06240529	0.11411312	0.15102172	0.07088336	0.13061872	-0.01458336	-0.00955948	-0.08704733	-0.08479724	0.22809428	0.12343104	0.08496118	-0.01287842	0.15026310	-0.01707662	-0.06407545	0.02348583	0.11073096	0.09887803	0.01931779	-0.07028337	-0.09263235	0.04173479	-0.06114344	-0.08374300	0.03665083	0.03073279	0.01249046	-0.07392445	0.00509888	0.00212131	0.05040202	-0.07059424	0.01667780	0.08974348	0.21662270	0.08107097	0.15740956	0.06029156	0.01636441	0.02408133	-0.01433565	-0.02897874	-0.10246411	-0.05293637	-0.12939441	-0.06255893	-0.05183526	-0.02199028	0.02563532	-0.16939398	-0.12654346	0.12573495	0.16334335	0.08562194	0.05467490	0.00493685	0.13494800	-0.13049778	0.04714939	0.02547819	-0.09438142	0.00372306	-0.01545102	0.00451705	0.08868048	-0.09788471	-0.05805600	-0.11573913	-0.06812106	-0.13255630	-0.02264738	-0.01809813	0.15171679	-0.03190152	0.05966258	0.07821860	-0.01759927	0.07192151	-0.08459047	-0.01449939	-0.03263456	-0.08506850	-0.03918162	-0.04842746	-0.07272779	-0.19042432	0.02352802	0.01382386	-0.05903544	-0.03208868	0.01356601	-0.02474528	-0.19804994	-0.18528179	-0.12590035	-0.08366191	0.02000621	-0.05463182	-0.11298584	-0.01841057	-0.06689343	-0.03657839	0.00130256	-0.17415897	-0.10655724	0.10953153	-0.02367940	-0.04006001	-0.17619894	0.01187788	-0.14158164	-0.03666982	-0.03306824	0.03377458	0.01052631	0.09146132	0.04331032	-0.09630296	0.04920085	0.01172304	0.10823883	-0.00521027	0.03354325	0.00231756	0.07323108	-0.04499788	-0.06036681	-0.18733439	-0.08507729	-0.18816259	-0.05650853	-0.03697303	-0.17653906	-0.10735355	-0.14019856	0.00937713	-0.15363364	-0.12693385	-0.03772911	-0.20484697	-0.20128886	0.00005410	-0.01463750	0.00350863	-0.04356648	-0.00525685	-0.16341632	-0.15128883	-0.13877716	-0.12802281	-0.13925470	-0.11225413	-0.15375492	-0.08572517	0.02918829	-0.03554362	0.10368544	0.00202919	0.24987546	0.11234978	0.03015173	0.05066054	0.10954537	-0.01112167	-0.00468959	-0.05933688	0.03535305	0.17057892	-0.09313961	-0.09547114	-0.00749684	-0.06187220	-0.05674668	0.11675111	0.07895471	0.01051499	0.05127031	0.17047318	0.26557148	0.13333357	0.23343402	0.03601923	0.07975626	0.10260262	0.11150764	0.04122152	-0.05038524	0.10210416	0.01955136	-0.13942226	-0.00202511	-0.09303410	-0.03421268	-0.11107323	0.04820572	0.12513566	-0.10896884	-0.03122714	0.04220546	0.13523437	0.05427630	0.09688753	-0.06045488	0.09546966	0.09549084	0.03737040	-0.01892015	-0.00674823	0.03023240	0.06514414	0.02397446	-0.04528876	0.02992293	-0.09631309	0.13040289	0.00999196	0.04296136	0.07090517	0.16104806	0.09328711	0.12653227	0.04325068	0.03835627	-0.03969790	0.17848745	0.05935833	-0.01815595	0.08559068	0.02058205	-0.04606037	-0.10590131	-0.00332985	-0.03538027	0.10425956	-0.02437783	-0.00486673	-0.00283159	-0.01898690	0.05251166	-0.03527048	-0.11076978	0.05980023	-0.00203304	0.10784803	-0.10761736	-0.12059893	-0.17215893	-0.02237491	-0.11485238	-0.05877204	-0.01987753	0.17932505	0.09741623	0.03045185	0.03316486	-0.10599221	0.05493771	0.00154698	-0.10300154	-0.17884880	-0.10002697	0.04290362	-0.08203407	0.02083224	0.14418491	0.15927624	0.06462641	0.01158706	-0.07596356	-0.07434726	0.16504590	0.03726405	-0.08951003	0.02520524	0.17180092	0.19303397	0.02779583	0.19028548	0.07152886	0.09027750	0.02298564	0.14258717	0.03635856	0.05147213	0.10177485	-0.17022429	0.05004945	-0.11028241	0.05811429	-0.10390588	-0.02844779	0.14911849	0.03184279	0.14576256	0.09838024	-0.22568609	-0.02838645	0.07182914	-0.04530063	-0.00865592	0.08296770	-0.02066811	0.05774518	0.02713605	-0.08825023	-0.01814025	-0.00074014	-0.05632271	0.00264360	-0.06776819	0.15110559	0.00711907	0.07723660	-0.08607557	-0.05557601	0.06221002	0.08780367	0.04762913	-0.02953100	0.01004979	0.00091611	0.03181167	0.02236204	-0.05584414	0.12562136	-0.07825089	-0.00995524	-0.03323927	0.05978349	-0.04124860	-0.03625217	0.05461380	0.02996339
17Networks_LH_SalVentAttnB_Ins_2	0.13479246	0.06951691	0.12562225	0.09329708	-0.13171519	0.04531086	0.04947862	0.00261698	0.14023380	-0.00949331	0.06042288	0.05494931	0.07862562	0.06238549	0.12536692	-0.08686259	-0.13528651	0.11816783	-0.05927342	0.02773375	0.04473290	0.13720620	-0.04503251	-0.07147566	-0.10085050	-0.07063748	0.12662171	0.02923747	0.04882757	0.01214608	0.07418547	-0.02393659	-0.12154291	0.05722456	0.05646923	-0.02149860	-0.10712904	0.17917968	0.12579726	-0.02682182	0.04323149	0.18639587	-0.07582317	0.11899033	-0.03839852	0.07520249	0.00011368	-0.03312098	0.04570791	-0.04452382	-0.19252362	0.06390272	-0.16386718	-0.17120024	-0.04491876	-0.06942409	0.02162215	0.00529861	0.15560910	0.22396648	0.07621777	0.09563244	0.01580083	-0.10490246	0.09617636	0.09872415	-0.12707480	-0.03989169	-0.06633478	-0.15477718	-0.21726247	-0.10297902	-0.15394013	0.03260613	-0.11319828	-0.11695244	-0.10605699	-0.06548166	-0.07224391	-0.12639961	0.11764248	-0.02438856	0.00177431	-0.22973964	0.04584985	-0.11831627	0.28096133	-0.14182480	-0.06222972	-0.07976757	0.21074359	0.05775277	-0.07439127	0.26843663	-0.10170881	-0.19927234	0.03164730	-0.16645267	0.30887099	0.18641751	-0.03364274	0.07555619	-0.10659117	0.28776423	0.97482848	0.03319204	0.08091953	0.46874558	0.07238537	0.37236193	0.04000645	0.09787508	0.26933941	-0.09810431	-0.05972558	-0.09119288	-0.18505922	-0.01077968	-0.07749191	0.03403225	-0.20258895	0.12826396	-0.06421080	0.03204587	-0.04796500	-0.00047081	0.12209873	0.20909532	0.01506200	0.08597081	0.33543509	0.35166243	0.09219653	0.23074304	0.00373564	0.22759941	0.16463304	0.00105701	0.20233908	0.37870179	0.36323081	0.26345883	0.33346884	0.15096614	0.05836366	-0.02305909	-0.01654160	0.17754741	0.49177138	0.19868430	0.20779509	0.18830407	0.42366066	0.37612333	0.32379203	0.29220696	0.18493063	0.10141093	0.24671019	0.31404494	0.33173933	0.30943698	0.22902674	0.31027343	0.22872026	0.40677762	0.12129799	0.18237489	0.11916312	0.39635350	0.25047242	0.45143358	0.30350789	0.30086819	0.27877120	0.16272423	0.18017170	0.14840324	0.13663289	0.20004765	0.10586387	0.23034613	0.43191334	0.34945102	0.44361667	0.44180269	0.35659828	-0.06685372	0.11236294	0.29859622	0.19138319	0.10815827	0.12103738	-0.14683845	0.28617505	0.22144959	0.23828274	0.00764933	-0.01604547	0.20510482	0.14535267	0.13189385	0.11961622	0.29414173	-0.00334573	0.03242074	0.26433453	0.03406348	0.11532490	0.05841975	0.13377680	0.13190541	0.11810688	0.03151500	0.04927706	0.05272555	0.00588225	0.07885853	0.08305578	-0.00597616	0.06601869	0.01616049	-0.01387776	0.00451120	-0.12195054	-0.19019049	0.01246917	-0.17728994	0.09140699	-0.09937936	0.07322983	-0.01821641	0.07115427	-0.03422514	-0.20915589	0.10390760	0.12495303	0.10435918	0.14296612	0.02513116	0.07624069	-0.04824927	0.11417652	-0.17202440	-0.14146430	-0.00263771	0.01771972	0.10774538	-0.25290906	0.00371013	-0.07520931	-0.07132237	-0.08069260	-0.18794786	-0.04368920	-0.08315106	-0.11232042	-0.12854048	0.09010847	0.11059146	-0.03516579	-0.01471192	0.15342209	-0.01675009	-0.04240797	0.04304707	-0.07192552	-0.01184089	-0.09803441	-0.08658302	-0.25791700	-0.30569142	-0.18727877	0.00548254	-0.13826763	-0.16938254	-0.17370077	-0.14381426	-0.26801754	-0.12350969	0.14983405	-0.27606362	-0.21284912	-0.19603670	-0.28166020	-0.23542867	-0.23915064	0.19597417	0.17396263	-0.12696970	-0.06661261	-0.16159760	-0.06491804	-0.11610295	-0.05403016	-0.20291289	0.03952343	-0.21529502	-0.05403763	-0.30464133	-0.14199479	0.02927890	0.07159468	-0.08761915	0.01060084	-0.00142939	0.06613709	-0.00390760	0.29199369	0.19624574	0.35422246	0.25384790	-0.00943437	0.03995646	0.06310489	0.07746318	0.05795302	0.07380757	-0.07430836	-0.06553841	0.01936033	0.03343267	-0.10736810	0.11710224	-0.09685575	-0.11372504	0.00500010	-0.13689214	0.24379156	0.22062725	0.35585815	0.11735856	0.05206138	0.31755222	0.12089690	0.18175937	0.06893284	0.24666303	0.15947851	-0.17989885	-0.00412284	-0.03855281	0.12765420	0.25622775	0.20390666	0.27301996	0.21357686	0.02070319	0.23248073	0.26029665	0.02997689	0.11329016	0.30170483	0.14333892	-0.11687111	0.24547155	0.17419346	0.39071378	0.35787398	0.23413511	0.33418027	0.27840912	0.38176126	0.32794785	0.26762221	0.17205684	0.21602665	0.30914806	0.20908305	0.31556226	0.28270545	0.15491198	0.30454910	0.20147068	0.36061390	0.15205315	0.14580740	0.19125243	0.29539349	0.20235526	0.14432959	0.39249978	0.40203523	0.19097401	0.07426221	-0.11680058	0.23890389	0.15059082	0.08029985	-0.04585811	0.00362870	0.07352473	0.11391019	0.07650946	0.24973376	0.10076827	0.22680717	-0.00852979	0.28324936	0.06885936	0.14003167	0.17274294	0.05762822	-0.03847404	0.22596668	0.13166499	0.36813449	0.03916081	0.19151000	0.17234177	0.05859732	0.07645714	0.01548144	0.00804886	0.24397518	0.27710755	0.01794754	-0.02434536	-0.05334485	0.08042218	0.04813076	0.00019804	0.25663669	0.17436421	0.27961427	0.09100192	0.04824662	0.03770857	0.05939315	0.03318114	0.23895019	0.22484606	0.12124056	0.11664927	0.05954547	0.05309826	0.03554797	0.09189135	0.03215699	0.00933637	0.04165206	0.17559110	0.13749280	0.14002106	0.07202920	0.16991394	0.14827115	0.24741216	0.10620779	0.08862065	0.12325199	0.09996062	0.06246722	0.12573688	0.02877933	0.09992067	0.01098631	0.13361785	0.19680414	0.09658478	0.11654153	0.08631147	0.10665150	0.07660651
17Networks_LH_SalVentAttnB_Ins_3	-0.07168173	0.03252161	0.00747406	-0.01955505	-0.09296212	-0.06899879	-0.01143696	0.04480987	0.01782281	-0.05708456	0.00842862	0.02961916	0.07142930	0.11956344	-0.06270176	0.09298969	0.10737785	-0.03458246	0.04257827	0.18956885	-0.07528041	-0.01203971	0.02882473	0.11805920	0.24594814	0.00015333	0.02348581	0.17000738	0.15682456	0.10671482	0.23959194	0.33224584	0.19029517	0.29105283	0.18247274	0.13275467	0.10738620	-0.03386412	0.07127399	0.28415118	0.12805662	0.02693290	0.12365670	-0.00847823	-0.01254266	0.02848240	-0.03425661	0.06951524	-0.02390064	0.05169858	0.12622192	0.12373904	0.20362676	0.03695723	0.08401928	-0.02877895	0.12340320	0.14119851	0.13759476	-0.12980472	0.00474677	-0.10050979	-0.07767127	0.10756840	0.10159149	0.08051080	0.07125045	0.20671498	0.19602676	0.18137339	0.17517468	0.12725772	0.12239939	0.21006478	0.15014151	0.17536465	0.21440008	0.15833321	0.01628416	-0.02456069	-0.14019265	-0.07046587	0.15879791	0.07055513	0.18058300	-0.05772794	-0.13740759	0.08760678	0.16407424	-0.01213256	0.28429315	0.19854497	0.10594673	0.02924742	0.27164647	0.23792853	0.00988337	0.29295960	0.13556970	0.05930413	0.17450733	0.24703263	0.14673116	0.21670579	0.03319204	0.91724337	0.09637630	0.16372828	0.08078699	0.02748130	0.04151935	0.02994473	-0.15985255	0.17224153	0.13493878	0.07433354	-0.07641494	0.07310927	0.14000059	-0.06982142	0.05524755	0.19428648	0.12671557	0.09469802	0.20414517	0.13650758	-0.06962933	-0.04729628	0.13204306	0.18135456	-0.09070092	0.05163001	0.15935891	-0.16236733	0.00696193	0.02816803	0.02931689	0.16925942	-0.19851964	-0.09932068	-0.14710177	0.10632685	-0.16062946	0.15782216	0.11243115	0.07879098	0.09800126	0.10915008	-0.14383443	-0.06529106	-0.21529467	-0.18930749	-0.27252495	-0.24016665	-0.23484606	-0.09548495	0.00371127	-0.09061793	-0.15775309	-0.16069158	-0.16998359	-0.18306253	-0.11198408	-0.10821710	-0.00939817	-0.07435778	0.02614104	0.05746295	-0.03158937	-0.15371991	-0.20523091	-0.13077197	-0.07302707	-0.13690541	-0.19418275	-0.25025767	-0.07950906	-0.19273088	-0.19948871	0.01011977	-0.14475188	-0.11555690	-0.00990693	-0.07796915	-0.19216877	-0.05325503	-0.06978594	0.00281810	-0.06158184	-0.13257728	-0.18256634	-0.09720785	-0.10087382	0.08426515	-0.07326563	-0.10127942	-0.21115028	-0.10247729	0.02108191	-0.20691423	0.00424176	-0.08784541	-0.00840481	-0.06315659	-0.07761902	-0.03486030	-0.03211882	0.06721871	0.05728986	0.04247708	-0.02870053	-0.09055419	0.11119610	0.11648741	-0.01491967	0.08733434	0.04742524	0.00582530	0.15901724	0.06969035	-0.06506541	0.20382247	0.00898473	0.03682532	-0.10183706	0.01279514	0.13960732	0.26060509	0.10208829	0.16517066	0.17091385	0.17116675	0.22643403	0.26601624	0.17208189	-0.02247789	0.08365995	0.03536039	-0.04478495	0.11110647	0.00687124	0.03645752	-0.01958371	0.02495520	-0.01499013	0.11152576	-0.09040424	-0.05145085	-0.02645803	0.10968044	-0.00083116	0.08779024	0.12549929	0.03217473	0.04396791	0.10015633	0.19345470	0.14849367	0.06871706	-0.05613362	-0.11534309	0.08761200	-0.07546086	-0.10693453	0.00519143	0.03800474	0.11501607	0.07751891	0.11251519	0.13570731	0.07558508	0.08503889	0.08863683	0.10192460	0.09154102	0.16519099	0.09641519	0.11509943	0.07361102	-0.07364804	-0.14289487	0.07254518	0.17745533	0.20240205	0.09257345	0.03883051	0.16180485	0.09013722	0.02202678	0.15140659	0.02516235	0.07725920	0.10239938	0.08524254	0.09176722	0.14597024	0.05763869	0.20014915	0.26484395	0.19505226	0.13191334	0.20985064	-0.00055667	0.00573871	0.16591576	0.17242435	0.06005193	0.16925312	0.17242620	0.16417100	0.02924948	0.31243046	0.11321519	0.09320954	0.06308139	0.07517812	0.06068685	-0.01817152	0.11829823	0.12954422	0.05106557	0.03754449	-0.01387155	0.04527088	0.02648348	0.20246001	0.12903411	0.14118001	-0.04826454	-0.04871224	-0.09729662	0.05507394	-0.01567375	-0.06183975	0.09202933	0.07449601	0.01141773	-0.05579357	-0.02576735	0.12140899	0.00998041	0.15204206	-0.01030489	-0.03192814	-0.11666950	-0.08534149	0.03504186	0.14684549	0.03010277	-0.00254863	0.05608727	0.12193843	-0.03696674	-0.01941018	0.05701133	0.00475920	0.07655273	0.01990227	-0.01994198	-0.03091197	-0.15900874	-0.14902399	-0.16358596	-0.15851211	0.02249380	-0.05319956	-0.02386263	-0.11876925	-0.20711630	-0.04826085	-0.12492799	-0.06162173	-0.09715838	-0.05513459	-0.12492040	0.07920872	-0.02627617	-0.16231255	-0.05077692	-0.16941052	0.01293061	-0.01847108	-0.01135712	0.10948896	-0.11573761	0.02380520	-0.09692372	-0.16340082	-0.04865810	-0.01105067	0.02997169	0.00851732	0.11991568	-0.08738657	0.04052536	0.15790920	-0.06515278	0.05147661	-0.10029685	-0.04781818	0.03580229	0.10749716	-0.01732738	0.03814157	0.11043638	0.12260913	0.16952105	0.29514324	0.00607550	0.12341525	0.20387808	0.28329710	0.19333487	0.08425350	0.12926994	0.13638686	0.05311442	0.04548921	0.04879665	-0.01546263	-0.01181449	0.21090508	0.17551733	0.14994210	0.03386668	0.21390221	0.06469162	0.10134868	0.16524698	0.02657496	0.09468089	0.10146493	-0.06584381	0.06244637	0.12589299	0.01056406	0.09163624	0.02845062	0.07760331	0.09249328	-0.09621222	0.03219923	-0.05705700	-0.01728018	-0.16266917	-0.11967899	-0.03221794	-0.12229471	0.01680657	0.15552914	0.24331488	-0.06742581	0.11728210	0.21685338	-0.07107087	0.09910552	-0.15382181	-0.11022629	-0.06398643	-0.16714014	-0.12858101	-0.09979215	-0.09825043	-0.09833071
17Networks_LH_SalVentAttnB_OFC_1	0.18568876	0.21524912	0.11120133	0.26281284	0.17957304	-0.12043726	0.23734127	-0.09073969	-0.10648414	-0.09531297	0.13033659	0.07983167	0.01234590	0.23623262	0.26279221	0.05726146	0.12469916	0.20239035	0.29626939	0.19500343	0.22663389	0.16535957	0.23997024	0.19254766	-0.06187163	0.15681711	0.00275563	0.20365669	-0.02319344	0.14149331	-0.04741892	0.09271006	0.02165116	0.15041652	0.19072696	0.07919369	-0.11619862	0.06579579	0.10452196	0.17521042	-0.15450194	0.10167952	-0.14410800	0.26711559	0.15062832	0.01282859	0.08280052	0.01376064	0.19816588	0.10920111	0.11260113	0.07763075	0.00064667	0.22118543	0.01812362	-0.14806499	0.09223803	-0.04188686	-0.02493372	0.10563704	0.04199605	0.15065304	0.04641199	-0.14715972	0.10749029	-0.04899204	0.08386000	0.04429877	-0.00404416	0.01531102	0.11623226	0.11518977	0.23007255	0.00437020	0.03402724	0.02149314	0.05929760	-0.00236880	0.15739945	0.11386059	0.07567938	0.00790554	0.06524021	0.06761375	-0.02296592	0.05548709	-0.08573210	0.10047673	0.28278153	0.05241879	0.11132468	0.13300085	0.16157852	0.00654037	0.10157440	0.17984342	0.14002268	0.06137580	0.12322261	0.09178333	0.35489488	0.33855431	0.21295271	0.09900159	0.08091953	0.09637630	0.97453179	0.28749208	0.11875518	0.15060690	0.07410521	0.01886027	0.13933371	-0.09538706	-0.10603686	-0.02302938	-0.13117704	-0.05516777	0.10130119	0.11420969	-0.01911928	0.06739297	0.22018010	0.16246143	0.09717774	0.18255188	0.18876927	0.16032607	0.32699902	0.13040204	-0.02633313	0.12518632	0.19516823	0.16184243	0.23976621	0.18919542	0.24068372	0.14684264	0.01171986	0.16654895	0.16344945	0.34411674	0.06963308	0.05913559	0.15336904	0.04626388	0.05587191	0.15634165	-0.07642278	0.11851922	0.05230088	0.01470984	-0.00058289	-0.12204481	-0.16605525	0.01304383	0.16974715	0.08576508	-0.11786956	-0.10637769	0.08500303	0.14386573	0.02282105	0.04215536	0.28519940	0.10881830	0.06474619	0.02682119	-0.08462776	-0.18007429	0.13217271	-0.05059641	-0.10199920	-0.03710402	0.02286579	0.04849391	0.16913578	0.07828289	0.15990479	0.21217860	-0.01024585	-0.03699985	0.02899345	0.26924292	-0.09609958	0.00058085	0.00871006	-0.02431549	0.11941548	-0.00600921	-0.06048942	0.02230351	0.08052007	0.11623696	0.19646805	0.12600120	-0.01755686	0.12663030	-0.06154955	-0.14029495	0.06470062	0.26052779	0.19991200	0.16591737	0.00337097	-0.00556468	0.14056022	0.00263277	0.10847540	-0.00456117	0.23542855	0.14760436	0.14865649	0.07876399	0.12240686	0.24902658	0.17739420	0.21945565	0.12849253	0.29473885	0.26197302	0.25422006	0.21709427	0.03139031	0.01356415	0.04439842	0.04111038	-0.02591597	0.05639141	-0.04569962	0.08945831	-0.00098629	0.01881176	0.00685595	0.02173693	0.01157405	-0.06619856	0.01399285	0.02907061	0.01092944	0.00870501	0.06659112	0.08973288	0.25344736	0.27113071	0.11364704	0.11783326	0.01110119	0.11914396	0.03286230	0.00435803	0.12321406	-0.02380538	0.01935777	0.06049715	0.09149502	0.00007401	-0.10199214	-0.07555138	0.11276905	0.05870208	0.05220064	-0.07332108	-0.00899766	0.12713889	0.04272944	0.00620092	-0.06820367	-0.01364926	0.11834262	0.04139906	0.00274383	-0.00173144	0.07796343	0.07271342	-0.02320127	-0.09664155	0.01862182	0.01414331	0.05731575	0.08481126	0.02036864	0.00137419	0.15420568	0.03531684	0.11198945	0.10459863	0.19122760	0.08505424	0.08636645	0.10830927	0.16114523	0.05375217	0.11313188	-0.08439501	0.08671352	0.11501844	0.00648610	0.14990315	0.07250350	-0.01682111	0.24352662	0.07882398	0.04478737	0.18956505	0.26032967	0.30131889	0.32808039	0.08501066	0.10960649	0.19515670	0.24904886	0.10147075	0.24651296	0.03048427	0.02090638	0.12091560	-0.04449870	-0.00965793	-0.03808565	0.02387749	-0.02681811	0.00506915	-0.05402349	-0.06750460	0.11834944	0.05036661	0.03795881	0.11215925	0.05256043	0.02444798	0.12908587	0.08425008	0.00186910	0.20165598	0.15529029	0.18316613	0.13482781	0.15067997	0.12644560	0.06426536	0.26521076	0.21219788	0.09953698	0.18032767	0.11281087	0.01379949	0.16753965	0.30142266	0.09033418	0.05466255	0.12547397	-0.04159922	0.01149832	-0.14837856	-0.11041587	0.17467780	-0.03238164	0.12718612	0.13616187	0.00570922	-0.01064524	-0.13816955	-0.11984902	0.09125983	0.24083511	0.04624778	0.10763581	0.00117227	0.19043599	-0.02583553	0.14956691	0.14361710	0.04282282	0.06765570	0.10388308	0.07815884	0.08141595	0.06978128	0.06745795	0.22759098	-0.02295387	0.05709724	-0.00125247	0.00024538	0.13619697	0.01057702	-0.01344413	0.19219082	-0.10661991	0.01885226	-0.00040481	0.16409961	0.05230835	0.02593595	0.13277311	-0.01888949	0.08570159	0.05264698	0.06597925	-0.22095932	0.05481880	0.03836961	-0.03600537	0.07275438	-0.15391935	0.01919809	0.10593807	0.09080960	0.18469816	-0.13554950	0.01311397	0.08543891	0.07843018	0.18715672	0.12587595	-0.22393684	0.12053065	-0.03480615	0.06652498	0.01959717	-0.10970160	0.02706977	0.03749370	0.01653156	0.02944573	-0.17117173	0.06354034	0.10369720	-0.01994504	0.14305639	0.19124935	0.10844766	0.00103254	0.00415474	-0.11660444	-0.06965021	0.05022797	0.06952771	-0.17257712	0.11079787	0.10824547	0.16365628	0.19455318	0.18713386	0.16947696	0.08365919	0.01586905	0.06507260	0.00924240	-0.00384835	-0.15924906	-0.16136712	0.03463651	0.06918707	-0.01688022	-0.04241060	0.38671928	0.14041317	0.20821619	0.10293497	0.18689879	0.12177245	0.03476020
17Networks_LH_SalVentAttnB_PFCmp_1	0.17906911	0.30235534	0.12658448	0.28425424	-0.02504641	-0.07225136	0.10122476	0.13031924	0.14331653	0.08653121	0.14222953	0.17131147	0.23875057	0.27990272	0.30622578	0.11570690	0.15418709	0.22953461	0.24973778	0.26711690	0.30200447	0.40164326	0.21028477	0.21607918	0.13653221	0.03437056	0.10443285	0.24960292	0.09249932	0.03992332	0.09427158	0.12124589	0.05679857	0.24970716	0.30663171	0.14767482	-0.04861323	0.17459493	0.24246955	0.18001848	0.03163911	0.28480476	-0.04306670	0.30497109	0.14249563	0.10621468	0.08547071	0.05025790	0.23960795	0.11518780	0.07462458	0.09604650	-0.00006685	-0.08690526	-0.01897393	-0.12190263	0.10455183	0.03639924	0.18859504	0.33692888	0.26337774	0.17868764	0.09731622	-0.12950902	0.26846462	0.10312576	0.06431138	0.19807561	0.15973337	0.02983117	0.00746364	0.08820135	-0.04204153	0.06696978	-0.04902348	0.00822140	-0.01725999	0.14584044	0.01841221	0.05127269	0.07206986	0.02997769	0.16698719	-0.04290984	0.21179171	-0.01919379	0.29249661	-0.13308703	0.05932603	-0.04031240	0.18503352	0.02573400	0.02021943	0.19827279	0.01464039	0.06897473	0.15815250	0.04143815	0.46763344	0.32203010	0.10732303	0.42395327	0.03724328	0.31020929	0.46874558	0.16372828	0.28749208	1.05172987	0.00498795	0.45050194	-0.00089771	0.01578998	0.24416272	-0.22418747	-0.21799572	-0.24053143	-0.23334549	-0.06763801	-0.03311075	0.10975552	-0.09890552	0.19770152	0.01776169	0.16608229	0.04275586	0.02258873	0.29913646	0.18720134	0.07796758	0.18172202	0.30866207	0.43181177	0.23489610	0.23747267	0.21478584	0.34793598	0.21343174	0.05047205	0.21792808	0.41470317	0.38833480	0.47966150	0.44371695	0.34754885	0.26997079	0.09469032	0.14655932	0.33012363	0.42245626	0.25788819	0.35557508	0.39820057	0.41095104	0.29048231	0.26432474	0.34380349	0.32881206	0.28683590	0.26858494	0.30538355	0.41690364	0.30543552	0.34995839	0.49232945	0.36949256	0.51806581	0.10967579	0.10620909	0.08479011	0.24644065	0.18293318	0.34801708	0.21610736	0.31739149	0.28927232	0.24731382	0.40688362	0.36232730	0.28591084	0.42826410	0.24193463	0.32977106	0.41931493	0.18776907	0.32167444	0.39082006	0.31357956	0.05295153	0.24825967	0.25944755	0.12409428	0.10427694	0.35327612	0.02241728	0.38375664	0.32074339	0.23850068	-0.02502003	-0.03092883	0.13610772	0.28477958	0.25406058	0.36702705	0.31092139	0.06600023	0.10047426	0.29808042	0.08712228	0.14687004	0.13533698	0.19469912	0.22667395	0.34702954	0.12518065	0.35831816	0.39318813	0.17992031	0.38573368	0.30189384	0.28335427	0.30298768	0.28753512	0.24861030	0.22789742	-0.04806821	-0.01283548	0.16729215	-0.01932535	0.16905710	0.04383365	0.18493415	0.14242297	0.13477257	0.16272547	0.01458720	0.09675504	0.17443447	0.10673287	0.19302073	0.17862746	0.14766608	0.08104122	0.18159727	0.11409740	0.06816782	0.03477722	0.00836717	0.11408790	-0.09724621	0.03854831	0.04564518	0.10578688	-0.18117979	-0.00705095	0.07969019	0.07138669	-0.04093305	-0.00603343	0.29844206	0.27513933	0.18198776	0.17766982	0.14944843	0.11605745	0.20310709	0.17890285	0.03632210	0.04946390	0.04681367	0.04497373	-0.06488839	-0.12277071	-0.04045764	0.10857439	-0.00234740	-0.01716545	-0.02211465	0.06135198	-0.08195646	0.10361649	0.15061817	-0.06438048	-0.02359486	-0.03248956	-0.19572600	-0.10618064	-0.10958873	0.31974094	0.21887616	-0.08118954	0.00865580	-0.09241876	-0.04109125	-0.02492935	-0.04358952	0.05345623	0.11473667	-0.03051873	0.10909072	-0.15233066	0.05777358	0.30453032	0.28940963	-0.10316264	0.05623452	0.15222733	0.23309397	0.21445302	0.40576524	0.28232283	0.55508396	0.52643765	-0.02121684	0.11479444	-0.00496339	0.12944884	-0.01113975	0.10331817	-0.15391545	-0.14429751	-0.03580448	-0.05209318	-0.12717247	0.01787585	0.01018576	-0.07805839	0.07441476	0.07102461	0.33765125	0.24575046	0.36150104	0.24240632	0.10507091	0.27889934	0.22750754	0.18982902	0.26281957	0.27646213	0.15650623	-0.10181916	0.00611929	0.18472174	0.27460170	0.29667558	0.32102675	0.24838381	0.28435624	0.16600194	0.39724323	0.31737476	0.14601526	0.29825872	0.34092179	0.21492899	-0.03379738	0.26428020	0.32763267	0.32136172	0.37586052	0.25390741	0.42208906	0.31829963	0.31260849	0.32501356	0.30595032	0.36835586	0.28646531	0.31026994	0.13553328	0.46098795	0.34374579	0.34224011	0.31373973	0.28786219	0.23937024	0.26128897	0.29389183	0.27646885	0.36344837	0.36186356	0.37312993	0.42256716	0.41447075	0.19505391	0.11336452	0.00981599	0.20967434	0.12660244	0.12283577	0.04557650	0.10394065	0.08760928	0.16606933	0.18854688	0.25709280	0.12340488	0.23101426	0.10315112	0.35852470	0.08402905	-0.14513178	0.24922282	-0.03849954	-0.14014744	0.28980709	0.02240440	0.30641092	0.14092819	0.09483617	0.19618915	0.09780058	0.10540232	0.04521838	-0.11606545	0.29163513	0.25749647	-0.15062337	0.06342553	-0.12126404	0.03971669	0.08259174	-0.06489835	0.23093043	0.18778315	0.25370934	0.05264994	0.03350602	0.16806799	0.07659016	0.01480302	0.27610971	0.20944626	0.26577201	0.25259679	0.24319107	0.14403177	0.10536589	0.24187488	0.27141225	0.07418283	0.17135823	0.35307911	0.26123555	0.28840564	0.22912071	0.30754327	0.14028872	0.30001910	0.19859022	0.24060576	0.26872270	0.19281973	0.12649307	0.33172632	0.19995605	0.30810665	0.18689499	0.31033441	0.34719377	0.15754030	0.19384693	0.17487966	0.08996430	0.15078711
17Networks_LH_LimbicB_OFC_1	-0.09080415	-0.09076707	0.00453586	-0.04951374	-0.14339938	-0.02967503	-0.03710740	-0.11495325	-0.04683016	-0.18983264	-0.00126375	-0.04342947	-0.13205640	0.04471552	0.02279311	0.00072636	-0.09900426	0.02364816	0.01007127	0.02819086	-0.02925425	0.00480372	-0.08120945	-0.08042695	0.00557443	-0.21700472	-0.18367975	-0.05155047	0.00190227	0.11884424	0.07482307	0.13527419	-0.02882186	0.02874364	0.03281271	0.02058656	0.07454174	-0.06630769	-0.04321446	0.02648954	0.06770830	-0.07415629	0.07609805	0.05336852	-0.04703114	0.01524621	-0.06243716	-0.13104396	-0.14616466	-0.08753262	0.04941607	0.02613394	0.13880417	0.03042921	-0.04105991	-0.18028712	-0.05360859	-0.06814693	-0.09539333	-0.10165902	-0.07063333	-0.15563623	-0.20951178	0.07516708	-0.07979855	-0.10842187	-0.03011011	0.01789628	-0.04104404	0.14193177	0.15780227	0.11218355	0.05758631	0.06812511	0.03449163	0.12010468	0.14768558	-0.01314925	0.05019293	-0.01415177	-0.06001940	-0.22532626	0.15495828	-0.02704730	-0.06407633	-0.05258959	-0.19686700	0.05761478	0.12241662	-0.11247759	0.00874486	-0.03305378	0.02594794	-0.07728848	0.17363177	0.16471644	0.00050605	0.08799191	-0.03413648	-0.07409384	0.17738960	0.02939950	0.17633149	0.14262386	0.07238537	0.08078699	0.11875518	0.00498795	0.88628491	0.14696657	0.28893973	0.30940593	-0.03419915	0.09052398	0.28233221	0.18082593	-0.02662256	0.06407581	0.31416051	0.09157232	0.01772892	-0.11201164	0.12785810	0.09246353	0.14148567	0.14343764	-0.02063589	0.09634314	0.17528227	0.07084078	-0.06956363	0.01715758	0.15315604	-0.01474157	0.04300969	0.10176547	0.10919039	0.19146316	-0.18755726	0.15080309	0.06771869	0.01735966	-0.17743085	0.07281674	0.08383956	0.02608844	0.11213835	0.12484923	0.00379523	0.12167097	0.01766514	-0.14296145	-0.05490840	0.02553565	-0.05799299	0.15770531	0.17619386	-0.06750601	-0.11907319	0.10900858	0.03791169	0.20609744	0.01879472	-0.01794771	0.08682520	0.04130713	0.16612260	0.16578111	0.03418982	0.01701758	0.00270467	-0.02458234	-0.05354883	-0.12764970	-0.13624704	-0.24272473	-0.20785022	-0.24457404	-0.21613575	-0.17223185	-0.28746526	-0.26485731	-0.05585401	0.17306875	-0.06152606	-0.14062141	-0.23845783	0.03088167	0.10201017	0.14730823	0.09840401	0.00755131	-0.14555853	0.06155987	-0.05247256	-0.16085399	-0.17937238	-0.09782887	-0.13985668	-0.09381668	-0.13736682	-0.11441809	-0.14889161	-0.02282008	-0.11687232	-0.10895076	-0.03881504	-0.14851908	-0.01024312	-0.13080461	-0.01786487	-0.04866566	-0.12673675	-0.02366070	-0.08627107	-0.04683319	-0.04901467	-0.02376552	-0.05580592	-0.02179056	-0.00920836	0.09320533	-0.06158988	-0.12652888	-0.26214780	-0.17239634	0.05664620	0.13114350	0.03662174	-0.01302965	0.05321351	0.01083350	0.09248332	0.10464310	0.07609114	-0.06833461	0.00530758	-0.05532848	-0.10498576	-0.05906009	-0.12726389	-0.03580383	-0.14197811	0.11203836	0.05619719	0.06743238	-0.08860940	0.00803471	-0.04150752	-0.05452936	-0.03893658	0.01948151	0.12767576	-0.04643586	-0.08144402	-0.05561266	-0.01146070	-0.08635749	-0.10155356	-0.05080073	-0.06787610	-0.03197892	0.08193816	-0.10200085	-0.07814150	-0.21266996	0.03147519	-0.01618443	0.05453516	0.06372395	0.07051276	0.01886548	0.00533440	-0.16232615	-0.06042392	0.09224941	-0.00135858	0.13090399	0.01368205	-0.03683057	-0.14132338	0.02271718	0.15555249	0.10883311	0.00679789	-0.00788538	-0.05410317	-0.05305974	0.07969421	0.08717835	0.11069744	0.00614247	-0.11311973	0.00591054	-0.09008388	-0.04955635	0.04111727	0.15608632	0.12392349	0.10206639	0.02644468	0.00037672	-0.27139924	-0.00579108	0.05618472	0.13203220	-0.02327178	0.04850411	-0.18316279	-0.07380363	-0.11820067	-0.04421313	0.21781845	0.09111659	0.29928600	0.13343718	0.31483579	0.06061715	0.18069464	0.15238161	0.18045780	0.21754080	0.15129097	0.06779658	-0.10274449	0.14891378	0.05401558	0.03714125	-0.01889228	0.01533413	-0.07825766	0.00780579	-0.19048543	-0.21500627	0.01742676	0.22780211	-0.00350340	0.05535112	0.11264684	0.05634376	0.00275878	0.14685775	0.10722904	0.03161324	-0.04224909	0.10709124	0.10627910	0.14899917	0.07628953	0.08055272	0.13083829	0.05848658	0.06017184	0.13626352	0.04246503	0.05695632	0.12133549	0.10804965	0.12128080	0.12376840	-0.08473749	-0.09725922	0.07258928	-0.04234777	0.20024839	0.10813245	0.08337123	0.17913611	0.15772361	0.05912639	0.00510839	-0.14292544	0.07716784	-0.03363173	0.08912676	0.03264678	-0.05339142	-0.06721418	-0.06064581	-0.19888663	-0.11795021	-0.19212806	-0.12019926	-0.16900940	0.08307610	0.07650880	0.12023220	0.12336259	0.11413953	-0.10298548	-0.01240331	-0.02928114	-0.12432759	-0.11978494	-0.14439469	0.09696039	-0.09833926	-0.12312041	-0.05244825	-0.14612848	0.14270775	0.03656803	0.10456835	0.11083838	0.03052664	0.12686968	0.09342700	0.02478842	0.06740301	0.02748052	-0.17617337	-0.00949444	0.06769275	0.09200220	0.03389489	-0.01981544	0.17805107	0.11458295	0.03557840	0.12286934	0.05889042	0.05923989	-0.01303101	0.01502385	-0.01281753	0.00146281	-0.22828820	0.05217489	0.02019175	-0.04006150	-0.05969478	-0.02923012	0.02536642	-0.05107936	-0.07521889	-0.15157579	0.17964167	-0.03532514	-0.00941068	0.02485059	-0.01278881	0.09141557	0.00395447	0.02007538	-0.12408360	-0.05393914	0.03904643	-0.09030016	0.04496853	0.08418899	-0.07821570	-0.09003841	0.10003281	0.03822307	0.00922691	0.09405098	-0.14254249	-0.12221010	-0.12697208	-0.14520661	-0.08816127	-0.14082821	-0.04180121	-0.04752676
17Networks_LH_LimbicB_OFC_2	0.30319968	0.24971908	0.20891049	0.23091998	-0.05980636	-0.00987587	0.11830469	0.12531008	0.15748383	0.06587610	0.16019972	0.12336020	0.16160331	0.23010504	0.29304124	0.06665674	0.05346056	0.22518261	0.10883768	0.18481729	0.16692764	0.20764404	0.10434649	0.08782799	0.21460672	0.02214082	0.14845670	0.20323017	0.26146751	0.17717384	0.20376133	0.16243553	0.15631912	0.26295525	0.27200150	0.24659479	0.14264318	0.34384672	0.39777034	0.15158918	0.28519590	0.36659791	0.18407911	0.23500437	0.05567136	0.02506385	0.08247946	-0.00226765	0.08773271	0.02487286	0.06504864	0.18224911	0.03231904	-0.10600029	0.01170981	-0.19933870	0.05277671	0.09512683	0.13039249	0.36350293	0.28608243	0.22644989	0.06987654	0.01737903	0.23339672	0.10412241	0.12389500	0.22716641	0.19186236	0.13788752	0.14561632	0.18711355	-0.05368676	0.06275352	0.03381045	0.07725507	0.12980276	0.18751670	0.22054328	0.18901756	0.23109940	0.11593504	0.19522336	0.08620906	0.21618903	0.06438834	0.20071798	-0.08953369	0.12128564	-0.10273057	0.14208095	0.06657049	0.14317731	0.11711465	0.17670583	0.15732450	0.27402340	0.12080585	0.35905907	0.32838122	-0.00461111	0.18642858	0.00619265	0.15799254	0.37236193	0.02748130	0.15060690	0.45050194	0.14696657	0.94446013	0.22231504	0.18717517	0.16882038	-0.12848223	0.04304701	-0.08663407	-0.21247530	0.01607873	0.06710795	0.17413713	0.01390251	0.33406816	-0.01636824	0.21789273	0.00824177	0.10854107	0.22889504	0.22217165	-0.00420082	0.10140590	0.28428111	0.18006881	0.24772359	0.26037321	0.20633507	0.32012339	0.22689547	0.14780878	0.24378654	0.30455856	0.26230279	0.23438447	0.30728936	0.17741658	0.18624246	0.16322529	0.08607640	0.20236309	0.31243353	0.24623472	0.19828360	0.16073309	0.28994378	0.32372412	0.26713614	0.33420332	0.25447026	0.42559833	0.27969881	0.31955161	0.43262712	0.41944770	0.34369026	0.32347873	0.28099676	0.33667367	0.29018500	0.13542816	0.07711159	0.33686554	0.25515754	0.37753611	0.26551997	0.23871965	0.33853611	0.25490461	0.18867281	0.23318240	0.21756101	0.30762543	0.09914306	0.26072925	0.52751506	0.34143858	0.34643797	0.36890660	0.31973050	0.20638858	0.28161232	0.35222988	0.20758290	0.19178480	0.14423821	0.03541823	0.36889726	0.25650150	0.23019158	-0.02916738	0.05628966	0.17372035	0.22673129	0.22572881	0.21306892	0.32867952	0.04489986	0.08811968	0.23597108	-0.02020279	0.07319715	0.10218539	0.16194156	0.19397654	0.18428291	0.13985763	0.31685134	0.29354330	0.07021622	0.27785754	0.18096027	0.10387115	0.20887920	0.07628618	0.11743637	0.16653307	-0.06741581	0.05134982	0.21174371	0.12071426	0.21882631	0.14517146	0.33205178	0.20939009	0.20309475	0.20103032	0.16471089	0.17642269	0.29401725	0.25092312	0.29779006	0.18532723	0.27809067	0.16492293	0.13854544	0.19896674	0.19169215	0.18224595	0.04869537	0.24498727	0.02109236	-0.00167729	0.17327324	0.13072924	0.07124386	0.10021404	0.18941718	0.07585981	0.08478604	0.13039075	0.25367722	0.36968800	0.15304558	0.18710191	0.32958905	0.09702502	0.15738493	0.21937260	0.12448176	0.13500378	0.15531572	0.18002240	0.07525270	0.04972086	0.00024646	-0.00869040	-0.03173749	0.06519024	0.07499894	0.19728691	0.10095691	0.23073872	0.21320907	0.06933687	0.14044283	0.08590078	-0.02596709	-0.04511534	-0.11302642	0.20473731	0.32518390	-0.03557624	0.04079435	-0.09085236	0.00282246	0.08119224	-0.12963016	0.09259581	0.18759349	0.02460445	0.09082225	0.06117928	0.16002507	0.23461353	0.22273358	-0.12232371	0.02857541	-0.00047773	0.01909386	0.13922613	0.22670213	0.10568744	0.25116837	0.30939119	0.14378274	0.31696047	0.12303217	0.16608019	0.19916934	0.04642699	0.04260018	0.02329397	0.15330564	0.09470868	-0.05980678	0.11676901	0.11465193	-0.05666132	0.09752563	0.09336642	0.31720359	0.24333671	0.29605549	0.07530123	0.02457024	0.20345009	0.27129371	0.19397547	0.27242719	0.26679775	0.06102247	-0.17596712	-0.06493599	0.12363576	0.03545797	0.21247523	0.30451653	0.32019147	0.34964347	0.10872400	0.21812754	0.13186707	0.03229945	0.10282478	0.30785332	0.13469487	0.04318757	0.22365136	0.28559908	0.26581477	0.28433470	0.22203675	0.38208076	0.34929617	0.35080243	0.35963961	0.20078530	0.32121780	0.16974151	0.41625206	0.30942325	0.37281915	0.39985106	0.21608901	0.22051720	0.34332470	0.28728722	0.22919317	0.31583001	0.21256527	0.30458570	0.30383965	0.17682134	0.44738847	0.37065355	0.12226802	0.23317979	0.00974593	0.25127998	0.22392473	0.23218511	0.12755330	0.12982672	0.17515382	0.10256720	0.24305425	0.22749862	0.02415549	0.21529511	0.11054767	0.29257871	0.04442761	-0.00777134	0.18740719	0.13135989	0.00296267	0.27646090	0.02687175	0.31876510	0.17754641	0.12969435	0.14412619	0.06124503	0.02370602	0.21205934	0.12470548	0.21383087	0.30644649	-0.02365740	0.10224913	-0.04375439	0.24546367	0.19880806	0.06799742	0.30073007	0.23990321	0.29318101	0.08706692	0.00720491	0.14296497	0.17120173	0.21901976	0.19473063	0.26964382	0.36383282	0.16143260	0.19089450	0.09103184	0.15152414	0.22522319	0.18178410	0.18749678	0.20085275	0.30208756	0.29544289	0.26035191	0.28990011	0.28180752	0.19455658	0.25698735	0.27619463	0.25796659	0.17760817	0.09807506	0.16794644	0.31583108	0.20190166	0.20878257	0.16751335	0.24760089	0.37622444	0.16935587	0.25017575	0.15724986	0.17343378	0.20451810
17Networks_LH_LimbicB_OFC_3	0.06224503	-0.09543062	-0.00072283	-0.13047065	-0.11829183	0.10742561	-0.01711811	0.00546066	0.06153710	0.03276576	-0.10483534	-0.01375706	-0.11065677	0.02357076	-0.07326660	0.04325240	-0.03945818	-0.07795342	-0.10601354	0.03499703	-0.14959260	-0.07631962	-0.13440768	0.04065318	0.07090685	-0.05010696	0.08522522	-0.06417289	0.10289494	0.11794749	0.06719413	0.09093989	0.01303937	0.01069996	-0.02828171	0.02238747	0.00175337	-0.05151151	0.02256885	-0.01324386	0.04945787	-0.06995404	0.01401287	0.08986691	0.06429354	-0.12236949	0.05573275	-0.05500947	0.02280146	-0.03152049	0.07889228	0.12115778	0.07379778	-0.05542794	0.05341188	0.03257435	-0.03238397	0.10883102	0.09117705	-0.00080062	-0.02599099	0.06417133	-0.00816360	0.02990468	0.06853759	0.08652188	0.02855964	0.09752158	0.03113598	0.01533857	0.14514447	-0.04478363	0.03610632	0.01899398	0.04783801	-0.06557878	0.02844248	-0.08734854	-0.05320923	-0.10661099	-0.11741883	0.03316166	0.00396109	-0.05546861	-0.04309202	-0.08942123	-0.04309436	0.07649396	0.15193448	-0.05589270	0.10552110	0.07020909	0.07016542	-0.06162678	0.14418170	0.11396240	0.09281231	0.05237225	0.07783167	-0.01267180	0.02938086	-0.07966483	0.07463532	0.15128690	0.04000645	0.04151935	0.07410521	-0.00089771	0.28893973	0.22231504	0.81883180	0.32058073	0.08468929	0.14385807	0.26418430	0.27940767	-0.18016919	0.00094652	0.31561513	0.08170177	0.02360392	0.15791956	0.17420365	0.07373796	0.07839752	0.09220117	-0.02754132	0.18582518	0.05869413	0.00243754	-0.01166087	-0.08437163	0.07719565	0.14279068	0.14974762	0.07803594	0.15755778	0.06231548	-0.02464609	0.08679972	-0.03385536	-0.03360944	-0.00600823	-0.04132025	0.04196059	0.00714861	0.01150148	-0.01910768	-0.03090752	0.03906481	-0.06253982	-0.07620718	-0.08378334	-0.07630285	-0.06199866	0.00257562	0.09346940	-0.01298889	-0.04504543	0.09564872	0.06811304	0.12414785	-0.01595911	0.02440958	0.05954141	0.12409957	0.42396221	0.25352468	0.08961711	0.00459974	0.15156093	0.08583412	0.08074685	0.01410667	0.00467564	-0.05685415	-0.11536632	-0.12480154	-0.06257731	-0.01411908	-0.06799233	-0.06110563	0.08650485	0.15703131	0.08304355	0.07095013	0.04833522	0.11619723	0.03755757	0.11164079	-0.02543723	-0.13048223	-0.11296056	-0.00647807	0.04749537	0.12406365	0.06940097	0.10443595	0.14672094	-0.01608805	-0.02630436	-0.04688461	-0.03877754	0.04509679	-0.06290191	-0.06653162	0.05587058	0.05610903	0.10101864	0.00611994	0.03956253	0.00229153	-0.01036758	-0.01461605	-0.12694868	-0.02179514	-0.03887073	-0.07799043	0.06601042	-0.00122594	-0.09413468	-0.03743787	-0.06088496	-0.05245962	-0.03886477	0.00579528	-0.01213290	0.10391627	0.05686710	0.02433643	0.06355395	-0.00532080	0.05236275	0.04042306	-0.02369272	-0.04943437	0.06729707	-0.01164588	-0.00605667	-0.06058424	-0.05032179	-0.11496022	-0.11334487	0.06471769	0.07195135	-0.03196732	-0.02445916	0.02654330	-0.02464158	-0.09316235	-0.01128848	0.00853305	0.12309955	-0.11653895	-0.02924155	-0.00860982	0.05814858	0.03293367	-0.08360885	0.07584632	-0.01318966	0.01773500	0.08217400	-0.04555533	0.03927843	0.09664806	0.13490724	0.03436533	0.07365700	0.02669398	-0.05260810	-0.11021117	0.02812791	-0.04888484	-0.11768556	0.00475503	-0.08642031	0.01904932	-0.01929182	-0.07798982	-0.15905431	0.02566052	0.02243196	0.01853076	0.09512601	-0.03844948	-0.00455431	-0.00964014	0.17460127	0.08049412	0.07948383	0.00417340	0.03101150	0.06670320	-0.02417685	-0.06565568	-0.03611210	0.05410149	0.01072175	0.01175252	0.12856345	0.03996562	-0.09477456	0.02721121	0.10104524	0.03431619	0.02503517	0.00448095	0.04537268	0.03045038	-0.02189593	0.01751700	0.30359727	0.31555584	0.42981372	0.06289796	0.42314070	0.05042831	0.11473426	0.22657048	0.09312293	0.15082849	0.05970749	-0.00224952	0.08927026	0.03949021	0.03389347	-0.03464551	0.00367348	0.04126049	-0.02682984	-0.03101413	-0.06230923	-0.04869906	0.10776515	0.10761479	0.08633911	0.02861730	0.07478653	-0.01782905	-0.02689320	-0.02797731	-0.04276069	0.02423320	-0.01439879	0.09807426	0.10692904	0.08567812	0.00814111	0.04606212	-0.00672485	-0.05232665	-0.05124576	0.02383717	-0.03573116	0.11610377	0.06969659	0.01718375	0.01844670	0.00534468	-0.05590169	-0.05696771	0.00390990	-0.04487033	0.06373995	0.02942275	-0.01784607	0.13914093	0.08183351	0.06350583	0.03390374	-0.06182351	0.04226964	0.15614196	0.17935902	0.09773435	-0.03651718	0.04061730	0.01382500	-0.05928717	-0.05669865	-0.01993494	0.09933800	0.00796807	0.00837233	-0.00078046	-0.01494278	0.01456745	0.02195990	-0.05356533	0.01926812	0.15350388	-0.01253259	0.09950631	0.09836701	0.18953224	0.05208723	0.09632374	0.06603370	0.01381254	0.02734527	-0.02049753	-0.01355246	-0.01292662	0.02801530	0.02764957	0.10181739	0.00747405	0.12855732	0.09857770	-0.05798579	0.03011226	0.15796872	0.05322959	0.11101440	0.16047493	-0.04699151	0.09022965	0.04550966	0.04306067	-0.03095121	0.15338469	0.12119710	-0.04861102	0.16305707	0.15153212	-0.20420229	0.05284683	0.13835496	0.04143126	0.02549712	0.07808257	0.00510302	-0.12980764	0.02303319	-0.13552204	0.06451544	-0.06820197	-0.13721896	0.00228403	-0.03363282	-0.00046603	0.00809614	0.02606316	-0.01774199	0.00262087	0.08912918	-0.09448837	0.04424398	0.06738645	-0.05363554	-0.18656293	-0.06630263	0.00877120	-0.10294611	0.06454782	-0.07742455	0.03244699	-0.00243035	-0.00369070	0.04185324	0.06059613	0.08698752	0.10396499
17Networks_LH_LimbicB_OFC_4	0.11624333	-0.04846771	-0.02340169	-0.02766416	0.01058014	0.13393596	0.12791440	0.00034716	0.17111599	0.00366466	0.00211249	0.05157690	-0.12216706	0.01887401	0.00464579	-0.04039438	-0.13249802	0.06776033	-0.13538290	-0.05199650	-0.09125900	-0.03603027	-0.11202482	-0.11087577	0.07584319	-0.01639984	-0.03238058	-0.09928911	0.12717799	0.07526257	0.10580065	0.09927800	0.01963619	0.01384063	0.08133765	0.04319863	0.09962387	0.04516991	0.07754492	-0.02322005	0.06360105	-0.04605475	-0.02047036	-0.02664493	-0.04551865	-0.08826066	-0.05871022	-0.05158912	-0.06710711	-0.10385844	-0.02212645	0.03223110	-0.05008843	-0.20493642	-0.11701108	-0.27171654	-0.09988896	0.03504022	0.04321048	0.01646771	-0.06307257	0.10420580	-0.00898833	0.10890474	0.07760857	0.11122398	-0.03176156	0.03203790	0.00251276	0.00929751	0.06711199	0.03566996	-0.15034030	-0.06623247	-0.05169635	0.02206351	0.04908546	-0.03817555	-0.01284184	-0.14783066	-0.08471717	-0.07037074	0.08295060	-0.07294729	-0.04767591	-0.12354482	-0.11971940	-0.11541564	-0.04341607	0.00635514	-0.03517089	-0.07305044	-0.04280952	-0.21682772	0.00746086	-0.02099240	0.01811828	-0.00491489	0.05626373	0.02279343	-0.06132249	-0.04654442	-0.02726202	0.05766511	0.09787508	0.02994473	0.01886027	0.01578998	0.30940593	0.18717517	0.32058073	0.77044919	0.13831849	0.18856775	0.21694583	0.24499707	-0.03311692	0.19440782	0.27843213	0.15311532	-0.03728160	0.08639699	-0.03739318	0.04753548	0.06292799	-0.02308784	0.02236258	-0.03241308	-0.04021791	-0.07834544	-0.03575343	-0.04695329	-0.04089626	0.15173321	0.10566596	0.13666968	0.03080075	0.01233704	0.13334818	0.01002489	0.08843683	0.02057284	-0.00106187	-0.02488487	0.01974408	0.10078179	0.00017397	0.02478927	0.18108801	0.10598726	0.00611610	0.04780933	0.11636763	0.15625058	0.09294681	0.10375176	0.07061053	-0.02076980	0.12347452	0.12463347	0.20700669	0.18241807	0.16485529	0.05896251	0.09879298	0.02412706	0.38634372	0.29575265	0.19062668	0.11586261	0.06834208	0.15054043	0.21607877	0.13402217	0.12690680	0.01571399	-0.03258803	0.04238432	0.02785816	-0.00792057	0.00239095	-0.01113433	0.12598152	0.17557739	0.12070002	0.01113437	-0.04439363	-0.03196603	0.03961442	0.14279148	0.05559644	-0.05068999	-0.04154209	-0.06438779	0.06495083	-0.01671628	-0.02957238	-0.04337116	0.10631760	0.02307197	0.01025408	-0.04580181	-0.09254189	0.08906824	0.01855282	-0.11498817	0.09851688	-0.00218741	0.11832974	-0.01626722	0.01812017	0.00759498	-0.07660525	-0.06797455	-0.06980685	-0.02359828	-0.08121521	-0.08804224	0.01509967	-0.07215048	-0.08170977	-0.10679248	-0.06017710	-0.11220020	-0.13259692	-0.08937187	0.05644420	0.04836429	0.07887012	0.06873637	0.12280822	0.00966068	0.10580807	0.09586631	0.03116999	-0.04406935	0.03012166	0.05729151	-0.02946203	-0.06095623	0.00145328	-0.01439630	0.03444244	0.02086179	-0.05939685	-0.13763359	-0.17731101	0.03085384	-0.15940884	-0.09735873	-0.12586820	-0.05772344	0.06151502	-0.16529687	-0.09295425	-0.08052207	-0.03234095	-0.06567518	-0.04978641	0.05645641	-0.01750308	-0.00509094	0.28342134	-0.04861998	-0.03989266	-0.04125914	0.08592365	0.04534096	0.07848186	-0.01779850	0.02747288	-0.03763452	-0.08797412	-0.12055268	-0.16924224	-0.03558166	-0.13829646	0.09840154	-0.05105262	-0.03270772	0.02523639	0.04143194	-0.01288237	-0.01063080	-0.07379254	-0.15276244	-0.18128613	-0.10164318	0.13294095	-0.01890643	-0.02311774	-0.05480504	-0.13592841	-0.10760868	-0.12194527	-0.12221204	-0.02859524	-0.05199596	-0.06627343	0.00812992	0.08336662	0.00407935	-0.01235129	-0.08008209	-0.02545808	-0.00063300	0.03014417	0.01918276	0.05440189	-0.08599990	0.00574026	-0.01245638	0.29363931	0.22879571	0.37080111	0.02157824	0.40268783	0.14651651	0.15170418	0.15405798	0.17393293	0.20428316	0.11195724	0.08890788	-0.03521463	-0.02777487	-0.08962168	-0.07281308	0.10534678	0.00972725	-0.01759507	0.03519537	-0.12438834	-0.02644282	-0.03985888	0.17997807	0.02655777	0.06396950	0.03000204	-0.12141410	-0.13775419	0.03735797	0.04438993	0.05255744	0.12370115	0.21093130	0.11184889	0.03543637	0.16404271	-0.00486747	0.02792643	-0.07417194	0.22463461	0.08519647	0.00243695	0.16956748	0.06551304	0.16047525	0.20290235	0.05731601	0.12471144	0.11748924	0.18529670	0.12034435	0.15817009	0.08285026	0.09052577	0.24897262	0.21771995	0.05464541	0.18563625	0.04022071	0.07138419	0.05925409	0.18495716	0.20164129	0.14723856	0.04860588	0.15353269	0.00236388	0.00890647	0.07550982	0.08639169	-0.06095913	0.10170102	0.00486918	0.06835790	0.07153696	0.09614143	-0.00851529	0.16281925	0.14094951	-0.04508315	0.00770525	0.06973791	0.03791955	0.00126132	-0.00649728	0.12038955	0.00290708	0.17841358	0.02510501	0.05341915	0.07207000	-0.05531134	0.04860608	0.18119642	0.02492026	0.12993965	0.02620547	0.01157724	-0.01249693	0.07643720	0.04561920	0.04322161	0.07116706	0.01656866	0.07573446	0.08870561	0.10487017	-0.01210212	0.10113909	0.12437706	0.05548747	0.10815934	0.03290574	-0.10812059	0.17519469	0.09339420	-0.00678866	-0.02126882	0.05027428	0.09944781	-0.06221578	-0.03052019	-0.04596935	0.02119031	-0.00825380	-0.00046628	0.02687650	0.14034410	0.04179813	0.07115999	0.02479233	0.03024450	0.10096919	0.21806557	-0.01530863	0.03743950	0.07304974	-0.02764719	-0.13841271	0.02946102	0.06103820	-0.01093431	0.00052830	-0.06656554	0.03710389	0.04114919	0.10147638	0.12857875	0.12464491	0.12891251	0.12376552
17Networks_LH_LimbicB_OFC_5	0.24092293	0.14453364	0.36458424	0.28833175	-0.04101128	0.14210258	0.31253764	0.11425684	0.25154339	0.18236824	0.21301639	0.11118448	0.07812178	0.08972605	0.33332328	-0.12302902	-0.17694828	0.21462665	-0.18088346	-0.10630140	0.04833401	0.02265905	-0.09101349	-0.03749267	-0.12164563	0.01278981	0.06892980	-0.21051140	-0.05814676	-0.06585067	-0.11000272	-0.10607813	-0.21918289	-0.11356742	-0.05182309	0.05940919	-0.27540069	0.20068632	0.13079854	-0.09004294	-0.15351606	-0.00321139	-0.20868474	0.38450379	0.20377059	0.02486564	0.15447898	0.02763435	0.35287694	0.16017506	0.02804799	0.07193471	-0.16393607	-0.15367018	0.02351072	-0.07940828	0.09883851	-0.23774008	0.17879098	0.23161598	0.06476830	0.27706419	0.12744019	0.02077822	0.05820177	0.02918331	-0.15669128	-0.10689003	-0.08598265	-0.14733393	-0.15931589	-0.17244583	-0.21239916	-0.04045392	-0.25805201	-0.16011650	-0.17776354	-0.16398793	-0.02667511	-0.14041403	0.10979164	0.23280772	0.02744507	-0.04791005	0.03479006	0.04036302	0.32900895	-0.29280781	-0.04365304	0.12068463	-0.04176273	-0.02781515	0.02586994	0.06620600	-0.12008492	-0.17708595	0.01628455	-0.18393933	0.38347911	0.18377752	-0.21112892	0.04945567	-0.28899507	0.06429868	0.26933941	-0.15985255	0.13933371	0.24416272	-0.03419915	0.16882038	0.08468929	0.13831849	1.13728121	0.08410049	-0.11801430	0.03761907	-0.06535609	0.23570483	-0.02245819	0.10832165	-0.01662679	-0.01190890	-0.29355550	-0.03250709	-0.06960586	-0.20191359	0.23590051	0.13127285	-0.10696264	-0.01754685	0.35846254	0.20245862	-0.10570871	0.31672469	0.06983552	0.24733295	0.04868500	-0.14879449	0.35626408	0.32326725	0.57477619	0.24613177	0.67575955	-0.02030063	0.09503837	0.10315456	-0.19529464	-0.02390935	0.50663759	0.17296109	0.16571860	0.43391708	0.42882696	0.29036449	0.44064446	0.21762453	0.04328578	0.14439403	0.51399639	0.23534872	0.44791534	0.12293618	0.34186715	0.38949651	0.30277023	0.20136576	0.28235800	0.40776443	0.31782010	0.43643898	0.39418129	0.52711574	0.37473282	0.51314171	0.55040723	0.59511589	0.50180583	0.42257655	0.27469990	0.39958115	0.48612458	0.51135590	0.31430625	0.19382527	0.58881700	0.46125836	0.41442944	-0.11581356	-0.01002370	0.07425318	-0.04707804	-0.06888258	0.29520993	0.01654301	0.31391395	0.45091169	0.39500670	0.16425803	0.18044271	0.36012869	0.25695471	0.27290853	0.25240516	0.42427881	0.39952917	0.17671813	0.51880425	0.21344541	0.39659293	0.23846034	0.20390433	0.35666245	0.17674660	-0.00646206	0.09576912	0.03330437	-0.07856077	0.01532406	0.11187830	0.00513468	0.07083443	-0.11860532	-0.03592923	0.06936384	0.01757414	-0.06119027	-0.16513485	-0.25692118	0.03672254	-0.19994679	-0.05061590	-0.11196286	-0.05088954	-0.05781344	-0.18228292	0.05506697	-0.06626577	-0.02822712	0.14629243	-0.13354938	0.08894428	0.05694570	0.13745129	0.01901558	-0.01347167	0.07790020	0.14900844	0.13178035	-0.18055903	-0.15956413	-0.08840951	-0.02013484	-0.06530363	-0.19595046	-0.09524312	-0.16605278	-0.08685980	-0.18392686	-0.13718814	0.20312557	0.29382868	0.16047627	0.29941440	0.11543487	0.07365248	0.12252438	-0.14077455	-0.04879226	-0.15535508	-0.21849685	-0.28264175	-0.30636774	-0.00202192	0.14591638	-0.24290774	-0.27626839	-0.16822201	-0.23465002	-0.20599894	-0.09730658	0.14252899	-0.13311378	-0.09965187	-0.09950336	-0.17332871	-0.14299234	-0.24995999	0.05254042	0.21679908	-0.14908263	0.05691802	-0.01525232	-0.15404360	-0.10263492	-0.14505926	-0.12149955	-0.01674359	-0.28382118	-0.18143936	-0.30269078	-0.18303996	0.16944153	0.19308188	-0.07067626	-0.14985970	-0.06106743	0.22905640	0.03391005	0.09109315	-0.09059981	0.28022021	0.07155983	0.03577641	0.05959199	0.16093055	-0.04571017	0.08763772	0.44697384	0.09768175	0.16528889	-0.10907207	0.19077291	-0.07701222	-0.05105336	-0.13508201	-0.38132209	-0.25133904	-0.09090092	0.33428770	0.17906478	0.26905087	0.10840664	-0.02831498	0.27152724	-0.02591116	0.27751150	0.20209278	0.35404858	0.18947954	-0.28973072	-0.16584486	-0.11630822	0.22186581	0.25019162	0.36251586	0.08742820	0.15183704	-0.06063855	0.26297316	0.23759220	-0.09467675	-0.06816750	0.36511371	0.07504006	-0.11637645	0.02540140	-0.21110534	0.39445057	0.40504045	0.17914774	0.37507616	0.36560557	0.27915655	0.45642920	-0.01794447	0.00923773	0.19546742	0.18741724	0.31653783	0.20692064	0.36815028	0.47119102	0.08981955	0.25337961	0.50088536	0.22651715	0.20005656	0.30493462	0.34359009	0.21707599	0.21722948	0.18713526	0.38804703	0.23205295	0.09957091	0.07288554	0.03765887	-0.02355334	0.01186218	-0.16661969	0.06477182	0.16324882	0.06974187	0.35014193	0.28643022	0.05435949	0.24490193	0.14657110	0.38135635	0.21075733	0.04386219	0.05457074	0.08362871	-0.11767992	0.11618979	-0.07800862	0.09736621	-0.13822154	0.23048505	0.06837822	0.05837216	-0.05671868	0.09345897	0.07539020	0.21138940	0.24685134	-0.03914239	-0.04855645	0.05977398	0.07325375	-0.01923358	-0.10657066	0.11987027	0.05087277	0.17592091	0.04839370	-0.00720220	0.16236256	0.19875609	0.00343438	0.34398080	0.25955296	0.24114051	0.01541320	-0.05717527	0.22604265	-0.00915092	0.11217633	0.01023783	0.01542769	0.16564709	0.28573545	0.23731214	0.24090356	0.35680033	0.49936675	0.51686027	0.39414563	0.11733650	0.10579837	-0.05627875	-0.10844582	-0.10212607	0.01221233	0.02212680	-0.00017708	0.04937892	0.48194358	0.32924295	0.55638349	0.36492463	0.56034776	0.52963067	0.54804237
17Networks_LH_LimbicA_TempPole_1	0.05541190	-0.03725375	0.03077376	-0.06559260	0.00201640	0.31978883	0.06480970	0.10890421	0.21065467	0.17134515	0.04614742	-0.01925704	0.05528664	0.02765004	-0.09270122	0.03433276	0.00661197	-0.02504344	-0.15145880	0.06375935	-0.13150218	-0.16757086	-0.07498582	-0.08949530	0.08697114	-0.00636346	0.11752739	-0.06084207	0.16394939	0.03586329	0.10191649	0.11353336	0.04895814	0.00029610	0.03598923	0.08139191	0.15298637	-0.10506731	-0.05535863	-0.02569370	0.01507279	-0.12724931	-0.00631835	0.02853565	0.05130157	0.00663086	0.05030490	0.01678321	0.06479578	0.14714952	0.09621307	-0.02348764	0.08252770	-0.02581865	0.07215159	0.09793581	0.17136524	0.01077316	0.16985636	-0.09543137	-0.00483625	0.06439278	0.13996803	0.24520909	0.07760077	0.09676657	0.00796476	-0.01209730	0.04253091	0.14059287	0.12087197	-0.01177750	0.00156444	0.02749278	0.11210592	0.15160812	0.10142534	-0.02927566	-0.11947965	-0.17568181	-0.18941139	0.11481256	0.03591248	0.07102414	0.06768087	-0.02066568	-0.00603311	0.07936645	0.16650913	0.18760068	0.00277858	0.08087438	-0.01581609	0.00225789	0.16351599	0.11675943	-0.02500163	0.07779683	-0.02700601	-0.06337711	-0.05718936	0.00317122	-0.05214703	0.02973148	-0.09810431	0.17224153	-0.09538706	-0.22418747	0.09052398	-0.12848223	0.14385807	0.18856775	0.08410049	0.98303091	0.55936870	0.50822285	0.26244386	0.47040356	0.28481340	0.00218428	0.22515497	0.03163607	0.03235470	0.12443892	0.16781267	0.07947073	-0.07938365	-0.02274801	-0.09596787	0.11080351	-0.07526325	-0.16212597	-0.00856512	-0.13220245	0.07222661	-0.06359633	0.05606497	0.12943395	-0.04199080	-0.13108459	-0.15238029	-0.10621425	0.03559638	-0.19187919	-0.09010802	0.08575078	-0.05313384	-0.21459047	-0.09207458	-0.03303095	-0.15559983	-0.10530944	-0.19666834	-0.09841214	-0.08677844	-0.10125921	-0.11860448	-0.09936424	0.00671165	-0.06422666	-0.14683269	-0.20818324	-0.09833248	-0.14515417	-0.09735516	-0.15615571	0.18168470	0.36955988	0.37267746	-0.07400893	0.20122063	0.04087165	0.09705218	0.10095763	-0.04283826	-0.02340985	-0.04861884	-0.16482713	-0.15702870	-0.09672550	0.06774095	0.01544092	-0.00866380	-0.10952007	0.04795337	0.01299844	0.06496215	-0.00320667	-0.14233185	-0.10279010	-0.20215528	-0.13522848	-0.06032412	0.09856351	-0.15422808	-0.03276225	0.08100082	0.18901353	0.28491068	0.06397782	-0.03985519	-0.04465670	-0.03108428	-0.05712485	0.09915188	-0.05591642	0.14092712	0.22462590	0.25232056	0.16449986	0.14389926	0.06381596	-0.01388605	-0.03164995	-0.14924799	-0.15475287	-0.08671964	-0.14308778	0.10118424	0.04378622	-0.11413845	-0.10692611	-0.06014014	-0.10407452	-0.01875582	0.01594318	0.06886897	0.01605620	0.09479590	0.05533636	0.11330453	-0.01087069	0.10333699	0.05321722	0.04792019	-0.14079661	-0.02885651	-0.06231787	-0.09027266	-0.10525138	-0.11003491	-0.09836209	-0.14502133	0.06787438	-0.01461344	-0.02823700	-0.01713406	-0.10606322	-0.10626140	0.02377343	-0.06552358	-0.00193247	0.02952896	-0.08884612	-0.02437160	0.00950444	0.11129561	0.08695590	-0.16025155	-0.08179082	-0.01710641	0.07084404	-0.10371490	0.08782718	0.03927636	0.14811783	0.04219388	0.15536619	0.10509020	0.14689670	0.04400190	-0.00152552	0.20386887	0.07081053	0.08384559	0.14924401	0.05568923	0.02209545	0.02630527	-0.09423332	-0.18555605	0.03259547	0.10552772	0.03482255	0.08906175	0.01525806	0.06176369	-0.06291951	0.14236767	0.05332058	0.07193151	0.03409753	-0.07160703	0.01456993	0.10948728	-0.03847634	-0.13854993	0.07968486	0.06033485	0.11630448	-0.02782898	-0.00163634	-0.15336669	0.07818911	0.09301919	0.05872421	0.05870919	-0.00108885	-0.09916745	-0.13454158	-0.16431873	-0.06113752	0.29359188	0.16978252	0.36393768	0.11497675	0.15947598	0.31863112	0.50272964	0.45274425	0.09396287	0.46046924	0.26480289	0.01218399	0.15736540	0.09460390	0.07435144	0.14735949	-0.10767803	-0.01958257	-0.14488308	0.04213747	-0.04952374	-0.06501269	-0.09660229	0.17772540	-0.03094390	-0.00370366	0.05275921	0.10190208	0.04236986	-0.04706298	-0.09844444	-0.08347131	-0.08920691	-0.11073504	0.00226030	0.03901251	-0.11565705	-0.00713333	-0.01991110	-0.14096339	-0.06890407	-0.08834740	0.07242562	-0.07914409	-0.14791331	-0.00085720	-0.07344052	-0.02597458	-0.21365372	-0.19338471	-0.09613702	-0.09559529	-0.11881773	-0.15898515	-0.11664195	-0.20600609	-0.10027506	-0.22830961	-0.16690941	-0.04381187	-0.20322305	-0.03864001	0.10460935	0.12224090	-0.17095240	-0.09492456	-0.07281679	-0.17624705	-0.08338509	-0.14273902	-0.03602398	0.00623560	-0.11834107	0.12323555	-0.01477782	-0.07061848	-0.12501278	0.00292593	0.10828926	0.02706771	0.10367362	-0.08943666	-0.00245333	0.12233689	-0.06988660	0.04566742	-0.08149951	-0.03992309	0.45270611	0.16413338	0.24718635	0.21958845	0.02510184	0.13791623	0.07175542	0.04937824	0.06992432	-0.03243597	0.03204837	0.14468702	0.13175456	0.12411880	0.00166869	-0.00852397	0.29247099	-0.08302998	0.37030263	0.12875368	0.02709127	0.08537127	0.09328348	0.02215432	0.05024931	0.11367591	0.02912361	0.04970870	0.06493531	0.00456969	-0.00840468	-0.06784308	-0.13184155	-0.08384812	-0.03770828	0.08467237	0.15778053	-0.09224356	-0.09372121	0.09711339	0.03293390	0.03418860	-0.00086147	-0.02794995	-0.07039234	0.04325008	0.31840372	0.07724336	0.03922873	0.11676146	0.00654714	-0.30273091	0.05118698	-0.06176485	-0.14202347	-0.15817640	-0.04022579	-0.01899934	-0.02509987	0.13136640	0.10182083	0.20823048	0.28386225	0.27340964
17Networks_LH_LimbicA_TempPole_2	0.02312932	-0.06723862	-0.07066037	-0.18127164	-0.07597868	0.16812477	-0.11144430	0.04347287	0.01674986	0.03949113	0.01101509	-0.00011364	0.06043411	0.00357816	-0.11968679	0.15104293	-0.03072509	-0.05071053	-0.02078028	0.14438070	-0.09259526	-0.04312062	-0.01203392	-0.08429947	0.11484844	-0.00104335	0.08014173	0.02984079	0.16574071	0.12562843	0.08269881	0.09084334	0.11192441	0.07302204	0.06144508	0.12686857	0.30230058	-0.11524425	-0.04446429	0.03570520	0.23024736	-0.03524864	0.16904496	-0.03584940	-0.04209911	-0.04187621	-0.10223585	-0.05609723	-0.14083348	-0.00338585	0.03928039	0.05785971	0.19718977	-0.00397505	0.06209570	0.03782066	0.08068809	0.01905594	0.10109352	-0.04834711	0.06458731	-0.02807813	0.04773409	0.17268088	0.04478847	0.05451813	0.10170363	0.09379094	0.07135240	0.18873252	0.24803480	0.07287127	0.04360433	0.06670560	0.16294433	0.15167023	0.21899389	0.03141324	-0.03207142	-0.08178244	-0.12057230	0.00918034	0.08409604	0.02563074	0.06293862	-0.07581455	-0.03015192	0.11547837	0.13937655	-0.02768178	-0.03084845	0.04359507	-0.03443034	-0.03271212	0.22655719	0.21936455	0.05379634	0.13840950	-0.09468119	-0.00793236	0.04785289	-0.00195478	0.04565256	0.00800046	-0.05972558	0.13493878	-0.10603686	-0.21799572	0.28233221	0.04304701	0.26418430	0.21694583	-0.11801430	0.55936870	1.03965445	0.42009298	0.11512048	0.32599976	0.38138655	-0.00295338	0.12523149	0.08301140	0.16916863	0.19876381	0.17147803	0.19068958	-0.07189887	0.01354809	-0.04022357	0.10281845	-0.05238161	-0.12170688	-0.02209601	-0.11607718	0.01167031	-0.00153875	0.12613642	0.23134409	-0.05105860	-0.14895391	-0.14940784	-0.05863459	-0.18430965	-0.02288079	0.05922877	0.09848782	0.12430662	-0.09767655	-0.13836931	0.01468362	-0.11107232	-0.18640959	-0.23719035	-0.08442405	-0.07588657	0.01069609	-0.01067012	0.05171612	-0.04075348	-0.00630220	-0.16327051	-0.07057025	-0.09302639	-0.15964539	-0.05371188	-0.11006846	0.22295550	0.23172808	0.17537091	-0.05234310	0.07766259	-0.02628962	0.09293783	0.00667734	-0.14929513	-0.11129475	-0.14670336	-0.24726729	-0.19141487	-0.17424142	-0.10580044	-0.07100450	-0.01210704	-0.02013320	-0.10024536	-0.08214755	-0.04784377	0.04290381	-0.07670960	-0.00764934	-0.06716998	-0.04866045	-0.24937708	0.08204193	-0.12261417	-0.24487891	-0.00927333	0.02546352	0.13047501	-0.07957807	-0.08637234	-0.12918027	-0.06514335	-0.13672932	-0.03727178	-0.12463379	-0.04332728	0.10897869	0.01774854	0.11533329	0.06676850	0.03970413	-0.02294449	-0.00679119	-0.15314087	-0.10146715	-0.05780079	-0.07277086	0.02332988	0.05833091	-0.09984158	0.03115277	-0.00588058	-0.08161358	-0.02425171	0.03702343	0.18132027	0.10339769	0.12056196	0.08697346	0.15323092	-0.00036835	0.11445850	0.03712593	0.10551618	-0.10400277	0.11066032	0.03165630	-0.02114543	0.01046588	-0.12088202	-0.11333296	-0.21326143	0.14484842	0.08336767	0.06522532	-0.08078322	-0.02011369	-0.05914410	-0.02312031	-0.03063877	-0.05736730	0.10948663	-0.04994240	0.01133312	0.07156655	0.10241060	0.08220919	-0.06933963	0.04892811	-0.03351773	0.05891685	-0.07536863	0.12500860	0.06506110	0.13729954	0.16187349	0.19153958	0.16582337	0.23231065	0.13143385	0.05193289	0.15370178	-0.03198524	0.08573091	0.25378875	0.06777849	0.13650669	0.07227832	-0.02712146	-0.19629873	-0.00190466	0.12879078	0.03986467	0.05999606	-0.01704103	0.03041697	-0.02249513	0.18734607	0.06409099	0.13087104	0.02873115	-0.04860237	0.09044422	0.06976378	-0.01580670	-0.05064932	0.17287539	0.12140723	0.13273981	0.12685010	-0.03835409	-0.22088149	0.04982295	0.12149411	0.09593784	-0.10308416	-0.09222641	-0.08741142	-0.09862660	-0.26298719	-0.08632252	0.28269853	0.20130808	0.32684813	0.14371330	0.21841831	0.05749256	0.42893029	0.36114070	0.15435123	0.38110837	0.36097903	0.13326153	0.18362115	0.24169412	0.19585223	0.18261082	-0.12879319	-0.07707806	-0.18493885	-0.03476501	-0.13970023	-0.19008855	-0.05256720	0.15021883	-0.11022505	-0.01876946	0.03019591	0.08115413	0.14273586	-0.03438183	-0.12233552	-0.09543560	-0.13614545	-0.09262377	0.13943232	0.15571931	-0.12841348	-0.06291848	0.06040922	-0.03370086	-0.04188601	-0.05734729	0.06899379	-0.01843399	-0.00461064	-0.07165591	-0.10230605	-0.00010411	-0.26272021	-0.20221457	-0.03411563	-0.09987752	0.00133360	-0.04097002	-0.06587766	-0.15059214	-0.13380577	-0.17856618	-0.22182583	-0.18390428	-0.21600705	0.00562228	-0.02686373	0.06401748	-0.14898004	-0.11101569	-0.14975454	-0.15364638	-0.12558303	-0.05984500	-0.12730163	-0.10649793	-0.15142524	0.01271594	0.08751256	-0.02120814	-0.15134491	0.08080199	0.04362483	-0.01296793	-0.02997204	-0.13941082	-0.12454239	0.04570049	-0.15739299	-0.16443953	-0.13257387	-0.17138467	0.41589390	0.05797750	0.28680330	0.38111026	-0.01517993	0.19328351	0.08852794	0.08199912	0.01941539	-0.02113170	-0.03091571	0.06105507	0.10530353	0.14402407	0.01772711	-0.05995255	0.34429078	-0.03477905	0.30985444	0.19967723	0.10123542	0.09709438	0.03635978	0.05041642	0.11217730	0.06223884	0.00604521	-0.08192102	0.00635301	0.06525510	-0.02038815	-0.13566986	-0.09057433	-0.08029601	0.02238892	-0.01742116	0.20737786	-0.05078056	-0.01884201	0.12205907	0.01254293	-0.03490230	-0.00342375	-0.03381522	-0.09972349	-0.04270336	0.09252582	-0.07649213	0.00508085	0.16363417	-0.04203761	-0.14707266	0.08664151	-0.03360563	-0.11215263	-0.10017537	-0.05238299	-0.18428453	-0.07864831	-0.12936548	-0.00524574	-0.00673302	0.07290371	0.06975588
17Networks_LH_LimbicA_TempPole_3	-0.11101755	-0.21445020	-0.05605508	-0.19242830	-0.04983058	0.23685251	-0.03664313	-0.05825035	0.14354693	-0.03050055	-0.08244793	-0.14075006	-0.14509180	-0.12282267	-0.24889917	-0.04243955	-0.13776751	-0.11699345	-0.22009548	-0.10392483	-0.24259072	-0.19936060	-0.21671249	-0.16095515	-0.00233064	-0.06099705	0.03935757	-0.20779085	0.12786056	0.04234700	-0.00622133	0.02059905	-0.14090381	-0.10108314	-0.08531664	-0.17182487	-0.00822041	-0.14716854	-0.18751816	-0.15761008	-0.10643063	-0.20290454	-0.21015627	-0.01718828	0.09007457	0.02014351	0.05201905	0.00763152	0.08986777	0.16106269	0.01377262	-0.08787753	0.00823919	-0.01865048	0.04515549	0.05520568	0.07163283	0.01667336	0.09230294	-0.20460423	-0.16624798	-0.02272746	0.02507770	0.13768283	-0.06674146	0.03539225	-0.14270577	-0.11793965	-0.10671657	0.01455474	-0.03238061	-0.16828983	0.02186724	-0.03745938	0.13911122	0.00305794	-0.03078856	-0.18172273	-0.21800157	-0.24258215	-0.26418715	-0.03111372	-0.06014319	-0.05374401	-0.02459210	-0.05287648	-0.17630776	0.01883697	0.17508039	0.20176852	0.05535032	0.04030313	-0.06989624	-0.10142027	0.08234651	0.01658164	-0.09865970	-0.05513737	-0.10926121	-0.27699343	0.00585497	-0.10094546	-0.00910096	0.00736786	-0.09119288	0.07433354	-0.02302938	-0.24053143	0.18082593	-0.08663407	0.27940767	0.24499707	0.03761907	0.50822285	0.42009298	0.89152598	0.15253169	0.41032791	0.41278752	-0.02864342	0.08252919	-0.03559816	0.07797184	0.03389200	0.08285948	0.08933214	-0.14200915	-0.03056777	-0.04446253	0.11113483	-0.06924045	-0.17696457	0.02524625	-0.09275209	0.08799720	-0.08095594	0.02372126	0.09415100	-0.02750509	-0.11823775	-0.14559508	-0.15955532	-0.12053678	-0.11978393	-0.03574395	0.03857661	-0.00461806	-0.07478899	-0.11206840	-0.04048808	-0.12761504	-0.13885528	-0.11213033	-0.12422270	-0.12047848	-0.04163541	-0.04380210	-0.21534897	-0.05163310	-0.03032613	-0.12436056	-0.10065269	-0.10955696	-0.15723807	-0.07426075	-0.09507297	0.26926033	0.33115045	0.27327148	-0.09520075	0.15165830	-0.02703828	0.02467062	-0.03341462	-0.10940186	-0.09756115	-0.16810759	-0.24333043	-0.12729666	-0.24534052	-0.08585266	-0.15106688	-0.08541899	0.03861532	-0.02512340	-0.11528832	-0.10883122	-0.04439130	-0.14736802	-0.00886322	-0.09925748	-0.14196608	-0.13077334	0.00052778	-0.19571690	-0.12405550	-0.03556621	0.09965187	0.19639551	0.03851138	-0.20266237	-0.19936361	-0.22282386	-0.14450258	-0.02371853	-0.10232555	0.00500443	0.03369214	0.15279082	-0.05394359	0.06481548	-0.11457143	-0.22481451	-0.09456121	-0.30555936	-0.18024375	-0.13130660	-0.28525621	-0.05017760	-0.11402006	-0.21105412	-0.20601016	-0.14856401	-0.19371411	-0.06700855	-0.08680248	-0.06327233	-0.05437571	-0.00241518	-0.08655374	-0.08003302	-0.13205558	-0.02957162	-0.05145374	-0.18504881	-0.18422055	-0.04242148	-0.02985585	-0.12944655	-0.29555072	-0.21722234	-0.25939858	-0.11827356	-0.04702133	-0.03760440	-0.09046126	-0.06203900	-0.04278736	-0.03588860	-0.06972584	-0.10938093	-0.01743629	0.06268204	-0.13227879	-0.08166390	-0.03733225	0.07087019	-0.02768505	-0.35080580	-0.17802941	-0.16892098	-0.08245859	-0.01831788	-0.09514947	-0.11681078	-0.02351299	-0.00674214	-0.03738998	-0.05603948	-0.02001785	-0.11318184	-0.17959349	0.04573796	0.00946130	-0.05887000	-0.05891801	-0.09911021	-0.09946963	-0.09574715	-0.20292138	-0.16371985	-0.05435811	-0.06673951	-0.11469136	0.06771442	-0.03974374	-0.05803525	-0.15570347	0.03372736	0.00659928	0.04087699	0.08111695	-0.10684128	-0.01971336	0.02143575	-0.15473473	-0.10746458	0.00045261	-0.03890460	0.04720714	-0.11951445	-0.17038776	-0.20683314	0.04623522	-0.01620533	-0.02629701	-0.00493908	-0.11050194	-0.09151070	-0.10105921	-0.16204671	-0.14001909	0.33328880	0.19799282	0.45197380	-0.00943548	0.25258367	0.24009710	0.41484856	0.35856210	0.07139876	0.41332490	0.29304425	-0.07699468	0.01815377	0.07454014	-0.00217960	-0.07883891	-0.07334406	-0.04995119	-0.15567394	-0.00664989	-0.05029564	-0.16130423	-0.03617549	0.12349084	-0.08808792	-0.09023112	0.03639047	0.05475698	-0.02719862	-0.07603270	-0.07946493	-0.10337205	-0.05943127	-0.03387017	-0.16212022	-0.09033398	-0.08289392	-0.03566712	0.01159608	-0.15315121	-0.04176324	-0.00908405	-0.00351884	-0.08316981	-0.09040704	0.02704929	-0.00655261	0.00378765	-0.21977135	-0.16624094	-0.11572417	-0.13538403	-0.00168735	-0.22294051	-0.02315826	-0.06191528	0.01500963	-0.14349292	-0.12852985	-0.13607607	-0.13854045	-0.15680389	0.14027099	0.06365197	-0.13339741	-0.09469760	-0.07890670	-0.24594501	-0.13264997	-0.22448550	-0.11702075	-0.10126249	0.07595919	0.14123898	-0.06479102	-0.00410254	-0.12112109	-0.04295834	-0.02454369	0.05324163	0.02598587	-0.18687788	-0.01514722	0.17604015	-0.04552966	0.09878466	-0.07482180	-0.03811114	0.42206854	0.06223505	0.20504572	0.26446444	-0.07053839	0.16514095	0.00961323	0.03046465	0.02543265	0.01500048	0.02623865	0.04515786	0.11191261	0.18243571	-0.12338562	-0.04839459	0.19335238	0.01630491	0.36918674	0.16853563	0.01545508	0.15436161	0.04474211	-0.00176410	-0.01345825	0.09176890	-0.15038621	-0.01490560	0.06111717	-0.09383045	-0.16867605	-0.15656916	-0.17964032	-0.20235194	-0.13399980	-0.03260038	-0.01660307	-0.24234072	-0.14169011	0.00955006	-0.03955832	-0.10055826	-0.11997857	-0.14263330	-0.13731288	-0.04500601	0.19497525	-0.09746819	-0.10936790	-0.05110798	-0.15795625	-0.39400294	-0.04523702	-0.16825767	-0.16819126	-0.21679861	-0.19240039	-0.01651804	-0.15685326	0.02552582	-0.03672023	0.07153657	0.11843912	0.10511946
17Networks_LH_LimbicA_TempPole_4	-0.23615605	-0.06789577	-0.04731294	-0.07771447	0.07535233	0.04201746	-0.08973711	0.02158276	-0.07872454	0.01311638	-0.01919379	-0.15867865	-0.08238059	-0.12028672	-0.08747436	-0.01952059	-0.02294656	-0.01892330	0.02850902	-0.17269729	0.01711122	-0.13809165	0.03097137	-0.17303496	-0.14077590	-0.12660093	-0.11368285	-0.18549319	-0.06715721	-0.14529783	-0.16177513	-0.15288443	-0.07227387	-0.17396709	-0.10619247	-0.08728504	-0.03505199	-0.16506449	-0.20677708	-0.16821475	-0.10092184	-0.17672204	-0.14493438	-0.12583110	0.00671338	0.09738381	-0.04065324	0.00610353	-0.01551657	0.04228130	-0.01880694	-0.14530687	0.00621107	0.06572859	-0.02656445	0.05330472	-0.04268940	-0.16463732	-0.18520223	-0.11851287	-0.10426574	-0.09130652	-0.05720143	0.02202410	-0.15826839	-0.16107596	-0.13926615	-0.28357195	-0.28375030	-0.09819468	-0.12802630	-0.06710277	0.03416060	-0.11449350	0.05538567	0.00265395	-0.15249960	-0.14418497	-0.02116028	-0.06196769	-0.11763829	-0.10946948	-0.11638665	-0.05233002	-0.11042307	0.02343717	-0.06848272	0.09231882	0.06174158	0.18733277	-0.08953390	0.00018524	-0.13902724	-0.05631821	-0.14132837	-0.11888350	-0.17961932	-0.14492265	-0.21564347	-0.14890412	-0.03034483	-0.07819150	-0.02209173	-0.12276275	-0.18505922	-0.07641494	-0.13117704	-0.23334549	-0.02662256	-0.21247530	-0.18016919	-0.03311692	-0.06535609	0.26244386	0.11512048	0.15253169	1.02229012	0.32565765	-0.02577244	-0.04900580	0.06211153	-0.35075286	-0.04842736	-0.18618385	-0.12811853	-0.07249775	-0.12019199	-0.17496145	-0.11268811	-0.01463151	-0.12495201	-0.10193603	-0.03422399	-0.14497933	-0.00403249	-0.19939358	-0.18046999	-0.06869149	-0.04444427	-0.19904380	-0.18551979	-0.18533553	-0.09763499	-0.08207881	-0.17504498	-0.06066591	-0.17549381	-0.12478743	-0.14044036	-0.11612065	0.00069132	-0.07948743	-0.09623826	-0.06533267	-0.08269184	-0.18332663	-0.14210983	-0.18060508	-0.05186100	-0.16013499	-0.23197817	-0.25398838	-0.11113552	-0.14748081	-0.21144442	-0.16190987	-0.22188675	0.05776294	0.21719814	-0.15406024	-0.01704203	-0.14092441	-0.06832376	-0.05569783	-0.14407940	-0.04112805	-0.06693362	-0.03506221	0.02091209	-0.20786074	-0.02757941	-0.09561123	-0.24430428	-0.12993200	-0.15238728	-0.19602651	-0.11638775	0.00533677	-0.17132438	-0.15466311	-0.06850254	-0.01357055	-0.03109392	-0.03287513	-0.26692069	-0.10036531	-0.04016840	0.10580689	-0.00861300	0.06543430	-0.14110683	-0.03628662	-0.08998320	-0.13360956	0.08885456	-0.03724933	-0.09978566	-0.01491636	-0.05323948	-0.08448369	-0.04277935	-0.04936474	-0.15399822	-0.06770555	-0.00612065	-0.10634173	-0.07305342	-0.03105806	-0.17106847	-0.07089975	0.00923647	-0.19059472	-0.03524760	-0.01609032	0.03512776	-0.19541877	-0.06323032	-0.13932748	-0.09886915	-0.08254577	-0.08284369	-0.16564446	-0.12991057	-0.13786515	-0.06685748	-0.09698319	-0.30118621	-0.17862798	-0.20196928	-0.09988697	-0.08210863	-0.09055238	-0.07926515	-0.11236874	-0.08630980	-0.03933427	-0.04207705	-0.24385612	-0.02160965	0.02925758	-0.09371624	-0.03339034	-0.06271887	-0.01721686	-0.10067737	-0.01534242	-0.10559569	-0.10681185	-0.12367329	-0.16521962	-0.02348308	-0.16371938	-0.12632628	-0.02118755	-0.12673595	-0.15852192	-0.24236223	-0.17142901	-0.21548876	-0.07127910	-0.01879294	0.00655578	0.03669265	-0.10727132	0.06457767	-0.05559418	-0.00361242	-0.09129873	-0.04822892	-0.00218374	-0.03636468	-0.09873832	-0.04210816	-0.06447398	-0.00719927	0.03062958	0.02476460	-0.08397694	-0.10573065	-0.05615606	0.05325524	0.06096519	0.02002841	-0.03779674	0.04069769	-0.09061295	-0.12630600	-0.13731989	-0.02618720	-0.02345403	-0.26927295	-0.18041363	-0.14644444	0.04983669	-0.00556406	-0.04917701	-0.04526806	-0.07381426	-0.15821852	-0.07968810	-0.16577759	-0.18079187	-0.03348687	-0.11924226	-0.01299974	-0.04391525	-0.19832182	0.14491903	0.14256438	0.07130860	0.08325823	0.13098211	0.02649340	-0.04199582	-0.15050147	-0.06452885	-0.01392512	-0.05047964	-0.15864766	-0.12834028	-0.11528024	-0.05670908	-0.01965779	-0.17146368	-0.22502565	-0.02084234	-0.13851324	-0.07319077	-0.04915572	0.05987712	-0.01148183	0.00141629	-0.06557212	-0.13079152	-0.10942541	-0.14396409	-0.12251379	-0.07363256	-0.17207884	-0.06646415	0.04140524	-0.10352075	-0.13469663	-0.10692382	0.04905320	-0.07922760	-0.20307005	-0.05946820	-0.10912370	-0.06942376	-0.18478407	-0.17451656	-0.11629456	-0.12572086	-0.23509367	-0.18793613	-0.17553919	-0.27580008	-0.16139521	-0.19903436	-0.16843345	-0.05946808	-0.23400721	-0.21869801	-0.05409213	-0.11355275	-0.18598059	-0.07506562	-0.14422552	-0.12274822	-0.11284744	-0.09897930	-0.20021042	-0.08121501	-0.02335456	0.05917252	-0.06443322	-0.01490534	-0.01249878	0.03978305	-0.05888982	-0.18323558	-0.01375973	-0.17456467	-0.16554151	-0.14731286	-0.05216573	-0.10652464	-0.15592321	-0.03589865	0.17769657	0.04604025	0.06873842	0.05291047	-0.07304381	0.05817630	-0.25101180	-0.15607095	-0.04344116	-0.12580818	-0.07814370	0.01746323	-0.09379192	0.03599675	-0.25583489	-0.26621249	0.21271461	-0.04648202	0.17063609	-0.07543944	0.03792129	-0.05475579	-0.17427081	-0.17414966	-0.14894050	-0.07883217	0.03087501	-0.14450745	-0.15412671	-0.08657087	-0.19379616	-0.30486251	-0.14839734	-0.01892902	-0.14863007	0.20513706	0.11983282	-0.07132621	0.02191768	0.07068143	-0.05386934	-0.05483243	-0.11463592	-0.17981614	-0.13915470	-0.04543519	0.07573567	-0.00414643	-0.08353068	-0.12339536	-0.13841758	-0.03923226	0.05821662	-0.14394205	-0.03526056	-0.01068289	-0.09939929	-0.17318201	-0.15141713	-0.02265390	-0.07357166	0.03661105	0.06022804	0.10501456
17Networks_LH_LimbicA_TempPole_5	0.02799584	-0.03790918	0.19066735	0.03669773	-0.08563410	0.23729350	0.13703803	0.08768945	0.22835084	0.12069856	0.07252380	-0.02895298	0.02928503	0.01957168	0.00377167	0.05082135	-0.14763415	0.06890806	-0.13947500	-0.02468916	-0.09097447	-0.07320397	-0.07105643	-0.09888690	0.08217674	0.01949313	0.07305300	-0.11770521	0.18623908	0.05624742	-0.01729731	0.01541660	-0.03789681	-0.03137155	0.04417543	0.01734762	-0.03657112	-0.05462460	-0.03119620	0.00712012	-0.05763155	-0.05315796	-0.17458009	0.08563414	0.10091426	0.14243780	0.06138061	0.01843971	0.11829037	0.21343404	0.02973320	0.00395889	0.06945072	-0.02349599	0.04567645	-0.01852601	0.17178505	-0.07155478	0.19064106	0.08759631	0.07236532	0.12587014	0.08950499	0.18938830	0.00722963	0.04134378	-0.09218752	-0.12457021	-0.09974245	-0.04771907	-0.00122052	-0.01348054	-0.05598388	0.01654863	0.06095860	0.06419627	-0.05781243	-0.13429420	-0.04526893	-0.11205888	-0.18323007	0.02318966	0.03674497	-0.02425782	0.07100311	0.01018939	0.07941495	-0.00329695	0.14127358	0.22260148	0.07726105	0.04247359	0.00870614	-0.04042656	-0.00215841	-0.00584325	-0.07126287	0.04566310	0.07286173	0.00052910	-0.10603441	0.05080616	-0.09572268	0.10144783	-0.01077968	0.07310927	-0.05516777	-0.06763801	0.06407581	0.01607873	0.00094652	0.19440782	0.23570483	0.47040356	0.32599976	0.41032791	0.32565765	1.03322131	0.26898481	0.02779404	0.14260315	0.01523819	-0.04682358	0.03947355	0.08309461	0.00831620	0.01555920	-0.12818200	-0.12266549	0.05378475	0.03516266	-0.06170624	0.01765247	0.09165413	0.17480811	0.03332617	-0.04006799	0.05307801	0.12871416	-0.08788345	-0.00121174	-0.05884444	0.10153561	0.02205424	-0.00399062	0.08748681	-0.02261460	-0.10182590	0.09983664	0.02685931	-0.00518561	0.05688725	0.03105839	0.03307352	0.08236625	0.02593989	-0.02239510	0.03188522	0.15741086	0.01111876	0.05285383	-0.12394021	0.03801431	-0.01936437	0.05322015	-0.07995236	0.17552506	0.38456493	0.40568549	0.04652801	0.18144120	0.06069393	0.11365154	0.17379324	0.14944879	0.20141835	0.10582448	0.10578271	0.03376548	0.05358307	0.11007538	0.08101503	0.07678960	0.07463821	0.15590537	0.06337084	0.03298024	0.05205505	-0.08963637	-0.02273389	-0.04418994	-0.01905680	0.11187280	0.09872607	-0.08953548	-0.00500225	0.03797203	0.06080660	0.09128745	0.14503576	0.05556815	0.03148077	0.03199286	0.06684790	0.24754267	0.08142495	0.21358929	0.12812536	0.18989394	0.16030663	0.06468104	0.10531783	-0.02317597	-0.08839010	-0.04297431	-0.04181051	-0.10221044	-0.11402573	-0.00595980	-0.01783176	-0.04284897	-0.13204198	-0.01377116	0.05566705	0.06511275	-0.00982794	0.00230290	-0.03655703	0.04514475	-0.02123456	0.06086064	-0.09179429	0.00640782	-0.00145764	-0.00851760	-0.09450829	0.01860419	0.05526122	-0.08072963	-0.12112979	0.03177737	0.00137965	0.02398615	-0.02112898	-0.07552780	0.09895165	-0.01610654	-0.04135386	-0.06056798	-0.05519510	-0.04117567	-0.01731820	-0.00752032	-0.09627025	-0.04513567	-0.05080866	0.08691526	0.04880008	-0.16146312	0.07725324	0.08873478	0.10377868	0.09292479	0.08096802	0.00897929	0.08717918	0.02754765	0.00953287	-0.00762815	-0.01239265	-0.04065390	-0.04023473	0.10196893	0.16421180	0.00116148	-0.05858850	-0.01894512	-0.09867435	-0.01953362	-0.05585587	0.00474007	-0.03122022	0.05827615	0.01495508	0.01059134	0.01477588	-0.08487827	-0.02589788	0.04428110	-0.02389816	0.04875269	-0.04970767	-0.17698408	0.03428464	-0.05005416	-0.01492811	-0.09035886	-0.07892736	-0.05222120	0.03172289	-0.14895519	0.03917314	0.00308734	-0.00152613	-0.09453943	-0.03603491	0.07114975	0.02098173	-0.02893751	-0.09519010	-0.03795234	0.05774730	0.25299601	0.10447061	0.32142883	-0.04902304	0.01835656	0.38178165	0.50824169	0.32649453	0.14943175	0.39447361	0.29207357	-0.03414644	0.01266094	-0.03177490	-0.02060740	0.01303409	0.07676314	-0.05896985	-0.03889417	-0.03117290	-0.05592644	-0.01782110	-0.11788673	0.20856482	0.03896951	0.09249068	0.01040670	-0.01337863	-0.06211319	-0.02388384	-0.00286677	-0.02375326	0.10182852	0.00867175	-0.02886878	-0.06154879	0.00932350	0.00421825	0.01291745	-0.04679639	0.14023569	-0.02205076	0.09489168	0.02558967	-0.11441944	0.13503377	0.13220057	0.06997789	-0.00556849	0.04949926	0.06882413	0.12633308	0.00288671	-0.15065301	-0.00787396	-0.04045093	0.11832784	-0.09564139	0.05166500	0.09653158	-0.15173999	-0.07183657	0.23436949	0.21883029	-0.01688548	0.03966872	0.04686670	-0.03018900	0.01847438	-0.04063360	0.06430512	0.05380840	0.05563362	0.15213928	-0.02288822	-0.03054706	-0.01752001	-0.04339290	0.01239637	0.03325845	0.12088435	-0.03116817	0.00920053	0.09327679	0.03229662	0.06114966	0.08650547	0.05977469	0.40670943	0.12992863	0.33741270	0.18545970	0.02635689	0.18193790	0.01765675	0.00583186	0.11292057	-0.01830244	0.07251034	-0.03923531	0.11760297	0.18967254	-0.04653945	-0.03905406	0.20885170	-0.03207898	0.30378298	0.25320319	0.05354085	-0.00783053	0.09539484	0.11783196	-0.00755359	-0.00732603	0.03046478	0.01249503	0.05710618	-0.01407519	-0.00261995	-0.09120721	0.04500718	0.01662620	-0.02871083	0.21207689	0.05348299	0.04940614	0.15743449	0.08628031	0.13477381	0.13752273	0.08197067	-0.01250225	0.08091479	0.19961636	0.38611103	0.15369148	0.02615056	0.08588631	-0.02718514	-0.26841760	0.11767867	0.00965500	0.03602300	-0.09408941	-0.12374341	0.14520034	0.05821338	0.24359930	0.02412914	0.21638722	0.25911039	0.32270331
17Networks_LH_LimbicA_TempPole_6	-0.10055160	-0.19748103	-0.04419335	-0.08418783	-0.09032251	-0.01150691	-0.04669336	-0.12669028	-0.02288905	-0.14393100	-0.14474650	-0.13656663	-0.22294396	-0.03307094	-0.18175226	0.09607320	-0.14027590	-0.09347943	-0.03471290	-0.01741679	-0.11640847	-0.02494053	-0.10930218	-0.12001497	0.02481168	0.04456371	-0.04341347	-0.12558626	0.12591663	0.06847310	0.05934580	0.09009039	-0.06686838	0.03464864	-0.01836793	-0.02905413	-0.01156788	-0.12209252	-0.10439136	-0.01049021	-0.06533192	-0.10477460	-0.13473527	0.02919448	0.14447258	-0.04475586	-0.08374176	-0.03052414	0.05494839	0.01935325	0.05809127	0.03426111	0.06600803	-0.00325859	-0.04872189	-0.00078416	0.04693858	-0.01935736	0.10133220	-0.04278628	-0.09260028	-0.04240564	-0.04643946	0.09496524	-0.10025182	-0.03014592	-0.04789623	0.07856793	-0.00065692	0.04028689	0.18693917	-0.00942284	0.05695656	-0.00239613	0.10900644	0.10918881	0.10019597	-0.05761061	-0.18938283	-0.14186255	-0.22655260	-0.07027085	0.18662757	-0.06513208	-0.00513937	-0.12789734	-0.19012315	-0.00697972	0.15241337	0.03065813	0.09113450	-0.04877926	-0.06041532	-0.10830976	0.07102165	0.15125236	-0.00788316	-0.01628295	-0.03987035	-0.19585164	0.13768486	0.02664685	0.15238111	0.22056185	-0.07749191	0.14000059	0.10130119	-0.03311075	0.31416051	0.06710795	0.31561513	0.27843213	-0.02245819	0.28481340	0.38138655	0.41278752	-0.02577244	0.26898481	0.92007381	0.05947752	0.02468890	-0.02859831	0.18724579	0.16131082	0.15257095	0.20487999	0.00664134	0.04414319	0.12548603	0.12395888	-0.00499460	-0.03601721	0.01157854	0.01648690	0.15636685	0.02246356	0.12896455	0.17232588	-0.02220524	0.06065958	-0.05715417	-0.00879874	-0.17155260	0.04314803	0.04399090	0.15029420	0.09810862	0.03780737	-0.06820985	0.12913243	-0.00321822	-0.03698967	-0.01252149	-0.09116604	-0.07567997	0.02507356	0.08018348	-0.09438999	-0.07340726	0.08653495	-0.03128985	0.00871141	-0.01417369	-0.03601083	0.03993568	0.05872506	0.38948515	0.25461384	0.08153767	-0.04980512	0.02303040	-0.08842797	0.03445785	-0.04363142	-0.10585577	-0.10726048	-0.12631718	-0.10137200	-0.10938836	-0.15264210	-0.16094617	-0.18407537	-0.03177041	0.16993843	-0.06872953	-0.18982024	-0.21780891	0.06195347	0.03111603	0.12451394	0.03878367	-0.04974974	-0.14551034	0.04319990	-0.07704072	-0.24773676	-0.13553618	-0.07226079	0.01331400	-0.04157182	-0.18468600	-0.18153077	-0.19632293	-0.12624430	-0.05733755	-0.08116241	-0.11295644	-0.10109864	-0.02909573	-0.11907180	-0.05810094	-0.12157685	-0.21062474	-0.01714627	-0.17074438	-0.02499919	-0.11837005	-0.11172024	-0.01899763	-0.02421711	-0.08648766	-0.01013543	-0.05632959	-0.14367389	-0.03159412	-0.03649112	0.00535398	0.04098441	0.02388943	-0.00403341	0.00572468	-0.05463354	0.02159196	0.06532818	-0.01949760	-0.14369742	0.12052754	0.00329615	-0.08207628	-0.22241436	-0.15324677	-0.14399110	-0.04649793	0.08127528	0.10418285	-0.10489658	-0.09994749	-0.01713463	-0.03661687	-0.10577275	-0.06654920	-0.01843506	-0.00270273	-0.07788430	-0.03892780	0.08578103	0.07188403	0.02875703	-0.16883277	-0.07621110	-0.15213376	-0.03864821	0.02006447	-0.14512110	-0.07179557	-0.14028088	0.12107407	-0.00006774	0.10900692	0.07334985	0.01137340	-0.06109770	0.02419429	0.02456924	-0.03654347	0.08318295	-0.08398409	0.06756880	0.04461846	-0.09593064	-0.20291791	0.06094734	0.10326964	0.01031716	-0.04156783	-0.07302336	0.01415261	0.02722757	0.02662514	0.06600757	0.03517812	-0.02490332	-0.08310010	-0.02890084	0.06565235	-0.13472627	-0.03276455	0.11889994	0.17158807	0.05914820	0.07126966	-0.03562949	-0.19893023	0.10617327	0.08258126	0.13047325	0.01419170	-0.03845160	-0.08251682	0.01912349	-0.09820468	-0.07885084	0.35449247	0.24829095	0.44862368	0.00824947	0.30510725	0.05683599	0.34765633	0.20225644	0.12418658	0.29074959	0.39410583	0.02569490	-0.00456702	0.13951121	0.14067363	0.00004345	0.01942129	0.03228783	0.01046358	0.09509231	-0.02546155	-0.16530362	-0.00497151	0.16956561	0.00921980	0.03804660	0.10264385	0.16547718	0.07736528	0.13206599	0.04523624	0.03276878	0.00725068	0.11962610	-0.06509280	0.12124067	0.01889182	0.07908008	0.12223198	0.02823469	0.01485327	0.10678679	0.09058024	-0.03250951	0.07975230	-0.07308296	0.07318788	0.09122668	-0.12343536	-0.11661395	-0.02211694	-0.08819872	0.14771752	-0.00792657	0.06767882	0.05280971	0.06137090	0.00605718	-0.01446539	-0.13591663	-0.06338034	-0.02483898	0.08593059	0.13343797	-0.01088071	-0.03694156	-0.03944936	-0.12660987	0.00686285	-0.15387116	-0.03915945	-0.13622169	0.09692960	0.18585963	0.03363811	0.13072949	-0.05733592	0.06201686	-0.06547532	-0.01153770	-0.11939483	-0.17897519	-0.10222383	0.12545168	-0.00854576	-0.01954935	0.01203695	-0.07045510	0.21147203	0.00390616	0.22847988	0.23002012	0.02447141	0.16771121	0.06074960	0.09201279	0.05114366	-0.07199752	-0.03251387	-0.07921859	0.11057868	0.13754457	0.00230717	-0.03939871	0.12241616	0.10494938	0.31554391	0.27030218	-0.01060354	0.14988547	0.07846030	0.07285883	-0.03744474	-0.02472202	-0.28422033	-0.02169278	0.03739551	-0.09136345	-0.13016150	-0.12658257	-0.04656593	-0.11105750	-0.07862273	-0.24374107	-0.05772944	-0.15567081	0.03640591	-0.04971891	0.00200530	-0.00923808	-0.03682771	0.00000274	-0.11383793	-0.06671880	-0.01444964	-0.16657111	-0.09801095	0.00545779	-0.14245686	-0.24977190	-0.03629523	-0.04897693	-0.05447740	-0.12817798	-0.14082750	0.04942699	-0.14386055	-0.05495294	-0.08686482	-0.02260911	-0.05388918	-0.05609697
17Networks_LH_LimbicA_TempPole_7	0.10500135	0.07567846	0.09834186	0.07262410	-0.06673052	0.07316120	-0.01143953	-0.03913186	0.08334228	0.01976019	0.05653772	0.05691599	0.07771404	0.06055614	0.09523693	-0.02214536	-0.05811026	0.09668376	0.05599815	0.06465268	0.11879919	0.08859677	0.05549335	0.00821738	-0.03326068	0.07358467	-0.03246593	0.06301542	-0.00340586	-0.01027943	0.02014645	0.04070883	-0.00838385	0.10211368	0.13517868	0.05409936	-0.00467841	0.01671799	0.02806392	0.04921985	0.00589046	-0.02867098	-0.04852832	0.20000548	-0.02332709	-0.01231469	0.00101152	0.02382423	0.15085618	-0.02032032	0.00372985	0.00214616	0.00324044	-0.12378287	-0.03794075	-0.17717552	-0.01048880	-0.00062103	0.02815449	0.02982081	0.03142785	0.06911827	0.05735661	-0.00303547	0.07521702	0.07491340	-0.00304204	-0.01725173	-0.02417017	0.02834529	0.01186182	0.08806190	-0.02107203	-0.06970876	-0.02361390	0.09499888	0.03522394	0.03611915	0.04996925	0.00709175	-0.03110345	0.02591985	0.04597948	0.11133469	-0.06852124	0.05568755	0.14816339	-0.00223106	-0.01344037	0.00046652	-0.14164076	-0.26969353	-0.01036185	-0.07797131	0.03105449	0.05208277	0.01368740	-0.13730112	0.02242981	0.08840975	-0.00671781	0.11493160	0.02864635	0.03804522	0.03403225	-0.06982142	0.11420969	0.10975552	0.09157232	0.17413713	0.08170177	0.15311532	0.10832165	0.00218428	-0.00295338	-0.02864342	-0.04900580	0.02779404	0.05947752	0.80597368	-0.01510371	-0.05033398	-0.02571190	0.03048320	0.06738790	-0.07700213	0.10859856	0.01432171	0.00526146	-0.08565493	-0.04359953	0.02678360	0.01631704	0.08077554	0.12410912	0.11510784	0.11328243	0.00672525	0.13687202	0.05302375	0.11029845	0.10139820	0.11121777	0.01755079	0.01947202	0.12291786	0.08161195	0.05484380	0.15988018	0.16415652	0.15244351	0.03953029	0.17564042	0.16417297	0.08858991	0.21401015	0.15617471	0.11648502	0.06596266	0.17299862	0.19752307	0.24131339	0.18059547	0.15908416	0.14000037	0.15675103	0.21432036	0.18310790	0.01410171	0.14113020	0.17979207	0.18274357	0.05926300	0.13709731	0.14099596	0.06467273	0.10726613	0.08974557	0.07642947	0.11617147	0.11172457	0.13318740	0.21686494	0.20035924	0.15861014	0.13580143	0.08075175	0.05976955	0.15755171	0.16405657	0.10020144	0.01623558	0.13713497	0.03929858	0.27646918	0.12696414	0.13131360	0.00801198	-0.01600408	0.13811937	0.01667572	-0.00137945	0.05258150	0.04573735	-0.08700818	-0.00778143	0.03725147	-0.10388962	-0.00371876	-0.05711336	0.09911142	0.04603147	0.05298387	0.03252722	0.05030448	0.06772099	0.01939223	0.10848874	0.07555337	0.03450389	0.07841661	-0.01902564	0.07333182	0.01869364	-0.05128618	-0.07708462	0.18446155	-0.02901207	0.15692154	0.09429524	0.03037094	0.03436704	0.10170349	0.09944152	0.09369678	-0.11269068	0.06831589	-0.08526962	-0.03121548	-0.03215984	-0.01895239	0.03191969	-0.03004606	0.12245011	0.06081291	-0.07411178	-0.01931153	-0.01447853	-0.07987388	0.00040027	-0.04368168	0.04111298	-0.05301535	-0.08551133	0.00660493	-0.08449885	-0.06887783	-0.03460504	-0.01094580	0.05773528	0.01416772	-0.01163536	0.09129900	0.07886051	0.05290856	0.02023403	-0.06087948	0.03534519	0.06752930	0.05560168	0.13381760	0.06840464	-0.00541981	-0.02370624	0.03201564	0.04142359	-0.00608038	0.07711004	0.00878070	0.13759300	0.01652146	0.02421512	-0.04670388	-0.03680551	-0.05166556	-0.03745412	-0.05664836	-0.07494711	0.11200007	-0.05413332	-0.01503672	-0.06066262	-0.09064203	-0.09632496	-0.11371617	-0.07434930	-0.04539060	-0.11419489	-0.17653413	-0.08841090	0.05674494	-0.02188092	0.01819127	-0.03869614	-0.06407422	-0.00791373	0.10059915	0.06870207	-0.00304248	-0.06943002	0.11573987	-0.03400270	0.05138807	0.05935315	0.05132971	-0.02630181	0.13142392	0.05310387	0.01470882	-0.00848204	0.14036552	-0.03173850	0.07983663	0.07130621	-0.10766698	-0.07647411	-0.07690567	0.05999960	0.09435583	-0.00331343	0.03559705	-0.01919175	-0.10554633	0.14800547	-0.03427061	0.03799787	0.08343541	0.10766640	0.01842179	-0.08241026	-0.11168785	-0.02235206	-0.04014669	0.04454174	0.09206946	0.08915677	0.10972101	0.05014059	0.07741458	0.02125209	0.01798983	-0.06686704	0.03407918	0.08072602	-0.07620951	0.06024302	0.04918880	0.02687133	0.08227899	0.00870789	0.12170009	0.10461735	0.08314070	0.07765421	0.14586327	0.21293485	0.14124163	0.19585674	0.11743716	0.16659613	0.13239146	0.08973074	0.07593490	0.14276055	0.21222655	0.27193383	0.03394075	0.07789956	0.02364550	0.13961607	0.04973908	0.06615236	0.15718244	0.01560281	0.10881577	0.09227851	0.11347293	0.13150549	0.04011044	0.09225756	0.08860116	0.16208203	0.01037983	0.17134241	0.15097376	-0.06043212	0.20208147	0.06127590	0.20168861	0.14129932	0.00409638	0.07410637	0.15631166	0.04675666	-0.02452321	-0.04895946	-0.01076348	-0.01185974	0.05774480	0.00253680	-0.10859913	-0.16290199	-0.05200440	-0.10278157	-0.02638384	0.06329183	0.01716775	0.11199800	0.03338349	0.05684610	-0.03019053	-0.03316193	-0.03070444	0.02965496	0.02885889	0.01598636	0.05511306	0.04812578	-0.08856037	-0.03024174	-0.04079709	0.01743560	0.12138145	0.01139334	0.01814816	0.02638108	0.05567381	0.06358718	-0.00118568	0.03575075	0.14675051	0.02874664	0.12471824	0.10846974	0.10128182	0.09952690	0.11443514	0.01885608	0.07092872	0.05869861	0.03534012	-0.01689371	0.06398336	0.03143278	0.16308431	0.00674340	0.08181177	0.09991327	0.11433021	0.07681874	0.10367366	0.11239972	0.01675469	0.10054142
17Networks_LH_ContA_Temp_1	0.20786302	0.22738718	0.23212976	0.23179007	0.11643043	0.11727979	0.21567851	0.29743503	0.16821257	0.20314730	0.12338885	0.08248281	0.12242726	0.24651339	0.21799065	0.10265781	0.17324808	0.08895335	0.02626588	0.14015019	0.06448316	-0.00148156	0.04026804	0.10543855	0.23735323	0.04755724	0.09022644	0.18221510	0.25081585	0.12987460	0.19880928	0.12741805	0.24474525	0.11136233	0.13130372	0.36237001	0.18705663	0.12122821	0.18175490	0.12283567	0.17870849	0.09337355	0.28988048	0.18483023	0.16996881	0.13356462	0.17746359	0.02136699	0.01610434	0.17902941	0.31914953	0.05757847	0.21887297	0.19439333	0.11153542	0.04532952	0.07391746	0.10216101	0.06532525	0.04760829	0.07606995	0.21945202	0.20250267	0.26566226	0.13518697	0.14374153	0.33934980	0.33191387	0.29992529	0.34681715	0.38576310	0.36843162	0.20965777	0.21943708	0.30730340	0.33510146	0.27766824	0.21084630	0.22248695	0.26919163	0.10843147	0.22320323	0.28427821	0.35483135	0.28027919	0.24993679	-0.01958700	0.12224348	0.20960952	0.18444811	0.03500571	0.12413730	0.17465465	0.02452392	0.29009666	0.32325558	0.14307868	0.27641083	0.03916658	0.14664028	0.06859209	0.15513114	0.12959733	-0.00932860	-0.20258895	0.05524755	-0.01911928	-0.09890552	0.01772892	0.01390251	0.02360392	-0.03728160	-0.01662679	0.22515497	0.12523149	0.08252919	0.06211153	0.14260315	0.02468890	-0.01510371	0.83121331	0.17132783	0.09003883	0.25949289	0.27668117	0.28390698	0.12246831	0.01749577	-0.01174924	0.21040262	-0.14089851	-0.08224841	0.17579878	-0.01145852	0.25553197	0.04415610	0.10445062	0.32339346	-0.04877632	-0.05939020	-0.09429441	-0.03345776	0.00268839	-0.15161145	-0.00500800	0.15749400	-0.05599431	-0.16863835	-0.14637317	0.03661525	-0.02784460	-0.09220105	-0.19381647	-0.08359990	-0.05070704	-0.09162062	-0.13060633	0.04844892	0.01075134	-0.03992337	-0.05823037	-0.16188336	0.03461709	-0.10601962	-0.04636777	-0.14318493	-0.03195441	0.05873397	0.10825047	-0.08496526	0.08873265	-0.11971133	0.03458365	-0.05966394	0.01662690	0.02785384	0.03815581	-0.01179086	-0.08050975	0.05036026	-0.00044420	0.03396133	-0.10052293	-0.10446066	-0.10150290	-0.08738607	-0.09829860	0.30009344	0.04411535	-0.06341429	-0.16257186	-0.03256754	-0.00324845	-0.02217829	-0.10570963	0.10466541	-0.02695863	0.05940856	0.26666253	-0.08404279	0.15143831	0.18979467	0.14763712	0.10261667	0.13631304	0.11912659	0.16256973	0.20972433	0.21422916	0.24200330	0.13673433	0.16861678	0.01145981	0.03383262	0.15630817	0.02931685	-0.05503414	0.08265795	0.11686720	0.09496509	0.08184118	0.03586447	0.00981905	0.13726636	0.03913129	0.18718222	0.14155807	0.20822239	0.14736239	0.18835002	0.15753648	0.20276724	0.10258266	0.15302935	0.40116805	0.00541896	0.08083461	0.00995327	0.02674685	0.10611673	0.18092695	0.20496787	-0.01376218	0.23094481	0.18895994	0.07072528	0.10643401	0.07892566	0.26106202	-0.02276368	0.28074784	0.26625953	0.16453520	0.28590432	0.21132511	0.20896895	0.30895121	0.32332538	0.08195139	0.18443565	0.24811672	0.30175083	-0.05065118	0.10135369	0.30370349	0.27423235	0.28301323	0.35065252	0.38984329	0.44186566	0.27988968	0.34972609	0.49213510	0.13819866	0.32369471	0.47193701	0.39833122	0.15035275	0.27021571	0.19597061	-0.01744157	0.33185159	0.41973420	0.33029004	0.26450140	0.33670264	0.29219707	0.07128203	0.01763725	0.09922364	0.12467652	0.04735460	0.04718973	0.17198822	0.03881168	0.23209692	0.02734127	0.30967833	0.23529098	0.33630205	0.17962230	0.18262445	-0.05982174	0.04413932	0.10887049	0.13514375	-0.04041517	0.23569542	-0.16520774	-0.05917773	-0.13839992	0.08778823	0.12463453	0.13212029	0.03655898	0.14512887	0.08648243	0.13812411	0.25081058	0.28161911	0.09058818	0.21958453	0.03989950	0.02795385	0.37312412	0.19487699	0.17204609	0.39640558	-0.03705291	-0.01556875	-0.14372364	-0.00841985	0.01813962	-0.18359395	0.22911243	0.09271629	0.16380952	-0.03347063	-0.02537591	0.14440946	0.12947679	0.17078939	-0.12454725	-0.15809866	-0.05176273	-0.11145276	0.06750050	0.02965490	-0.08243378	0.00699713	-0.07501832	-0.08457055	-0.06464953	-0.04001438	0.28879071	-0.06885030	-0.03256980	0.02137069	-0.09903848	-0.03087059	-0.05053147	-0.06093280	-0.07788076	-0.05256652	-0.14667690	-0.12629026	-0.15914219	-0.07663999	-0.03642305	-0.12903798	-0.03912326	0.05825998	-0.12261868	-0.04937083	-0.12336196	-0.00969622	-0.02701874	-0.15930763	-0.03349011	-0.13168573	-0.03015307	-0.14813076	-0.13648319	-0.09930399	0.01793935	0.23949032	0.00282106	-0.03430653	0.09035342	0.09652679	-0.02456935	-0.11952780	0.02205562	0.04939141	-0.20728865	0.11008144	-0.18671046	0.05122121	-0.11546987	-0.09919358	0.07891486	0.04788315	0.09142044	0.01176636	0.12469070	-0.03672657	0.00407244	0.09143891	0.04687262	-0.04643505	-0.08616949	0.01014635	0.10805679	0.07254293	0.01939763	0.07343625	0.04671902	-0.03607567	0.06552647	0.01864908	0.08965736	0.02530401	-0.01773178	-0.01926141	-0.00518757	0.09650573	-0.06503963	-0.01733170	0.09150921	0.06493968	0.06706755	0.05057123	0.18272462	0.11531990	0.05621380	0.08544431	0.26814956	0.14886441	0.09439757	0.25271947	0.11861018	0.26029020	0.19368044	0.18547268	0.14933202	0.13485811	0.22715609	0.19513310	0.28909602	0.19254334	0.15744431	-0.01420091	0.15504699	0.15188336	0.10747970	0.12223905	0.17541284	0.12880251	0.19253310	0.21923476	0.19050935	0.15607454	0.26419712	0.24492137
17Networks_LH_ContA_IPS_1	0.40905450	0.30480289	0.10497143	0.17742807	-0.01126096	0.18553736	0.19772107	0.38837834	0.31317521	0.33344403	0.14878387	0.30809761	0.31963302	0.31501304	0.22456770	-0.03804444	0.14932839	0.12433167	-0.00679206	0.22181766	-0.03131841	0.01609970	0.07400672	0.09153542	0.29481149	0.13838011	0.29257942	0.27064339	0.37289713	0.27976217	0.28348593	0.36868121	0.39524055	0.41767575	0.34757166	0.39127355	0.32506326	0.27002804	0.39541176	0.33920146	0.34207931	0.29905926	0.32503208	-0.03442752	-0.06350709	-0.05518622	0.04396118	0.00651992	-0.01831905	-0.03276297	0.09205010	0.18598620	-0.00935442	-0.10937792	0.15024039	-0.11530436	0.16381705	0.37076491	0.25033163	0.44389040	0.38660703	0.49528694	0.31373894	0.18036415	0.52666294	0.46571987	0.43323657	0.52881921	0.65299109	0.31271502	0.32216524	0.30023667	-0.04401619	0.23428481	0.19867841	0.25481375	0.33895067	0.32155922	0.10096222	0.12730354	0.18735040	0.36160340	0.33136463	0.22791735	0.44876370	-0.05804904	0.14938572	-0.04473094	0.01515569	-0.20640410	0.23464167	0.12940319	0.13938222	0.07757974	0.26000715	0.25784689	0.24384260	0.35692714	0.36559806	0.35262208	0.02261354	0.28698564	0.07796289	-0.03342868	0.12826396	0.19428648	0.06739297	0.19770152	-0.11201164	0.33406816	0.15791956	0.08639699	-0.01190890	0.03163607	0.08301140	-0.03559816	-0.35075286	0.01523819	-0.02859831	-0.05033398	0.17132783	1.08502294	0.16055278	0.43242852	0.32437100	0.23983106	0.10911670	0.09026573	0.00009908	0.20186142	0.16242997	0.04946677	0.08643107	0.16350366	0.26872180	0.20264627	0.27730375	0.29192622	0.05094956	0.02682465	-0.06103563	0.16485391	0.10636459	-0.03859856	0.19893771	0.19997401	0.16975884	-0.00344480	-0.00800735	0.10151760	-0.07934674	-0.00217309	-0.05002275	0.01758126	0.06459172	0.04072228	0.05477834	0.20165234	0.11620853	0.09190274	0.14731923	0.06916574	0.10822587	0.05357302	0.15531820	0.04466266	0.19220810	0.02479611	-0.10799560	0.08048415	0.15233078	0.12616526	0.25173010	0.07883752	0.23452499	0.18193758	0.13289837	0.13881363	-0.00268709	0.26810353	0.02443522	0.14781794	0.27737176	0.02300379	0.10462216	0.21958989	0.23535958	0.22557894	0.07611352	-0.00997486	-0.04850560	0.10520117	0.06705942	0.00851349	0.17555061	0.14943301	0.13810798	0.13389375	0.25699717	0.00777973	0.43544833	0.34986437	0.31875054	0.21347145	0.14866623	0.10234373	0.28721016	0.34795795	0.29745019	0.45934658	0.28243252	0.25540708	0.34785908	0.05226075	0.18772670	0.11917066	0.11715521	0.08243589	0.21316075	0.05156887	-0.01062712	0.03546267	0.09397999	0.17590796	0.10154538	0.33626215	0.26526066	0.26110282	0.24536965	0.29510153	0.32224840	0.30189163	0.27114180	0.23082894	0.31652132	0.16188147	0.26833713	0.18685373	0.12678889	0.27094603	0.25028079	0.24690855	0.16263397	0.13316004	0.02454306	0.04082818	-0.01550633	0.15475623	-0.01299215	0.04154112	0.17214175	0.00169587	0.12089276	0.07991335	0.21002225	0.21972270	0.31054832	0.43252676	0.32031783	0.38921403	0.24950648	0.37225477	0.19927496	0.19786089	0.33622555	0.58631744	0.36705774	0.44278940	0.46722055	0.28166928	0.21725032	0.18483542	0.09106507	0.14461311	0.02614415	0.23118455	0.11760673	0.14201984	0.20937207	0.14269246	0.12514745	0.28005354	0.25789502	0.29089567	0.08286851	-0.04377153	0.02610859	0.25435980	0.13023905	-0.13496086	-0.08346052	-0.14849386	-0.01936512	0.12233091	-0.03427558	0.19187253	0.16793536	0.14920987	0.10950278	0.17743924	0.17039596	0.36003904	0.22509438	-0.06122284	0.05193361	0.05767254	0.07450152	0.27531642	0.22521692	0.10797953	0.17071815	0.36575426	0.11959914	0.26813463	0.11691114	-0.00346911	0.12226471	0.05174086	0.06305844	0.09645313	0.14657178	0.07372189	-0.01373399	0.13803246	0.49152313	0.08697331	0.13287128	0.25760493	0.18510436	0.10925558	0.11997930	0.02794249	0.13926823	0.23019415	0.26765860	0.08233405	0.19510643	0.12078316	-0.01822591	-0.02141086	0.02708156	0.12581473	-0.07931778	0.06267982	0.16995237	0.11959716	0.23583827	0.04348275	0.16050812	0.02212887	-0.10768774	0.05543617	0.16022338	0.07169788	0.16741221	0.11433290	0.21010146	0.17721786	0.08122621	0.07010131	0.22132211	0.23134462	0.15043490	0.14685465	0.10173104	0.15839948	0.02386928	0.22623088	0.11384828	0.14654132	0.23277595	0.22962875	0.07746039	0.23580096	0.05914159	0.21301481	0.28289966	0.12214609	0.29752591	0.17983359	0.19326105	0.28269439	0.23823894	0.08223250	0.01885498	-0.01153121	0.03533561	-0.04388931	0.13625773	0.16169826	0.10656572	0.15962469	0.23418434	0.17641849	0.27398151	0.16423688	0.05654148	0.14728310	0.19842872	0.08634902	-0.01552528	0.00881316	-0.04316147	-0.01634705	0.29114817	-0.03401318	0.28886892	0.22533523	0.09953275	0.15625780	0.07570093	0.19286778	0.19009730	0.02484799	0.20712316	0.27322738	-0.09480589	-0.00875143	-0.04309051	0.13758948	0.08697210	0.02868009	0.30342807	0.23451245	0.26806013	0.13400817	0.09300767	0.10381349	0.23479122	0.18565472	0.28688923	0.40573431	0.30003523	0.15679584	0.27173565	0.00665591	0.10811525	0.22997970	0.17203668	0.20709315	0.22692792	0.29673010	0.31091033	0.35242042	0.36906377	0.25293852	0.14924259	0.18803202	0.30612236	0.27668819	0.30974248	0.09131582	0.14044420	0.32356870	0.07765055	0.14705973	0.23656985	0.24894654	0.36144227	0.16082706	0.28541003	0.21286627	0.15209929	0.11862453
17Networks_LH_ContA_IPS_2	0.11418912	0.07754285	0.00521810	0.03512647	-0.03592067	-0.08145601	-0.04844095	-0.01943074	-0.07284908	0.01965373	-0.10847544	-0.02458372	-0.01971137	0.18962914	-0.01410469	0.09079012	0.17362900	-0.06985134	0.18716699	0.18049595	0.02299041	0.00494398	0.09005333	0.08561284	0.04512701	0.07289675	0.06395927	0.15214063	0.05091894	0.21574444	0.00654294	0.10024358	0.09878933	0.11578268	0.10744728	0.11750629	0.00134622	-0.11635130	-0.00239077	0.14961587	-0.01429726	0.00731206	0.05156826	-0.05635890	-0.02787514	-0.00169857	0.01036690	-0.14353457	0.05974567	-0.02031231	0.10012696	0.06179946	0.13520013	0.28645174	0.01376189	0.12796591	0.00865392	0.05093092	-0.00980114	0.00636258	0.04567319	0.04502118	0.03526057	-0.00054146	0.01530102	0.04562296	0.21130442	0.18682827	0.18265018	0.01407983	0.30187204	0.14537844	0.35220540	0.13224467	0.34929715	0.12735580	0.09428979	-0.01210963	0.05626398	0.05131972	-0.01958699	0.07367371	0.16970571	0.06671848	0.05674549	-0.08931213	-0.02635883	0.41164725	0.23773754	-0.09284368	0.16280915	0.06324035	0.06114952	0.15060393	0.13780658	0.29906103	0.11124159	0.10842648	0.02977277	-0.00053097	0.40776033	0.18473544	0.36193648	0.05698191	-0.06421080	0.12671557	0.22018010	0.01776169	0.12785810	-0.01636824	0.17420365	-0.03739318	-0.29355550	0.03235470	0.16916863	0.07797184	-0.04842736	-0.04682358	0.18724579	-0.02571190	0.09003883	0.16055278	0.84076761	0.34507876	0.24461104	0.43186776	0.17281573	0.25860090	0.40764073	0.26747579	-0.02526638	0.04210705	0.08863336	-0.01544878	0.31422044	0.20711085	0.43536457	0.33395734	-0.13416659	0.09568698	-0.15693927	0.06587647	-0.22040151	0.04505826	0.10955214	0.01368944	0.14607291	-0.01930381	-0.26698037	0.19615915	-0.02275575	-0.09067763	-0.21103054	-0.23928787	-0.33511208	-0.11269949	0.17185601	-0.11857223	-0.31457146	-0.09437563	-0.20295128	-0.09808995	-0.22017906	-0.19702737	0.15767606	0.05301109	0.01603170	-0.02774574	-0.03844989	-0.26071804	0.14281771	-0.18172790	-0.22126029	-0.14763495	-0.25420374	-0.27359231	-0.14119349	-0.13698894	-0.02666057	-0.00468890	-0.14927915	-0.12642862	-0.20669516	0.04134274	-0.27306811	-0.16292190	-0.12542562	0.22435073	0.08267343	-0.03931925	-0.04535137	0.12440357	-0.04995456	0.09515479	-0.04124666	0.00857118	-0.06203199	0.17275218	0.04049935	-0.12170438	-0.05090103	0.06379794	0.00583131	-0.07476417	-0.13300190	-0.00971867	-0.08005749	0.00918779	-0.04384672	-0.01705100	0.05552003	-0.05346429	0.06011523	0.06312331	0.04104303	0.12174982	0.12770153	0.06129250	0.03455237	0.13299617	0.05936101	0.17868326	0.04735949	-0.03939738	0.06763020	0.10929728	0.07810945	0.07002144	0.03208005	0.02776017	-0.02454804	-0.07302703	-0.07934502	-0.05496682	0.07310969	0.01352819	0.03550708	-0.13808111	-0.13305158	0.00339441	-0.03960605	-0.08652236	-0.05000778	0.16966588	0.16852296	-0.05816908	0.01209024	-0.12904881	0.17060464	-0.09045336	0.06348731	0.03550218	-0.05746866	0.04484238	0.03648520	0.30091576	0.11225806	0.12914492	0.02527009	0.07466758	-0.01682944	0.03547764	-0.14085827	-0.02366592	0.12042635	0.13315154	0.18011507	0.10719196	0.17775894	0.22454304	0.06868701	0.08253401	0.17086624	0.07406543	0.27446940	0.24518504	0.01435646	-0.06253630	0.09974701	-0.01228808	-0.10966883	0.15544807	0.12498987	0.19165053	0.19321069	0.12989570	0.30870617	0.24295683	-0.02628237	0.13786943	0.03889155	0.02913323	-0.01292469	0.07587050	0.23875890	-0.02330368	-0.01757657	0.17043462	0.27394845	0.18530541	0.04702397	0.12599134	-0.10985941	0.30621857	0.31482303	0.37827061	0.13989912	0.20516662	0.01791559	0.12931518	-0.01950674	0.10534354	0.28020355	0.17999953	0.12278490	0.08775033	0.04864792	-0.08878108	0.02717799	-0.00779326	0.18438059	-0.08499516	0.17405949	0.06845830	0.22935696	0.46742098	0.35314986	0.18868080	-0.02413891	0.12567506	0.01201801	0.10136053	0.11603109	-0.09617304	0.06657655	0.05035612	0.16062446	0.13360223	0.28707784	0.45361278	0.30746095	0.26582779	0.09474015	0.08067865	0.01696607	0.02222723	0.07265081	0.27320451	0.05838306	0.14528901	0.09365138	0.21787648	-0.22696518	0.05095747	0.10765339	-0.08337483	0.24759057	-0.12498900	-0.03546222	0.13955086	-0.22664361	-0.20585019	-0.19793707	-0.27503835	0.17228633	0.09788990	-0.09393038	0.04540877	-0.11640118	0.01034179	-0.18673139	-0.05044286	-0.01379298	0.09992768	-0.04120290	-0.00327137	-0.02057101	0.02734702	-0.05626002	-0.01222559	0.13263271	-0.10353641	-0.09446510	-0.02947908	-0.06542547	0.09645991	0.07292418	-0.02864270	0.11856433	0.07135804	-0.02272802	-0.08256841	0.11484034	-0.00380923	-0.10295158	0.27074168	-0.04582957	0.04967834	-0.00934157	0.13948537	-0.09436249	0.02303336	-0.00338232	0.00780830	0.07460133	0.07080655	-0.05829468	0.04709734	0.03548644	0.05885023	-0.25194719	-0.00568447	0.03860319	-0.07381073	0.05079676	0.03149192	-0.04924606	0.06378320	0.02034858	0.04894575	-0.01800705	-0.03002079	-0.00254211	-0.04477705	-0.09643557	0.08085499	-0.14207776	-0.13315197	0.01232648	-0.00416617	0.09406646	0.04282175	-0.01286885	0.02778481	-0.00418360	-0.19889348	0.12848426	-0.01997203	-0.00520929	-0.06558555	0.05963086	0.12474591	0.09099851	0.14401713	0.00691335	-0.10326133	-0.11522755	-0.07811906	0.04788203	0.00136305	-0.05801725	-0.11679993	-0.02402769	-0.01757039	-0.02615094	0.02279357	0.04839548	0.04919494	-0.04345498	-0.10087681	-0.02788159	-0.12514982	-0.10928414	-0.12480383
17Networks_LH_ContA_IPS_3	0.41412949	0.33030034	0.16026038	0.30018240	0.03982834	0.03917566	0.16675748	0.17689021	0.17809417	0.15789735	0.17931183	0.23076918	0.21722673	0.41293714	0.31389322	-0.05030936	0.18358628	0.17798452	0.17512749	0.29282722	0.16019422	0.11922857	0.14125189	0.12975583	0.23222049	0.21420268	0.22711424	0.28746196	0.31842421	0.33494548	0.21746262	0.24868709	0.26507749	0.31944836	0.37447773	0.46548618	0.23673333	0.19353762	0.32505803	0.34133183	0.18988464	0.25793025	0.31416126	0.06874849	0.01047829	-0.03357125	0.02685731	-0.13726156	-0.06116296	0.02364751	0.22026999	0.13187390	0.13190352	0.07981918	0.04182679	-0.09713000	0.15161686	0.14736600	0.23352439	0.34209755	0.25004864	0.36955395	0.29531180	0.13001314	0.26822113	0.23460785	0.43838978	0.45282695	0.48073703	0.33512806	0.53720900	0.43696809	0.15869294	0.18076106	0.24711027	0.38850213	0.36372807	0.33510407	0.13423808	0.14786367	0.13474353	0.37654669	0.39900924	0.24088234	0.40988871	-0.02823008	0.06400347	0.10536931	0.09512628	-0.12410087	0.02988437	0.01905584	0.13782557	0.19463970	0.27942941	0.34190084	0.22530459	0.26424923	0.25669604	0.30482218	0.19941511	0.29392591	0.16239367	-0.08150330	0.03204587	0.09469802	0.16246143	0.16608229	0.09246353	0.21789273	0.07373796	0.04753548	-0.03250709	0.12443892	0.19876381	0.03389200	-0.18618385	0.03947355	0.16131082	0.03048320	0.25949289	0.43242852	0.34507876	0.98166368	0.41839328	0.48536871	0.34618557	0.27195809	0.15968187	0.40261510	0.19337657	0.14743504	0.08937162	0.22733181	0.43418793	0.41930498	0.54659687	0.55420495	0.08360345	0.23475049	0.07789737	0.15519061	0.10615939	-0.02565867	0.24468409	0.21977172	0.12898457	0.07902466	-0.02714559	0.32197740	0.01663232	0.07996477	0.04388131	0.04286136	0.01317849	0.09490292	0.14099977	0.08023677	0.02749039	0.10878874	0.13076648	0.05077835	0.07442706	-0.06348175	0.24714083	0.02664642	0.17625303	0.06092877	-0.00462101	-0.03509555	0.26295820	0.09303216	0.06984002	0.08976839	0.06128022	0.05596764	0.07153082	0.11232770	0.12319931	0.26560756	0.08368721	0.25160897	0.08183397	0.08233715	0.02213884	0.06720787	0.10196707	0.22699849	0.22747962	0.11995794	0.01429422	0.17831416	-0.01609312	0.09034390	0.13697718	0.10125179	0.05068970	0.07325384	0.14118062	-0.02839985	0.25138437	0.30223180	0.27604792	0.20175657	0.12599569	0.12372295	0.22507193	0.16212289	0.17553527	0.28943201	0.29075428	0.24627583	0.21083079	0.13273307	0.23196054	0.23197729	0.08197238	0.18864805	0.24048421	0.18221529	0.16580372	0.17844988	0.11682642	0.17296696	0.10768534	0.28890993	0.28012097	0.15343241	0.23197989	0.20858930	0.27355471	0.23226981	0.16079080	0.18452687	0.37225594	0.14333228	0.18673269	0.10422585	0.09499630	0.10191288	0.21241654	0.24398713	0.18040739	0.30993996	0.19023539	0.04029496	0.02662506	0.02079732	0.16558947	-0.11416524	0.16564494	0.08514698	0.06739749	0.12918009	0.20522867	0.33059254	0.27409402	0.32359824	0.28225168	0.36189908	0.28255346	0.32177008	0.03253656	0.18697162	0.34882505	0.36631306	0.34075665	0.43193820	0.49480199	0.40867739	0.22111656	0.21422730	0.26901471	0.17942024	0.24906798	0.42230816	0.21180006	0.17900544	0.22530393	0.11096299	0.03081599	0.30794896	0.41437137	0.33930683	0.10574639	0.08788818	0.20085728	0.29787280	0.10884284	-0.03196188	-0.02804349	-0.14896722	-0.03951097	0.05563867	0.13736141	0.08379678	0.05194412	0.28131039	0.25505603	0.23727021	0.23577572	0.33553254	0.07891611	0.12122035	0.22924480	0.27975214	0.03875019	0.21431260	0.03899983	0.01418378	-0.03877229	0.13127881	0.32950412	0.28331533	0.11462434	0.09200883	0.09125153	-0.05676974	0.16359733	0.04501498	0.25315773	0.08763741	0.22642275	0.13828579	0.46589438	0.28024462	0.33582025	0.37633218	0.13569028	0.30303244	0.11054684	0.25930893	0.09098775	0.03234794	0.27554442	0.19831604	0.27889695	0.25659162	0.31247873	0.25148993	0.25999626	0.24638198	0.16259961	0.20791078	0.28000317	0.07999835	0.20909256	0.25454366	0.18870722	0.19769319	-0.00736425	0.18022227	0.08073132	0.06220976	0.20152623	-0.04506864	0.26402011	0.01086005	0.13510834	0.29699277	0.05045709	0.07122844	0.09274176	0.04095850	0.13633274	0.13186645	-0.00570223	0.21362599	0.09149709	0.04487004	0.06706239	0.19000709	0.03855266	0.20708237	0.06360506	0.18626801	0.20823861	0.10044458	0.14737940	0.18039417	0.28974246	0.06699321	0.00557978	-0.08628533	0.01203251	0.14861023	0.24223762	0.09473673	0.17794368	0.22622558	0.05188104	-0.07960973	0.09580616	0.04941561	-0.10346407	0.11799335	-0.14644546	-0.06797030	0.11650661	-0.06068865	0.02542152	-0.02417756	0.07836718	0.11235727	0.21756261	-0.03598198	0.17534832	0.12820966	0.05563261	0.05367758	-0.11429897	0.00477721	0.16297734	0.02633428	0.25280600	0.25548112	0.01343896	0.00470085	0.13015833	0.20280609	0.04859920	-0.07237800	0.15054569	0.09454260	0.06082402	0.08590554	-0.02949063	0.11355891	0.20014163	0.04540182	0.26603249	0.25245683	0.30641516	0.19475284	0.16419659	-0.04495671	0.15005480	0.23454635	0.24459683	0.10483925	0.31954221	0.33440255	0.37136393	0.41077142	0.30474334	0.26313779	0.16775094	0.19873403	0.30168474	0.37039333	0.19409490	-0.04658584	0.17023851	0.26138967	0.24514373	0.08383036	0.35171083	0.37969748	0.35838985	0.23800719	0.33680179	0.19818693	0.19938855	0.14411211
17Networks_LH_ContA_IPS_4	0.18336938	0.12566381	0.14816841	0.16750294	0.02326328	0.06201850	0.16971501	0.26427126	0.11278463	0.05524051	0.07478011	0.17495847	0.14675632	0.29495163	0.12642171	-0.05139402	0.03794337	-0.00086561	-0.13687969	0.15500479	-0.11595071	-0.05606444	-0.01443170	-0.02422866	0.22398667	0.04128122	0.15229021	0.33638855	0.31526624	0.22614636	0.25773148	0.45339712	0.36013548	0.42684689	0.30441979	0.38722692	0.30070675	0.06445038	0.17351540	0.40000717	0.24080401	-0.02593875	0.28205688	0.06740410	-0.01529486	0.02058915	0.01741125	-0.05070688	-0.14589246	0.10540422	0.38481688	0.25406964	0.22724911	0.05777038	0.23385250	0.01999105	0.27610412	0.30970976	0.25599835	0.24300611	0.16744200	0.19559792	0.21007900	0.26041135	0.12873275	0.28218907	0.36390383	0.34420130	0.42131614	0.42603870	0.36562922	0.36592086	0.22553477	0.38932581	0.38376024	0.62183460	0.53537937	0.25859505	-0.00252022	-0.01680635	-0.00501935	0.24442164	0.39991956	0.15047069	0.42214644	-0.02562474	-0.08220391	0.04027594	0.04296314	-0.24390855	0.13535005	-0.02317565	0.04818835	0.07644928	0.38914653	0.21953079	-0.07815902	0.29470126	0.18147753	0.25643834	0.14869515	0.28268299	0.22282728	-0.06661034	-0.04796500	0.20414517	0.09717774	0.04275586	0.14148567	0.00824177	0.07839752	0.06292799	-0.06960586	0.16781267	0.17147803	0.08285948	-0.12811853	0.08309461	0.15257095	0.06738790	0.27668117	0.32437100	0.24461104	0.41839328	1.00428257	0.32157008	0.24998494	0.06982881	0.16939529	0.41237862	-0.04598346	0.07942241	0.02039683	0.13096895	0.19824714	0.27003719	0.35358268	0.51417544	-0.03741864	0.05863291	0.02090827	0.09161551	-0.03199297	-0.09635842	0.09995124	0.15103003	0.08946668	-0.00792943	-0.06466411	0.11748626	-0.09641161	0.01444268	-0.10663896	-0.02933461	-0.00891938	-0.02464464	0.06749373	-0.06818912	-0.03615548	0.00050154	-0.03962896	-0.15581106	-0.01163605	-0.12403574	0.11128448	-0.12049361	0.08693314	0.04399768	-0.01206640	-0.06014441	0.00869088	-0.02281043	0.13610992	0.00206782	-0.02911457	-0.04578939	0.00580994	0.04293061	-0.02286398	0.12291239	-0.01828938	0.02769471	-0.00492645	-0.05838316	-0.12552090	-0.07991459	-0.10493886	0.07404627	0.08568066	-0.05311972	-0.10899108	-0.09406407	-0.15463151	0.05603731	-0.02618616	0.05647528	-0.12441173	-0.04546422	0.10200679	-0.09191511	0.19011435	0.11464762	0.09279244	0.08099944	0.00527794	0.13449963	0.18860974	0.16464562	0.16153180	0.33833647	0.06896089	0.11811249	0.13090288	0.01880985	0.02763850	0.04844242	-0.00883008	-0.15218966	0.07896933	0.02024999	-0.16456968	0.05041878	-0.08631315	0.20441167	0.07345493	0.19010622	0.35473035	0.21274851	0.35198002	0.31286435	0.15217893	0.23357388	0.30784291	0.35605604	0.36078182	-0.01693991	-0.00615026	-0.19409946	-0.18592085	0.13941622	0.12538445	0.19190205	0.09836875	0.18228111	0.03480755	-0.03977726	-0.04926655	-0.11377315	0.10300873	-0.06547570	0.14898809	0.11765854	0.07314542	0.02484249	0.24778120	0.22711001	0.42696238	0.38216839	0.21765860	0.14056883	0.12891666	0.36657940	0.05217700	0.04792909	0.19282481	0.25377705	0.19866910	0.31340155	0.35888271	0.33043435	0.18729619	0.20543589	0.22245339	0.22318131	0.27234850	0.37502273	0.30481800	0.22270829	0.13948872	-0.04902894	-0.10781180	0.19091501	0.34336655	0.33992617	0.14086617	0.09780709	0.22759736	0.12500120	-0.10140753	0.00004831	-0.08574279	-0.05232790	-0.07606740	-0.04716967	0.09528338	-0.04768108	-0.09337278	0.22300454	0.17850942	0.12929125	0.16947841	0.30615403	0.03277991	0.13596882	0.12535726	0.18096068	0.05636151	0.20036370	-0.06856166	-0.00826235	-0.09851403	0.02242506	0.21532193	0.19737559	0.16403508	0.08342730	0.16567062	0.00046827	0.10432216	0.06516502	0.29908514	0.11156840	0.17286206	0.01335497	0.30261846	0.22423149	0.13165137	0.47563350	0.09920461	0.10992915	0.01156003	0.10961315	0.08110622	0.01605638	0.02010875	0.18336794	0.20439292	0.09314509	0.18006888	0.19519962	0.03938693	0.14493505	0.11250836	0.07847744	0.18723503	0.06843384	0.13747377	0.13759983	0.00815339	0.12704038	-0.05350413	0.02649300	0.00784965	0.02448946	0.18536597	-0.00982773	0.13368374	0.10920767	0.08456633	0.13413061	0.04866820	0.04868325	0.02943943	0.01950534	0.06335907	0.04663669	-0.03563183	0.07693924	0.03457444	-0.08104424	0.01043824	0.16901251	-0.11206652	0.00718229	-0.02740103	0.21176314	0.17926919	0.11136496	0.18117645	0.12054100	0.26165998	-0.07948107	0.05023932	-0.03836260	0.03696616	0.03990338	0.06372412	-0.04196420	0.01177703	-0.01044288	-0.01884896	-0.01928933	0.04324107	0.07875135	-0.03607282	0.23618671	-0.14962660	0.03950132	0.07848657	-0.00162498	0.05870359	-0.02489128	0.07209566	0.10901426	0.15439786	0.08485306	0.04305481	0.25117689	0.03608905	0.05763066	-0.15013269	0.05422442	0.15009739	-0.07009274	0.12592689	0.13010823	0.05426600	-0.02533315	0.05629146	0.10242458	0.05817017	0.13851683	0.14629888	0.06663484	0.04786683	0.06555151	-0.01519036	0.03143507	0.04934700	-0.02215607	0.10036121	0.02688305	0.24989800	0.25094672	0.24856302	0.09780388	0.23671353	0.19007977	0.21301705	0.13566455	0.17654330	0.26458206	0.22988649	0.22149057	0.13438094	0.15225333	0.15296471	0.06177619	0.16121956	0.30794780	0.35686004	-0.01903254	0.18120151	0.23878656	0.25052435	0.19845806	0.13636779	0.19314153	0.17244824	0.04782846	0.13130354	0.08978486	0.07594460	0.08578831
17Networks_LH_ContA_IPS_5	0.21295236	0.15281910	0.14003331	0.16564457	-0.06212353	-0.12634582	0.06529005	0.01739593	-0.10268272	-0.02182611	-0.00011555	0.01349191	0.03355979	0.30241572	0.12589289	-0.01895585	0.15074299	-0.00058753	0.19299596	0.18794793	0.09854610	-0.00556939	0.05495380	0.07476509	0.14555935	0.09197903	0.14623347	0.22427140	0.18073188	0.27570754	0.10404980	0.14188879	0.16124635	0.23261581	0.18104973	0.33042092	0.16525685	0.03127484	0.12007288	0.25459868	0.06474933	0.10426057	0.15532893	0.09015722	0.07081892	0.09635550	0.10627606	-0.10853920	-0.04950765	-0.00695811	0.22454561	0.16867222	0.15726597	0.30955275	0.10135178	0.04268885	0.07227149	0.02160181	0.08621080	0.08904963	0.03301903	0.17296735	0.11103300	0.10147940	0.03977110	0.03880735	0.30702769	0.34055779	0.27685515	0.19852096	0.44800965	0.29548233	0.32284231	0.20271709	0.37088329	0.32318763	0.29228059	0.20713184	0.14547199	0.19614188	0.08705191	0.18720878	0.41851906	0.20443374	0.26932779	0.02249861	-0.02186248	0.23601293	0.21014822	-0.06062362	0.12869760	0.09871137	0.19795854	0.21076253	0.18932042	0.40088072	0.17323426	0.25722284	0.10504805	0.13778728	0.30157876	0.23960311	0.30627962	0.00101146	-0.00047081	0.13650758	0.18255188	0.02258873	0.14343764	0.10854107	0.09220117	-0.02308784	-0.20191359	0.07947073	0.19068958	0.08933214	-0.07249775	0.00831620	0.20487999	-0.07700213	0.28390698	0.23983106	0.43186776	0.48536871	0.32157008	0.94503822	0.21799365	0.24108862	0.29005696	0.34879794	0.10384152	0.09720181	0.12295214	-0.02745979	0.33929546	0.20144861	0.39491292	0.54814943	-0.17124488	0.15413166	-0.05679839	0.05355872	-0.13756374	0.05043551	0.15215278	0.09629303	0.08104129	0.01184886	-0.20875864	0.21372888	-0.03677240	-0.19338285	-0.14905416	-0.11613970	-0.15173675	-0.04892439	-0.01955009	-0.02426568	-0.20909817	0.01506159	-0.08989256	-0.05500153	-0.03813380	-0.21790122	0.07000937	-0.05294509	0.05097759	-0.00908591	-0.02966428	-0.17548936	0.14211184	-0.10109237	-0.07260730	-0.15216089	-0.13796011	-0.16186841	-0.13219353	-0.16659185	-0.13035067	0.00871848	-0.24260146	-0.02011942	-0.16097038	0.04093888	-0.20377949	-0.15551569	-0.08207875	0.31100227	0.17430670	0.10589984	0.08079849	0.04801327	-0.11614052	0.00030828	-0.04357563	0.03361672	-0.04982345	0.06776182	0.08273740	-0.14215167	0.08139387	0.14977252	0.08750823	0.08189389	-0.01260152	0.07237850	-0.00612444	0.00358569	-0.07814280	0.08842042	0.07830934	0.07069008	0.00594384	0.10016010	0.14466289	0.11001167	0.01520241	0.09596266	0.04522574	0.08938285	0.11757755	0.17513093	0.03612155	0.09373620	0.01761697	0.13520819	0.13928074	0.12818758	0.10752122	0.07219680	0.11231440	0.09400675	0.01127361	0.04231822	0.28520557	0.05290466	0.13180701	-0.01963591	-0.05365324	0.07102260	0.07377843	0.07426909	0.00201649	0.22783034	0.19832738	0.03184511	0.10079887	0.07559879	0.21902221	-0.10556019	0.18982682	0.17365425	0.10120649	0.19405058	0.15747749	0.27556266	0.27378367	0.20725001	0.10741443	0.19434080	0.09731897	0.14143716	-0.12038549	-0.01989359	0.21150516	0.15142484	0.29261305	0.25165297	0.39543764	0.40993309	0.18373019	0.21988606	0.34972856	0.13765399	0.31563476	0.42646021	0.18758301	0.08738699	0.22036885	0.05939252	-0.09145410	0.23775984	0.40673825	0.30465364	0.16599481	0.19601852	0.25681113	0.26537032	0.01919794	0.04403633	0.05977299	0.03264818	-0.02609473	0.07832162	0.13501737	0.05049911	0.14495658	0.30470443	0.32092481	0.30579908	0.11126078	0.16668058	-0.09480554	0.17304893	0.27302732	0.30735720	-0.08320660	0.17373241	-0.14958174	0.03855808	-0.15748349	0.00924154	0.28322082	0.21355336	0.12648965	0.11518980	0.12989150	-0.09751393	0.18902851	0.04917769	0.20618416	0.10839243	0.16564813	0.17805573	0.33071754	0.35935623	0.41063282	0.29243309	-0.05355413	0.16542488	0.03244093	0.11881430	0.13657344	-0.16841298	0.23767067	0.12458023	0.14207685	0.11764285	0.18980959	0.35850042	0.29468282	0.25842117	0.00134360	0.00781985	-0.01194133	0.07990699	0.10988830	0.20126803	0.02173858	0.11481166	0.05876697	0.18480344	-0.12642876	-0.00020470	0.20748669	-0.12412188	0.22217694	-0.07058603	-0.03440954	0.16575949	-0.13124859	-0.14752938	-0.04398060	-0.14882889	0.08841538	0.01394443	-0.15885245	0.01862716	0.01421919	-0.04326853	-0.07371414	-0.02623395	-0.02975535	0.01323917	-0.11068159	-0.02015215	0.00849846	-0.13124417	-0.03991809	-0.11203697	0.05172687	-0.12071893	-0.15767242	-0.15467041	0.02295338	0.19171122	0.23378631	0.09087436	0.15652442	0.10067723	0.00179143	-0.17846435	-0.00232606	-0.06976507	-0.30330515	0.19546991	-0.19260299	-0.05105485	-0.08616944	-0.11110858	0.05450545	-0.04514136	0.06195596	0.07596210	0.14540900	0.04116058	0.02487305	0.06345604	0.01285139	0.02079994	-0.26149387	-0.02385378	0.14541108	0.09258910	0.14364497	0.11829640	0.06187973	0.11127838	0.09505798	0.10141782	-0.05068061	0.01152704	0.03304378	0.02287700	-0.00481030	0.03458688	-0.07136932	-0.07063611	0.07867044	0.00569931	0.09291352	0.04276139	0.07174394	0.09103033	-0.00114581	-0.18514227	0.18240671	0.05640099	0.08957224	0.00253382	0.10489620	0.21192737	0.17013931	0.25883156	0.04637471	-0.00348803	-0.02639250	0.05395681	0.13608109	0.21632672	0.01978748	-0.08765799	0.11297166	0.07927948	0.01707198	0.01685906	0.11502152	0.11109400	0.06172174	0.03787249	0.05365824	-0.03844559	0.05213633	-0.04387290
17Networks_LH_ContA_PFCd_1	0.44451558	0.38514210	0.40232391	0.51996207	0.11685829	-0.03695655	0.31784792	0.13184884	0.09366089	0.11761524	0.14033133	0.15945434	0.19307361	0.42237447	0.44611403	-0.01928485	0.12637587	0.23827446	0.13079493	0.20570702	0.21180417	0.22394546	0.23301626	0.21547645	0.12579673	0.15830572	0.17364025	0.26311338	0.18963114	0.15848593	0.17468593	0.10192516	0.11885913	0.25075143	0.28580326	0.35022171	-0.04059736	0.32736830	0.38364853	0.27531976	0.08799053	0.24149910	0.13466494	0.26726996	0.12200210	0.06991515	0.13829906	-0.00862139	0.07847165	0.20421365	0.18872691	0.16697088	-0.02823514	0.08595440	0.03728876	-0.07394924	0.14114275	-0.02600837	0.21012410	0.35543096	0.15270666	0.28569498	0.28106880	0.01047198	0.10183514	0.07326183	0.20365776	0.19643963	0.19681405	0.10395851	0.25986128	0.27097474	0.10490890	0.12133149	0.12734636	0.24245043	0.17205321	0.09106601	0.25870560	0.21864621	0.31222624	0.30177563	0.36375279	0.14633329	0.22338217	0.07782343	0.11647219	0.00346450	-0.00996961	-0.11567945	0.07068681	0.03069285	0.12076294	0.28821573	0.05105145	0.09425492	0.15844226	0.05021239	0.38053124	0.44374015	0.12684486	0.26707146	0.15481202	-0.03665528	0.12209873	-0.06962933	0.18876927	0.29913646	-0.02063589	0.22889504	-0.02754132	0.02236258	0.23590051	-0.07938365	-0.07189887	-0.14200915	-0.12019199	0.01555920	0.00664134	0.10859856	0.12246831	0.10911670	0.17281573	0.34618557	0.24998494	0.21799365	0.93440701	0.34000492	0.20612855	0.27026706	0.29804598	0.23778057	-0.01483535	0.36068543	0.35479346	0.48681181	0.43372090	0.22185509	0.36832799	0.37217811	0.45022084	0.35391625	0.29805680	0.04889008	0.30095479	0.22544725	0.02291860	0.04061094	0.36692917	0.44819385	0.25476406	0.34100859	0.33672088	0.29127407	0.26348484	0.13914015	0.18109879	0.15121674	0.33386805	0.16434923	0.28804861	0.05631908	0.26352022	0.11013166	0.44124969	0.12871421	0.13749277	0.07995212	0.18708652	0.11644464	0.29471646	0.21816459	0.23888024	0.37362270	0.25370700	0.28155348	0.26051177	0.39184997	0.41755507	0.52907972	0.31302191	0.39735690	0.09750309	0.21493625	0.18209537	0.18191109	0.20583262	0.16581502	0.27448182	0.18464310	0.08140079	0.21338732	0.23420110	0.03411845	0.30681916	0.24453226	0.14465149	-0.07638717	0.03758030	0.09870390	0.26436669	0.32003226	0.29852090	0.42035345	0.21446746	0.24215345	0.38091205	0.03460585	0.02587963	0.20097198	0.14708037	0.27573073	0.20507445	0.01322874	0.28748444	0.35621280	0.10651080	0.23613855	0.18430801	0.25598220	0.24261659	0.16313339	0.15410346	0.19692563	0.14830028	0.18679078	0.22789062	0.02991845	0.30198207	0.13553405	0.19083044	0.16837022	0.11053275	0.15145299	0.19866386	0.27995713	0.14247869	0.08045790	0.20216938	0.13399530	0.36689010	0.30078260	0.30767952	0.24096208	0.23720851	0.06172203	0.11244854	0.12847395	0.15527523	-0.08897259	0.18012272	0.11186336	-0.01342654	0.09581719	0.13499440	0.23006890	0.18136680	0.10796345	0.21166297	0.33051807	0.23601088	0.23993123	0.22053384	0.13907031	0.20999763	0.15144176	0.14457634	0.19869060	0.23133478	0.24941063	0.14241271	0.13840977	0.09704218	0.25021115	0.18883931	0.17065898	0.17136093	0.09276411	0.15857577	0.24632093	0.23107916	0.24454660	0.22637174	0.26882724	0.00436527	0.12011732	0.03893792	0.24471385	0.09194715	-0.01738874	0.07605994	-0.00306965	-0.09167575	-0.02003065	0.02922310	-0.01903708	0.11889588	0.01619886	0.19915182	0.06902652	0.07937914	0.36127539	0.27251043	0.04723109	0.08472671	0.25233308	0.11263064	0.19889707	0.09596350	-0.03623422	0.06162010	0.09920185	0.10962303	0.14320499	-0.04360057	0.07082923	0.04686710	0.00593478	0.04681430	-0.07325594	0.19666894	0.00645844	0.01127335	0.12172197	0.16973971	0.12825997	0.19055768	0.23722384	0.41937220	0.37476709	0.30097655	0.32714956	0.06236477	0.16309338	0.16353928	0.28080220	0.32529072	0.33039484	0.31620305	0.09793155	0.07806876	0.29628926	0.32166648	0.31270542	0.53567757	0.17712744	0.23622814	0.19288342	0.32797290	0.26250633	-0.03051102	0.10369619	0.32951825	0.19903355	0.15419492	0.02883076	0.08879954	0.20410062	0.37052105	0.33874254	0.31580392	0.32134163	0.23267046	0.25815503	0.08394129	0.16641043	0.12981322	0.26811427	0.21157881	0.07685984	0.22238987	0.39771110	0.12193147	0.21054636	0.18529569	0.20899761	0.35850179	0.21723477	0.30593811	0.36690557	0.42761114	0.12643848	0.15465566	-0.01498924	0.13440062	0.10201661	0.24091453	0.07791825	0.17652148	0.13967520	0.04251065	0.06133168	0.07600166	0.22179395	0.04409496	0.03310635	0.00955013	0.01686465	0.30193165	0.07746964	-0.12207844	-0.00266602	0.11617958	0.00573029	0.12380387	-0.00366286	0.06435557	0.07458353	0.13592394	-0.02425578	-0.16266699	-0.10892860	0.01926613	-0.05052839	0.16582713	0.23215280	0.00411307	0.01293183	0.03144519	0.15315179	0.10261991	-0.06757892	0.06534546	0.07591396	0.02530639	-0.13069730	-0.00564246	0.11985348	0.06022324	0.04668616	0.20120602	0.21331036	0.45905622	0.35203932	0.17055147	0.13057400	0.11026421	0.30353132	0.23776907	0.10688078	0.37883401	0.48395184	0.48525338	0.45064014	0.39288896	0.42043935	0.25529155	0.43049928	0.23955036	0.27390716	0.20927677	0.12538041	0.12624898	0.25881683	0.23286003	0.11221644	0.35695982	0.48374502	0.44986374	0.39823519	0.36425310	0.30133107	0.27748606	0.28812521
17Networks_LH_ContA_PFClv_1	0.24068002	0.16143296	0.30706652	0.26627968	-0.08497275	0.00461388	0.14092416	-0.03241510	0.07393412	0.05564131	0.01510244	-0.04916223	-0.06566779	0.16243667	0.18722600	-0.10613856	0.08354756	0.03709935	0.07268447	0.11626545	0.07274221	0.02330321	0.03822738	0.08387102	0.00224579	-0.04060788	0.09389357	0.05504699	0.01422898	0.15933533	0.08844861	0.07756570	-0.03597578	0.14230969	0.03468470	0.14389224	-0.13508330	0.13020952	0.20483193	0.09951306	-0.08998580	0.15146755	0.00756986	0.20062742	0.00516531	-0.04308788	0.10954180	-0.19212328	0.16648675	0.00429411	0.01924163	0.07209136	-0.05472169	0.18756056	0.02606141	0.01775521	0.04239582	-0.00481683	0.11778043	0.12613744	-0.03160126	0.11261101	0.13189824	-0.05562025	0.02745200	0.04361396	0.02069536	0.10486402	-0.00251489	-0.02004874	0.13039654	0.04203584	0.21274221	-0.02252781	0.07983114	-0.00650704	-0.01017444	-0.06919336	0.09490820	0.06424260	0.13702726	0.32440594	0.06875335	0.04689814	0.15588859	0.03800619	0.18894052	0.23334083	0.11433691	-0.10978906	0.18045296	0.18571276	0.26508853	0.51197884	0.09068718	0.15694011	0.11455219	0.03584733	0.34921749	0.17047438	0.11078710	0.05886657	0.06665930	0.12853074	0.20909532	-0.04729628	0.16032607	0.18720134	0.09634314	0.22217165	0.18582518	-0.03241308	0.13127285	-0.02274801	0.01354809	-0.03056777	-0.17496145	-0.12818200	0.04414319	0.01432171	0.01749577	0.09026573	0.25860090	0.27195809	0.06982881	0.24108862	0.34000492	0.94175014	0.30508494	0.30347817	0.43272683	0.22468812	0.09740165	0.34939153	0.34494409	0.36827485	0.49413208	0.16471358	0.01736338	0.51653605	0.27075317	0.09583559	0.32743140	-0.10468021	0.07820253	-0.03356295	-0.10737678	-0.02649832	0.08114536	0.25255505	0.06410755	0.09886934	0.09647145	0.02248874	-0.00993671	-0.02651385	0.10819474	0.07989000	0.01862011	0.08182320	0.08235030	0.05589533	-0.01490768	0.00146989	0.23639537	0.17854798	0.13838124	0.04996721	0.11944277	0.16369535	0.42911928	0.29381739	0.02461932	0.22427731	0.11439521	0.07313889	0.06606889	0.08066898	0.24305586	0.34232694	0.15126612	0.31916447	0.09893998	0.24394406	0.33323048	0.39148658	0.42739904	0.17856870	0.09957292	0.07919957	-0.01470600	0.15130115	0.04898931	0.01382666	0.27188289	0.32648148	0.29369545	0.28999292	0.01230185	0.17474365	0.11433020	0.17059823	0.15309389	0.28906817	0.00538983	0.14322272	0.20540335	0.07668037	0.04141000	0.06947693	0.13939726	0.13152074	0.06954585	0.01405104	0.08887649	0.06636130	-0.01644174	0.08548186	0.11118884	0.15199284	0.13439925	0.01313522	0.05854659	-0.00625461	-0.00080615	0.12889576	0.02459968	0.07634721	0.10340854	-0.03545426	0.01373615	0.02263617	-0.01448342	0.05865071	-0.01018929	0.19166064	0.05244778	-0.04358609	0.08288811	-0.00898150	0.15279028	0.06420429	0.12483697	0.16239974	0.10784461	0.00661802	0.15899892	0.08995557	0.03460971	0.03532830	0.02648081	0.03285395	0.03571148	-0.04063902	0.03507460	0.18406762	0.04278291	0.03142792	-0.00609202	0.14996769	0.10009792	0.02325163	-0.01137179	0.07212175	0.06273332	0.05172194	-0.00453200	0.06013164	0.05653658	0.12447947	-0.04806170	-0.08723753	0.03186737	0.08680829	0.08047522	0.06722118	0.03938836	0.00385464	0.01953743	0.01130491	0.01651607	0.07292990	0.04949487	0.10006848	0.05281945	0.02772913	0.06803487	0.29410038	0.17228797	0.06342413	0.10894159	0.02728283	-0.03643854	0.11089350	0.12946891	0.00531402	-0.01254180	0.00564967	0.19151998	0.00911428	0.00695305	0.24050836	-0.00626406	0.12952512	0.25367781	0.18637970	0.08490574	0.07473820	-0.03973793	-0.07249510	-0.02942915	0.02424706	0.14233528	0.16407424	0.05509459	0.06491779	0.02300665	-0.06144661	0.11176918	-0.03319980	0.02980320	0.04856141	0.03633286	0.05557530	0.12064164	0.08281732	0.15805142	0.04939109	0.09992253	0.42212190	0.32956726	0.21224747	0.17594970	0.19785758	0.13597774	0.20083353	0.29354325	0.24990729	0.40707415	0.14491572	0.13595341	0.09082528	0.14951556	0.23333368	0.20096644	0.18331393	0.13369622	0.18155492	0.09748128	0.28159540	-0.11491766	-0.05084390	0.00766340	-0.01237044	-0.04104882	-0.17735314	-0.04720608	0.00550538	0.11394377	0.23421998	0.04030704	-0.08308914	-0.02887647	-0.02154273	-0.00570943	0.03023760	-0.13870035	0.13576740	0.05291594	0.03666783	0.02309396	0.15755364	0.02967620	0.31432045	0.29010153	-0.02620259	0.03360218	0.07772477	0.16070193	0.12846008	0.21578846	0.00093268	0.18438238	0.15770726	0.00093035	0.05289769	0.14009092	0.04243411	0.18046881	0.01473961	0.03054552	0.01759648	0.12683640	0.16655190	0.12023366	0.15505428	0.04709745	0.06307208	0.16777235	0.05408419	-0.04950548	-0.10634870	0.08606990	-0.02069859	0.04208555	0.10583827	0.19125606	0.08346382	0.07184272	0.05487043	-0.09811255	-0.01694145	0.09055769	0.01722086	0.23647198	0.34743835	0.00108488	-0.07689987	0.07751186	0.17770100	0.00436900	-0.00566507	0.09796853	0.08324880	-0.01375628	0.03232505	-0.16430226	0.02527431	0.18080047	0.10517348	0.22842995	0.34700735	0.05583701	0.08812153	-0.00466159	-0.07237522	0.02172163	-0.01021567	-0.06775719	-0.01544601	0.09599127	0.26253301	0.19584958	0.21922808	0.16498552	0.13665643	0.10113652	0.17485330	0.18061120	0.11945300	0.01722849	0.01257207	0.00551482	0.01229379	0.06574206	0.00657477	0.16450351	0.27500367	0.25352167	0.18485942	0.23451009	0.20099290	0.19287505	0.13106120
17Networks_LH_ContA_PFClv_2	0.04425117	-0.00063069	0.06064588	0.07366572	-0.03020953	-0.15865358	-0.02954124	-0.12457365	-0.12977917	-0.11536317	-0.04686090	-0.06435676	-0.08061660	0.14081711	0.00509114	0.00575818	0.08982509	-0.09035908	0.11910781	0.05024840	0.00358796	0.00553349	0.04082990	0.05591448	-0.01681862	0.02440665	-0.00751508	0.13926328	-0.03032133	0.16012360	0.02008262	0.16873651	0.04457160	0.14065705	0.05170304	0.05635094	-0.04746367	-0.10283953	-0.03761470	0.15111770	-0.15656434	-0.04529446	-0.06678196	0.07401559	-0.01736688	0.01377274	0.06509484	-0.12096976	0.09437598	-0.00148862	0.06001537	0.09953335	0.00927328	0.25562798	0.02034919	0.04838966	0.04738423	-0.01172212	-0.03852018	-0.03690916	-0.11302038	-0.13069676	-0.07894383	-0.05848331	-0.09822749	-0.04369134	0.07013817	0.09883152	0.05603431	0.01583805	0.21011972	0.11559744	0.28523346	-0.00714752	0.15096455	0.12799687	0.07071727	-0.02704378	0.01464767	0.00048663	0.01052398	0.03717664	0.16184113	-0.01809947	0.02005348	-0.07126318	-0.10570254	0.32975471	0.18291789	-0.05117761	0.14737163	0.07900871	0.09014222	0.15685762	0.09993341	0.19298467	-0.02878896	0.08291621	0.09082308	-0.06205006	0.45291872	0.20612879	0.36150763	0.07754304	0.01506200	0.13204306	0.32699902	0.07796758	0.17528227	-0.00420082	0.05869413	-0.04021791	-0.10696264	-0.09596787	-0.04022357	-0.04446253	-0.11268811	-0.12266549	0.12548603	0.00526146	-0.01174924	0.00009908	0.40764073	0.15968187	0.16939529	0.29005696	0.20612855	0.30508494	0.79470766	0.23442468	0.06552483	0.19311335	0.09811157	0.04576032	0.15813295	0.25170846	0.32519916	0.24249469	-0.20883005	0.24053891	0.10654267	0.16373015	-0.13695716	0.11831143	0.12820705	0.03797444	0.01792612	0.05318285	-0.10435517	0.20309339	-0.06885933	-0.07125611	-0.09670754	-0.16038110	-0.25886109	-0.10543623	0.09838678	-0.12637432	-0.28399367	-0.11182529	-0.11481389	-0.02457588	-0.15999098	-0.11969011	0.22519611	0.05152607	-0.06991658	-0.07720143	-0.03640075	-0.12561160	0.05597051	-0.13986524	-0.24179672	-0.12148013	-0.22779953	-0.24456387	-0.12082178	-0.13647178	-0.02348495	0.01715097	-0.15019719	-0.15411838	-0.20116086	0.09043664	-0.19886606	-0.13927660	-0.16030648	0.02798053	0.06841544	-0.05170801	-0.05170334	0.16556519	-0.04942598	0.06010424	0.06422088	0.02875783	-0.12165036	0.07327651	-0.09264694	-0.13969504	-0.07472496	0.02168069	-0.04088770	-0.04487461	-0.14243115	-0.05656088	-0.08843039	-0.08048268	-0.09425365	-0.08554295	0.01565107	-0.05794763	0.00125269	-0.01356444	-0.01040332	0.03705520	0.08415906	0.00127717	-0.04555691	0.04846370	0.05708635	0.11952402	0.03177765	-0.06277157	0.04222625	0.10146708	0.04361015	0.06070090	0.03454422	0.00838149	-0.07874955	-0.02764888	-0.05061727	0.05546104	0.05289786	-0.00251784	-0.05327799	-0.17212027	-0.17571524	-0.02823375	-0.06926830	-0.02788581	-0.01607562	0.16148067	0.17305319	-0.03256758	0.04508620	-0.04785938	0.10392356	0.01139187	0.04745258	0.00408490	-0.07691548	0.01570709	-0.03448428	0.12055919	0.05809047	-0.02658079	-0.06081641	-0.08497295	-0.10456177	-0.02615925	-0.12722393	-0.13479061	-0.01764435	-0.15262157	0.04120586	-0.02558474	0.05197656	0.11970429	0.06034245	0.02241477	-0.02889901	0.06255086	0.07663843	0.06023914	-0.03045115	0.01507663	-0.01728427	-0.10109885	-0.10943827	0.11816121	0.06937268	0.25978366	0.09701060	0.02696205	0.18658663	0.18798106	-0.02274023	0.12298867	0.01426942	0.10718919	-0.10561657	0.06068622	0.19064903	-0.00850220	0.03119648	0.07596543	0.30540349	0.08731511	-0.01688851	0.16961977	-0.09163199	0.26522768	0.26207391	0.42234481	0.24546127	0.21967215	0.00855349	0.12280479	0.01253078	0.08127069	0.15582549	0.04564463	0.07163610	0.08132573	0.02689787	-0.09784992	0.06209012	-0.12951154	0.12077728	-0.05528300	0.11276969	0.02100269	-0.04883595	0.29236351	0.15427023	0.09605285	0.03979518	0.21503566	0.12549902	0.20248671	0.02861531	-0.00447396	0.03091215	0.11185274	0.11647908	0.19122727	0.33025518	0.37919723	0.11884077	0.28980261	0.29270021	0.20838367	0.08145049	0.11938933	0.09819353	0.31988709	0.20061209	0.24732534	0.00666385	0.16998845	-0.13744513	0.06442462	-0.01307691	-0.16098244	0.04446009	-0.03239892	0.11320652	0.17119224	-0.16780884	-0.15659953	-0.18016813	-0.22343259	0.15920259	0.07069870	0.00819404	0.09497887	0.00397668	0.03473336	-0.13851008	0.02881259	0.03049298	0.06375986	-0.00939217	-0.00304222	0.02226130	0.09343186	0.01826879	0.01206374	0.17616219	-0.10623232	-0.01198557	0.06643875	-0.03575486	0.02844011	0.01344176	-0.06895984	0.11277250	-0.02481111	-0.01757326	-0.09610662	0.08603420	-0.00811555	-0.05111979	0.15650318	-0.05074469	0.06380621	0.02166942	0.15517227	-0.13619332	-0.02680149	-0.01148668	-0.01356739	0.04741895	0.08193061	-0.05101734	0.08556478	-0.01680124	0.08253346	-0.18323824	-0.09351735	0.08269848	-0.00222637	0.09952712	0.07490059	-0.00950346	0.05008037	-0.00004737	0.08252077	-0.06242681	0.02650537	-0.02765780	0.07509193	-0.18666672	0.01602293	-0.23534179	-0.02564441	0.08240760	0.06994824	0.14345876	0.21773674	-0.09723884	-0.01297905	-0.05264698	-0.23124825	-0.00801943	-0.10549266	-0.04141519	-0.21073592	-0.01728613	0.04821911	0.00302062	0.06041644	-0.06812616	-0.13158902	-0.12317903	-0.08274536	-0.04354091	-0.02265386	-0.06798113	-0.13305481	-0.04402486	-0.06082991	-0.07674099	-0.05903578	-0.11743862	0.09751486	-0.10519497	-0.06947663	-0.12747301	-0.14900569	-0.16162062	-0.19696246
17Networks_LH_ContA_PFCl_1	0.13728864	0.17596055	0.15834038	0.19372265	0.03933219	-0.01123033	0.08119759	0.18796222	0.09257292	0.04599399	0.01793260	0.02214160	0.05973194	0.17242788	0.09696648	-0.09129512	0.08586400	-0.05754063	-0.02368440	0.13737508	-0.04044604	-0.02896733	-0.03590640	-0.02275874	0.14193342	0.02454669	0.14681818	0.13078255	0.19527689	0.17353325	0.13284412	0.29318275	0.15979277	0.29044418	0.13646727	0.27016807	0.12302122	0.09279966	0.14067486	0.25174368	0.02869988	0.05220796	0.13088362	0.15588641	0.05789184	-0.02277350	0.13634713	-0.09770738	0.05078783	0.13867262	0.32872949	0.16158320	0.08192196	0.23526887	0.23223021	0.07618179	0.26886354	0.20015589	0.17154144	0.13513957	0.05322162	0.18577267	0.23343895	0.17325235	0.06325411	0.16252259	0.23086808	0.23123995	0.30988661	0.26131216	0.24224331	0.18118320	0.37310214	0.32819292	0.45875305	0.39719975	0.30016797	0.08763194	0.00037570	0.02465130	0.02563310	0.20854559	0.33378675	0.08725406	0.49955907	-0.01307267	-0.02412917	0.16182455	0.23974105	-0.12206661	0.31281374	0.19014829	0.10052797	0.37968317	0.27069344	0.18001111	0.03546723	0.22915385	0.26495330	0.13446804	0.26295740	0.22689543	0.21613907	0.04880665	0.08597081	0.18135456	0.13040204	0.18172202	0.07084078	0.10140590	0.00243754	-0.07834544	-0.01754685	0.11080351	0.10281845	0.11113483	-0.01463151	0.05378475	0.12395888	-0.08565493	0.21040262	0.20186142	0.26747579	0.40261510	0.41237862	0.34879794	0.27026706	0.30347817	0.23442468	0.93409973	0.17538135	0.18406455	0.20494763	0.11856934	0.20663532	0.20890122	0.33192860	0.43421465	-0.01831173	0.22289372	0.11085885	0.12041669	0.07850042	-0.06492280	0.09334377	0.07272163	0.01071455	0.00456560	-0.10421476	0.08897898	0.01302788	0.04934457	-0.05926603	-0.04676943	-0.09707551	-0.04470634	-0.00230017	-0.06225243	-0.02965380	-0.03883894	-0.02805182	-0.11395680	-0.00435386	-0.07104059	0.11300459	0.04436973	-0.02337820	0.01275343	0.03625032	-0.03675174	0.09688996	-0.02090519	0.04328638	-0.02148729	0.03242607	0.01439435	0.02583929	0.03645856	0.12941528	0.18052781	-0.05871517	0.04105303	-0.03916633	0.06896070	-0.00840301	0.00420783	0.02559681	0.13105169	0.08565485	-0.03364760	-0.11352915	0.04815433	-0.03215242	-0.03867403	0.04758473	0.13698349	-0.03026267	-0.01204185	0.07066400	-0.04062456	0.11060630	0.13683790	0.08322921	0.11488730	0.05804035	0.14983286	0.14139192	0.18968806	0.17828593	0.24562372	0.12215853	0.09917813	0.04128719	0.04708130	0.10968968	0.04177255	-0.05036606	-0.07615354	0.07218432	0.06777991	-0.02319956	0.05817640	-0.05651473	0.17064159	0.02622481	0.08941802	0.12178181	0.15429206	0.17085671	0.06288794	-0.01481767	0.07692204	0.10515844	0.17009379	0.11945149	0.06977472	-0.03519402	-0.12394955	-0.07058666	0.01996162	0.10150409	0.07252689	0.17130616	0.07533158	0.05520354	-0.00722268	0.01736239	-0.07385925	0.13672038	-0.01289506	0.09429492	0.15262430	0.01364934	0.07336254	0.22656813	0.41068884	0.39368259	0.30335947	0.05540699	0.02125895	0.05274463	0.23165798	-0.05161978	-0.03164494	0.08461408	0.20802664	0.10807381	0.18671017	0.20677328	0.24654301	-0.07474048	-0.03788284	0.22558744	0.26627871	0.31878389	0.25392977	0.30886566	0.06504265	0.02410897	-0.16322683	-0.05648535	0.03852003	0.28626615	0.24299169	0.12100062	0.11953981	0.25619977	0.32509479	-0.13826027	0.03134485	-0.05612486	0.02563727	0.01547975	-0.03754006	0.19110892	-0.00957104	-0.04261844	0.13468539	0.38730052	0.16415703	0.07471443	0.25913097	0.00418702	0.16652251	0.26393625	0.25706689	0.02372010	0.10872728	-0.02381747	0.09084855	-0.01741932	0.11099408	0.17314501	0.07473126	0.04759462	0.10499362	-0.02882575	0.01288183	0.10566628	-0.00626827	0.17806924	0.10645382	0.11506164	-0.08466090	0.29417280	0.29127887	0.21386128	0.34799247	0.08554550	0.25171513	0.11643493	0.15892535	0.32189955	-0.00368221	0.20369063	0.17307203	0.19625986	0.08988969	0.22928797	0.25717943	0.23323938	0.24678818	0.15387330	0.08248232	0.14997877	-0.00908974	0.05280581	0.13382445	0.03045780	0.24426441	-0.02519026	0.08564738	0.00938906	0.00414904	0.12191773	-0.09560067	0.08189641	-0.03557959	0.05153723	0.19656822	0.01567756	-0.06615269	-0.05848064	-0.05185873	0.01695186	-0.08838771	-0.09708858	0.05143152	0.00010431	-0.01926246	-0.02104469	0.14596624	-0.07777635	-0.02312213	0.02850559	-0.07666772	0.13804787	0.07898834	0.19253560	0.00312246	0.28529443	-0.12410889	-0.00717563	-0.03190178	0.06997252	0.13141542	0.09261181	0.00483945	0.01241328	0.01172821	-0.09281429	-0.15896550	0.13454696	-0.03152902	-0.03840755	0.22531425	-0.11878719	0.07453611	0.01285393	-0.02292905	0.06888605	0.03039390	0.09153958	0.08621720	0.16057822	0.15417708	0.11414714	0.25149265	0.05984692	0.03557145	-0.10028926	0.07796967	0.15467706	0.08095798	0.13289207	0.23491664	0.00918436	-0.11933877	0.14586992	0.14645008	0.06324960	0.02340677	0.09576074	0.10166932	0.02900560	0.14364376	-0.22283665	-0.05397962	0.14158490	-0.02107464	0.14218357	0.12863083	0.04844748	0.17859603	0.11117064	0.02741551	0.12246457	0.03375444	0.07935411	-0.01294188	0.04416571	0.27022575	0.13333727	0.20443932	0.06623771	0.10226000	0.07112528	0.09948220	0.05512128	0.13378594	0.19042542	-0.05812443	0.04144418	0.10332286	0.16527173	0.04485131	0.09091672	0.16635647	0.07504746	0.11555495	0.08739470	0.06709099	0.09743943	0.03911426
17Networks_LH_ContA_PFCl_2	0.24745761	0.16461409	0.27606326	0.32294610	-0.08396055	-0.03981464	0.14316027	0.01625255	0.18258791	0.16057605	0.11019219	0.01391298	0.12503985	0.13731944	0.27916045	-0.10479671	-0.07507592	0.15770982	-0.00642381	-0.00502433	0.09918528	0.12119709	0.01338022	0.01223643	-0.00198824	0.03028635	0.15617684	-0.00391928	0.09145796	0.14478155	-0.02728000	0.00216843	-0.07960818	0.08811997	0.08388667	0.13724116	-0.01669326	0.25553020	0.21694289	0.02138578	0.02758694	0.25181800	-0.04834741	0.20684999	0.14285980	0.08882007	0.04297103	-0.08563461	0.25024606	0.05551931	-0.09722745	0.11255319	-0.12707870	-0.00966739	0.03437803	-0.04476858	0.14567051	-0.08296067	0.24077785	0.37543995	0.13246148	0.19688954	0.11049111	-0.07399162	0.09236286	0.05375474	-0.05047411	0.06013764	0.03680919	-0.09556061	-0.04457438	0.00074068	-0.13929524	-0.03835045	-0.13001017	-0.08716354	-0.07283330	0.06494729	-0.03030003	0.02542101	0.22682637	0.30753570	0.14009040	-0.00250934	0.14468805	0.01952876	0.37750017	-0.14498930	-0.12705635	-0.06784563	0.05504429	0.01526051	0.08602773	0.44695419	-0.13017376	-0.04195270	0.09543400	-0.07765220	0.45477331	0.24286900	-0.12155118	0.05863955	-0.13130568	0.06240529	0.33543509	-0.09070092	-0.02633313	0.30866207	-0.06956363	0.28428111	-0.01166087	-0.03575343	0.35846254	-0.07526325	-0.05238161	-0.06924045	-0.12495201	0.03516266	-0.00499460	-0.04359953	-0.14089851	0.16242997	-0.02526638	0.19337657	-0.04598346	0.10384152	0.29804598	0.43272683	0.06552483	0.17538135	0.95223443	0.35188098	-0.10016873	0.34426401	0.17805747	0.34697871	0.27660304	0.06185661	0.17898804	0.50680129	0.45683872	0.18882038	0.46847365	0.11054219	0.19880906	0.18965137	-0.06078565	0.10258737	0.42816569	0.34093958	0.16897701	0.23904751	0.44607674	0.29867410	0.35314548	0.22548093	0.10358461	0.12454796	0.35575385	0.31189738	0.31898914	0.17659656	0.24997981	0.21677734	0.26598271	0.23629381	0.14239363	0.14191155	0.19655312	0.42245309	0.33567447	0.53822588	0.25555452	0.37531251	0.32754588	0.29378637	0.20301823	0.23000879	0.21082747	0.32292269	0.21391073	0.49174518	0.28056357	0.20139651	0.50215717	0.45552944	0.52286118	0.07928664	0.14221564	0.25839964	0.19857785	0.25159279	0.23939588	-0.06244168	0.37259284	0.34334242	0.41789774	0.12454282	0.04775628	0.37851177	0.17982696	0.18868756	0.25118411	0.33597590	0.19567848	0.16125154	0.30932820	0.07534040	0.03839152	0.13415110	0.09776379	0.19996171	0.14708947	0.00029531	0.20721269	0.14716168	-0.02978610	0.12137110	0.02961863	0.00536537	0.13678055	-0.06660413	0.08018488	0.06249422	0.05482055	0.08288793	0.00912248	-0.08709331	0.10791704	-0.08661958	0.05612686	0.05642708	0.00256533	0.01662555	-0.07542537	0.26275300	0.14479803	0.15151289	0.26708118	0.01804834	0.19381659	0.08446210	0.20410104	0.03504312	-0.00716410	0.08363098	0.10765086	0.10642844	-0.07278811	-0.09228731	0.03374361	-0.00672755	-0.02065995	-0.02672203	0.04852689	-0.00209084	-0.03254908	-0.05566490	0.05671428	0.21755268	0.14479460	0.09268246	0.20729958	0.11812486	0.04104997	0.01446619	0.02032897	0.04758546	0.01400093	-0.04449658	-0.07519059	-0.18777760	-0.09203339	0.11584438	-0.15123403	-0.14052364	-0.10558976	-0.05176851	-0.06913514	0.03401155	0.14998407	0.00927413	-0.01082139	-0.07472535	-0.14667411	-0.14211946	-0.24554919	0.27393708	0.19903429	-0.22560115	0.00997530	-0.16411624	-0.11932108	-0.00898035	0.03446739	-0.10862524	0.03316507	-0.14187954	0.05479539	-0.15767362	-0.08994858	0.15759190	0.10636068	-0.00734571	-0.01716458	0.04237792	0.03049548	-0.01065622	0.04162165	-0.04170391	0.15414686	0.02653026	0.01042378	0.04753664	0.08791800	0.02832365	0.00037329	0.07445659	0.06939917	-0.09241614	-0.02374779	0.13654521	-0.02040472	0.13259269	0.00753560	-0.18439079	0.02644634	-0.06171175	0.33179469	0.45102588	0.49615558	0.26503684	0.15343803	0.40425210	-0.02421674	0.21241990	0.18031955	0.36267606	0.28144872	-0.12896470	-0.01455396	0.00100977	0.21561522	0.35487700	0.35778711	0.24874040	0.23419833	0.07423224	0.29154814	0.30148412	-0.02136640	0.07643283	0.37120692	0.16254066	0.03756544	-0.01365912	-0.03956577	0.20373554	0.32880683	0.30683845	0.32535513	0.28250707	0.32181478	0.36903734	0.10121115	-0.00683862	0.19108493	0.24339297	0.27633638	0.15058656	0.32498390	0.31294230	0.09495158	0.36300550	0.39538447	0.09042406	0.24692017	0.15127246	0.33240632	0.29244211	0.17875579	0.26548337	0.35528312	0.18752729	0.17537544	-0.03367030	0.23477619	0.18040824	0.10345822	0.10334300	0.04984910	0.14185143	0.06685060	0.18193241	0.26414498	0.00716641	0.27841736	0.09378246	0.37252046	0.07977536	0.13894770	-0.02056746	0.08366894	0.06001231	0.09808492	0.10688541	0.21442175	-0.05725692	-0.00714890	0.00485840	0.06275753	0.03116446	0.06607209	0.06715332	0.18583794	0.20921144	0.10072495	-0.02938294	0.13993562	0.23656415	-0.03140965	0.03440026	0.19400520	0.20771404	-0.00311603	-0.16954929	-0.03835781	-0.00232820	0.09793433	0.04813006	0.24664304	0.23844805	0.19244058	0.16660124	0.08050554	0.05715690	0.03249920	0.09676432	0.14386314	0.11290874	0.21112606	0.35342272	0.28978531	0.31781696	0.32189076	0.32175731	0.20000141	0.33239277	0.10414470	0.15563085	0.05181854	0.20726950	0.10351001	0.13349087	0.11444714	0.03729997	0.25339561	0.28064296	0.37295541	0.29609464	0.29656207	0.27512238	0.21966357	0.19300197
17Networks_LH_ContA_PFCl_3	0.16961766	0.20672276	0.13556820	0.16581161	-0.06620824	-0.06009340	0.00926298	0.04526227	0.08881733	0.06629768	0.13586401	0.14170631	0.11404283	0.11738713	0.21568976	-0.06470171	-0.02150985	0.15703122	0.06939563	0.07775546	0.17097264	0.20818960	0.11453433	-0.00443968	-0.09783945	0.04810525	0.07734541	0.11869351	-0.02457302	-0.01068913	-0.02551892	0.03549107	-0.11313340	0.03822963	0.04424197	0.07402271	-0.10946507	0.11414005	0.07857422	0.06572000	-0.05640604	0.07411342	-0.07537732	0.14136336	0.01844252	0.12447408	-0.05731903	-0.03391891	0.03000891	0.00412282	-0.05081583	0.02248587	-0.07937193	-0.04779263	0.02349644	-0.02323521	0.18517600	-0.06211925	0.20067824	0.27870630	0.09084036	0.05847919	0.08793430	-0.09266724	0.06176332	0.08030418	0.00895366	0.14624015	0.02588861	-0.02488503	0.00552988	0.05230505	-0.05192256	0.02393404	-0.09340058	0.02037588	-0.07176608	0.02295560	-0.07381140	-0.07100618	0.02969315	0.05389725	0.10810218	-0.09190643	0.20852753	-0.10359442	0.21790558	-0.11832377	-0.08182130	-0.07652775	0.06630920	-0.11504716	-0.08083436	0.26007474	-0.08077908	-0.06712271	-0.01173788	-0.09643224	0.27288125	0.13670179	0.15889200	0.22009175	0.01171703	0.11411312	0.35166243	0.05163001	0.12518632	0.43181177	0.01715758	0.18006881	-0.08437163	-0.04695329	0.20245862	-0.16212597	-0.12170688	-0.17696457	-0.10193603	-0.06170624	-0.03601721	0.02678360	-0.08224841	0.04946677	0.04210705	0.14743504	0.07942241	0.09720181	0.23778057	0.22468812	0.19311335	0.18406455	0.35188098	0.81323839	0.00522554	0.20793994	0.04569529	0.38353724	0.24576175	0.12631635	0.02673323	0.39867919	0.38770545	0.36852821	0.24713123	0.26583385	0.14515291	0.08325441	0.00161751	0.18450436	0.35974212	0.26437440	0.18181646	0.25313842	0.33393951	0.19110413	0.21538535	0.13490143	0.12707074	-0.01127977	0.13782407	0.17613769	0.23224068	0.08408335	0.19553696	0.26601560	0.29955170	0.28333154	-0.05256572	0.04462976	0.11674519	0.26404046	0.08478351	0.26723188	0.07739900	0.22150654	0.09369329	0.15076958	0.21864916	0.13603245	0.09903007	0.20150511	0.12471355	0.25696992	0.07593587	0.11429718	0.19267232	0.19365608	0.13899432	-0.03244816	0.06795276	0.11980172	0.02288547	0.15882976	0.15623820	-0.02234942	0.15659345	0.11950369	0.10847874	-0.10103656	-0.13766079	0.07926268	0.15990712	0.18016240	0.24737295	0.18995934	0.09839750	0.03403953	0.22206622	0.07352676	0.08427171	0.11492401	0.17212758	0.21101699	0.20787570	0.09641194	0.09184140	0.09044411	0.01802208	0.15286646	0.06815508	0.09480283	0.17850989	0.15965996	0.11608996	0.15539229	0.04809301	0.01563100	-0.00507006	-0.13573775	0.00927317	-0.12648145	-0.10454101	0.00486158	-0.03789617	-0.00531737	-0.07325991	0.07592550	0.00332268	-0.02970819	0.02170339	0.01419372	0.03306290	-0.01336046	0.09467747	0.00615148	-0.05129439	-0.10224051	0.02911779	-0.01706615	-0.03206699	-0.14479965	-0.03044810	-0.07839520	-0.17380804	-0.09865228	-0.03662760	0.01519785	-0.01177642	-0.03040196	0.15612102	0.11011023	0.12300627	0.08507977	0.00954461	0.06885658	0.15984946	-0.00173248	-0.00979793	0.09956835	0.03876326	-0.00459277	-0.06594534	-0.09333707	-0.08096495	0.18817930	-0.04047295	-0.08649639	-0.05441438	-0.06242881	-0.16913918	-0.08696672	0.05138814	-0.10803426	-0.06883536	-0.03514394	-0.19483290	-0.15368147	-0.07267458	0.26406038	0.11332225	-0.15732219	-0.08409784	-0.19616952	-0.17608294	-0.11314272	0.09575855	-0.09954630	-0.03383613	-0.12295724	0.06752538	-0.18539814	-0.11479963	0.12278978	0.07310962	0.03892943	0.04590956	0.22099168	0.12198609	0.06474742	0.15825252	0.16561766	0.21738440	0.13529927	-0.04418372	-0.04034485	0.02537305	0.11937840	-0.06113624	0.06078764	-0.03330462	-0.07165269	-0.03897225	0.04848098	0.01592334	0.09167199	-0.03137022	-0.05752028	0.10761684	0.05046579	0.20005061	0.25555217	0.32216025	0.25334488	0.04398568	0.19892893	-0.01843544	0.18208500	0.02843754	0.28267986	0.27832923	0.00634189	0.05943939	0.12767796	0.31046609	0.36549261	0.21399779	0.14192692	0.21977632	0.18764634	0.25703375	0.31400798	0.06456615	0.26699186	0.18754231	0.13510597	-0.02755432	0.00638019	0.08257279	0.25174525	0.27725800	0.21231316	0.16818027	0.16195195	0.18632545	0.20069751	0.21821083	0.10474277	0.20827057	0.18672933	0.10742633	0.19915920	0.16628649	0.22572209	0.13545194	0.12026841	0.13768114	0.10729577	0.16679245	0.12997056	0.21095818	0.18836513	0.21462669	0.21476656	0.17663162	0.08794517	0.04318167	-0.04136398	0.12624562	0.01776101	-0.07155762	0.01358101	-0.00875443	-0.08684494	-0.04177137	0.01591417	0.02586266	-0.02678263	0.05523540	-0.03552617	0.18577677	0.05558773	0.08679554	0.01376121	0.03787029	0.01520308	0.09239951	0.07952559	0.11251550	-0.03208540	0.02629414	0.07528616	-0.05122630	0.04327505	0.02495259	-0.07840830	0.21359810	0.18991946	0.04926269	-0.10448083	0.02267352	0.06936370	-0.10772995	-0.03750882	0.05058710	0.10106659	-0.01977143	-0.06981318	0.05280570	0.01357620	0.02482997	0.00815138	0.21375930	0.16523303	0.07936582	0.23793366	0.09774485	0.00878262	0.07567227	0.09624276	0.10163320	0.01991478	0.12699275	0.21306124	0.17929663	0.19557532	0.11247269	0.14315438	0.09186214	0.22940853	0.04426832	0.19526811	0.05500354	0.09339123	0.01825179	0.07903769	0.14167560	0.13669444	0.17204249	0.18671175	0.20014248	0.11437543	0.04093398	0.05829254	0.05782517	0.06655965
17Networks_LH_ContA_Cingm_1	-0.10745931	0.00285118	-0.01979629	-0.02187192	0.03791768	-0.03508495	-0.03017536	0.07240018	0.00645126	0.02366939	0.03150119	0.03440655	0.12514467	0.08857186	0.01013002	0.09559946	0.28453615	-0.09089530	0.14925085	0.22175095	0.02304498	0.08907032	0.02246092	0.15967368	0.32865855	0.04010121	0.06085656	0.27950969	0.23351843	0.21760065	0.26378403	0.17544885	0.21583290	0.19167395	0.19406636	0.12326934	0.06374468	0.00205535	0.11555274	0.12547719	0.07251206	0.20584400	0.09348268	0.14038305	0.01589594	0.09583141	0.20642259	0.13148068	0.16890371	0.10550716	0.20511639	0.01576443	0.17396391	0.14008832	0.10333139	-0.00531604	-0.01722430	0.19127318	-0.09518367	-0.03847991	0.19069472	-0.05774498	-0.00373246	0.13155076	0.05088832	-0.02319877	0.08777265	0.12063611	0.14141343	0.20762294	0.13242931	0.10151273	0.24946871	0.08619567	0.21265350	0.15534609	0.16673546	0.17362626	0.05634164	0.20423858	-0.02920081	0.02512719	0.12467787	0.10345936	0.18903375	0.12751131	-0.01741316	0.22282991	0.38855467	0.18506414	0.34335292	0.37681384	0.27406820	0.06913647	0.41461136	0.32788869	0.17775082	0.37100391	0.20699469	-0.02074637	0.25063225	0.22597858	0.23055354	0.15102172	0.09219653	0.15935891	0.19516823	0.23489610	0.15315604	0.24772359	0.07719565	-0.04089626	-0.10570871	-0.00856512	-0.02209601	0.02524625	-0.03422399	0.01765247	0.01157854	0.01631704	0.17579878	0.08643107	0.08863336	0.08937162	0.02039683	0.12295214	-0.01483535	0.09740165	0.09811157	0.20494763	-0.10016873	0.00522554	0.96129455	-0.01628359	0.03072613	-0.01230110	0.01850556	0.08402820	-0.13417955	0.04664867	-0.04833505	0.06901901	0.03873047	0.12123485	0.09178899	-0.02675129	0.14740041	0.16140617	-0.14362599	0.00961543	0.02646924	-0.10556705	-0.14542311	-0.08784919	-0.19433810	-0.05529797	0.13533380	0.24548859	-0.17212440	-0.01180183	-0.04883891	0.04363749	-0.02490974	0.06480148	0.00358687	0.16128264	-0.07602770	0.02340276	-0.02343758	-0.09749037	0.08195145	-0.10309495	-0.06701263	-0.11831591	-0.03129474	-0.08412564	-0.02139613	-0.07130517	-0.08677684	-0.00467190	-0.08762257	-0.13102707	0.08390797	0.08366416	-0.02178310	0.05033991	-0.03960895	0.21591928	0.09684304	0.03525591	-0.00721544	0.08496720	0.12564469	0.13542536	0.03844221	0.11058102	-0.02893514	0.10502276	-0.05597962	-0.08613712	0.09666967	-0.00482071	-0.01174850	-0.09640890	-0.15711553	-0.08430723	-0.12085397	0.04880037	0.05105055	0.04643705	0.08513519	-0.01321579	0.07510086	0.15715042	0.13564931	0.08853928	0.11762595	0.12620779	0.06522970	0.15753255	0.06953343	0.23521054	0.04602069	0.06181476	0.00893967	0.16644995	0.15641584	0.25737841	0.16215680	0.16496091	0.23380851	0.13036513	0.18475028	0.24696789	0.14409239	-0.09633937	0.15654518	0.12500899	0.02180118	0.06802025	0.05502887	0.10906977	-0.00471323	0.16689052	0.19715769	0.15224750	0.14302409	0.13267549	0.13835322	0.13369504	0.20223927	0.16584323	0.07436894	0.22621751	0.15858306	0.26328178	0.16688184	0.23932311	0.15572807	-0.01854903	-0.05004323	0.13884178	-0.08728146	-0.04418703	0.07089789	0.16863598	0.10126816	0.00208334	0.03721672	0.24338684	0.01167059	0.04925657	0.15951962	-0.08916947	0.17759733	0.21086010	0.18130413	0.10004995	0.11108467	-0.03735559	-0.10703243	0.08424420	0.25129291	0.26892563	0.18444675	0.17084230	0.17952568	0.17143315	0.07138721	0.23801254	0.11621178	0.19836263	0.17246323	0.18012376	0.03143183	0.29381080	0.09337551	0.29575238	0.25140111	0.31084432	0.22929670	0.14296741	-0.03021634	0.09922942	0.24038650	0.10116368	0.09813644	0.22054800	0.21715886	0.20572347	0.11503188	0.41897493	-0.01718304	0.10054970	-0.02911182	0.10800189	0.04269036	-0.04777035	0.07754091	0.10592146	0.02313788	0.02329030	-0.09986710	-0.11883970	0.16706632	0.21484822	0.13130305	0.16373603	-0.01129879	0.08630775	-0.04874057	-0.01057671	0.09790200	-0.02277771	0.39363095	0.06179570	0.17438409	-0.10393223	0.00628206	0.17981215	0.12364696	0.24884883	0.00197871	-0.02973146	-0.04941245	-0.04241222	-0.02511980	0.09310457	-0.00516344	0.06629483	0.12767064	0.18430849	-0.07313838	0.03415957	0.13192761	0.07174261	0.25307923	0.02991095	-0.05908187	0.09849097	-0.03376690	-0.10551019	-0.08180512	-0.12604721	0.10847419	0.14270285	-0.15219110	0.00981811	0.02828908	0.14002484	-0.05890599	-0.04567029	0.14264747	0.05475639	0.02388762	-0.00587056	-0.07236332	-0.00709634	-0.02320242	-0.06341710	-0.00468732	0.00693038	0.02104042	0.08341978	0.10418405	0.22025663	-0.02680363	0.07287827	0.17524239	0.09422090	0.05426906	0.02674387	0.13102893	-0.02309438	-0.03309318	0.21025984	-0.01146634	0.17919313	-0.05995827	-0.02322609	-0.08382827	0.20471927	0.06144473	-0.06901233	0.20070107	0.00142410	0.18301658	0.27771906	0.11871795	0.19730892	-0.06359589	0.05790415	0.21398971	0.21169928	0.18742852	0.15564392	-0.00605704	0.09017150	-0.03725391	0.15807724	0.13666960	-0.00621330	0.04441516	0.08003169	0.20330762	0.32165221	-0.05038510	-0.01087363	0.18794745	0.14346639	0.12648062	0.21593798	-0.01526631	-0.01521469	0.08699328	-0.02894169	0.13540313	-0.04115090	-0.07652100	-0.02043480	-0.13865690	0.03071946	-0.08659412	-0.02737596	-0.05728601	-0.05115732	-0.03680324	0.02131567	0.11460755	0.10058494	0.13315449	-0.11315431	0.09557725	0.12808896	-0.06771066	0.11211975	-0.06757869	-0.01303837	-0.06303599	-0.08697311	-0.07199015	-0.05054625	-0.05550049	-0.04893245
17Networks_LH_ContB_Temp_1	0.37062076	0.22544122	0.38930068	0.36880820	0.03285219	0.13198892	0.33171850	0.15272501	0.19766291	0.20604668	0.07422529	0.12222051	0.07952116	0.21446651	0.30732379	-0.02816751	-0.10298524	0.18634032	-0.05980052	0.08403831	0.04610112	0.09616196	0.05552260	0.12290016	0.08750727	0.12426180	0.10467952	0.08495626	0.15538847	0.10688431	0.12167507	0.08282243	0.00989247	0.10258048	0.14571429	0.17948512	-0.07718540	0.22578049	0.31186024	0.10293666	-0.00789842	0.21624141	0.00278970	0.25471539	0.10084961	0.01877568	0.09802526	-0.04117673	0.01785571	0.03902255	0.11487074	0.19367382	-0.09247600	-0.06841977	0.00568893	-0.08313401	0.11232318	0.03290694	0.25581381	0.37717709	0.13056497	0.33534620	0.30534011	-0.02467261	0.12432358	0.18627880	0.06178394	0.13980707	0.07164174	-0.04997909	0.10793657	0.12505582	-0.01382946	-0.00061266	-0.11997151	0.02218399	0.03441651	0.02840915	0.06745805	0.05939907	0.17762651	0.23758437	0.08429006	-0.09402494	0.14495309	-0.04241561	0.08775022	-0.13997514	-0.01476098	-0.01542310	0.08268503	0.09483058	0.10311336	0.18275237	0.01375052	-0.12369886	0.14465484	0.02631904	0.35303029	0.32294772	-0.07602409	-0.04383440	-0.13139151	0.07088336	0.23074304	-0.16236733	0.16184243	0.23747267	-0.01474157	0.26037321	0.14279068	0.15173321	0.31672469	-0.13220245	-0.11607718	-0.09275209	-0.14497933	0.09165413	0.01648690	0.08077554	-0.01145852	0.16350366	-0.01544878	0.22733181	0.13096895	-0.02745979	0.36068543	0.34939153	0.04576032	0.11856934	0.34426401	0.20793994	-0.01628359	1.12194670	0.40780604	0.39733058	0.31983137	0.03970107	0.27930189	0.35272460	0.36330666	0.16942686	0.33616564	0.00697780	0.14950282	0.04001225	-0.15881566	0.03992585	0.32829591	0.23917409	0.06683850	0.23100044	0.35466233	0.16906465	0.25688363	0.01815259	0.12094408	0.15996119	0.24226836	0.16280544	0.34893478	0.12916846	0.23110276	0.15339218	0.31871696	0.17877272	0.26060831	0.15799592	0.20155234	0.19886629	0.28278817	0.31772150	0.27336321	0.30875557	0.37600038	0.32283021	0.14530507	0.39470703	0.34740288	0.41914754	0.18404035	0.31114832	0.20387275	0.35529000	0.30657792	0.27774754	0.30120056	0.13825611	0.13023565	0.11743658	0.05552872	0.08219021	0.17438157	-0.05050803	0.44572197	0.35493872	0.20564036	0.04251028	0.05241666	0.14520496	0.22942806	0.31076554	0.25253117	0.45566803	0.25051417	0.25087270	0.40912092	0.14268557	0.16028573	0.24362929	0.06021854	0.20470912	0.23390089	0.04733414	0.16068070	0.09887090	0.00975651	0.08224046	0.13898605	0.09192979	0.08087473	-0.01715122	0.05179172	0.21468342	0.12358348	0.16360597	0.08473478	0.04135023	0.20609996	0.05388882	0.15090236	0.14518061	0.07698827	0.13192110	0.05510955	0.22000662	0.07274170	0.12508422	0.17267530	-0.01817872	0.35587949	0.29413757	0.30887121	0.06675428	0.06195651	0.04912667	0.08689445	0.06250359	0.05482008	-0.00932101	0.05812523	0.04217152	0.03748722	-0.15036359	0.07796438	0.09928790	0.08383533	0.08217943	0.14187568	0.32894628	0.26508246	0.17632217	0.28956524	0.15112776	0.16231314	0.15124296	0.10504244	0.06706502	0.04114409	0.01012845	-0.06020716	-0.12942160	-0.09138928	0.12021114	-0.04688670	-0.12121334	0.00486611	0.09556756	-0.08372471	0.06357889	0.17992746	0.04673441	0.04500595	0.03167994	-0.10582207	-0.06759182	-0.14810337	0.23406171	0.13251090	-0.08274781	0.03301357	-0.11080855	0.03687870	0.07663624	-0.09221269	0.00083737	-0.00716564	-0.11809303	-0.02575305	-0.11384207	0.06609467	0.25217953	0.08586140	-0.09947880	0.06667365	-0.00661338	0.02182486	0.00781573	0.11894080	0.01984536	0.11389962	0.07768080	0.11926277	0.26155288	0.08736099	-0.08596377	0.12490077	-0.04431180	0.05380346	-0.12979521	0.08349961	0.05754887	0.07621519	0.01921485	0.06112534	-0.23385356	-0.01587898	0.00586383	0.23085862	0.35469766	0.32882960	0.19735583	0.11219497	0.26326082	0.09233773	0.23337436	0.37058312	0.19574783	0.23598991	-0.15629091	-0.06054188	-0.00192387	0.21408306	0.28967891	0.45054833	0.27223274	0.13392498	0.05308991	0.28376193	0.24197194	-0.12501776	-0.01131167	0.24432067	0.00090783	-0.09023043	0.03728318	0.03864585	0.11948847	0.30953812	0.27350381	0.31629409	0.29768991	0.27706080	0.27359098	0.05262210	0.08952030	0.09672118	0.30925099	0.30517791	0.11915047	0.28704533	0.35933485	0.07708515	0.31157142	0.31738222	0.15700461	0.30001023	0.26772399	0.35987659	0.34178194	0.23973241	0.15844869	0.28231742	0.09087745	0.16955789	-0.00476853	0.09725287	0.06825819	0.15864863	0.07014661	0.02938639	0.10678261	0.01216480	0.16286957	0.16697689	0.01740099	0.08684217	0.08350787	0.35063081	0.05780454	-0.04399908	-0.13727456	0.06661709	0.03446609	0.05932723	0.01293887	0.17351981	0.03272183	0.18950531	0.05242413	0.00405316	-0.09504815	0.09415782	0.02192072	0.28783427	0.29069766	-0.10041299	-0.06652601	0.02953124	0.26791989	0.03313623	0.11857974	0.13834293	0.19162231	0.15190118	-0.01998030	-0.16258712	0.01403912	0.24450598	0.06500117	0.21098127	0.24963403	0.29578159	0.17079015	0.21339678	0.15170701	-0.04280698	0.19776299	0.12008910	-0.03701396	0.27182179	0.25082694	0.29964261	0.24250958	0.36778386	0.34041085	0.25451603	0.26854004	0.19358485	0.19097621	0.14607131	0.01058385	0.00953047	0.12601294	0.19809640	0.03282584	0.10212202	0.45208478	0.38589512	0.38106388	0.29821139	0.29440818	0.27937906	0.28166887
17Networks_LH_ContB_Temp_2	0.41884093	0.40938817	0.42196771	0.53197045	0.07054899	0.07035934	0.34398457	0.12113610	0.25052081	0.24076623	0.14523857	0.09568676	0.09448617	0.47382057	0.41227636	0.06264019	0.13319829	0.29654167	0.21174980	0.19977673	0.24930433	0.11657277	0.14841233	0.20583324	0.12751659	0.10128853	0.11779348	0.11520553	0.21107578	0.17671376	0.06163566	0.01347006	0.07618846	0.17668258	0.26108335	0.30756593	-0.15694287	0.19542902	0.28254286	0.14899597	-0.03031959	0.22159156	0.00505790	0.26249680	0.21630984	0.08301539	0.22156665	-0.05993145	0.23509461	0.17786464	0.14735749	0.04614013	0.05090572	0.19704467	0.00973589	-0.13174114	-0.03213703	-0.05725603	0.08601568	0.31595094	0.13282679	0.49246143	0.28734227	-0.03991130	0.25878437	0.16146653	0.22825434	0.22888249	0.20405203	0.03552465	0.33938205	0.29801486	0.22311765	0.03210925	0.17207679	0.08117040	0.02161238	0.11844577	0.26851734	0.21050409	0.17337785	0.31582126	0.22112069	0.19476167	0.12466063	0.14859875	0.13730495	0.21397858	0.20307657	0.00037581	0.02112998	0.07910706	0.19226200	0.14202656	0.06589408	0.26152022	0.32632641	0.14552623	0.28283916	0.26685662	0.13745679	0.26874350	0.10972841	0.13061872	0.00373564	0.00696193	0.23976621	0.21478584	0.04300969	0.20633507	0.14974762	0.10566596	0.06983552	0.07222661	0.01167031	0.08799720	-0.00403249	0.17480811	0.15636685	0.12410912	0.25553197	0.26872180	0.31422044	0.43418793	0.19824714	0.33929546	0.35479346	0.34494409	0.15813295	0.20663532	0.17805747	0.04569529	0.03072613	0.40780604	1.12781686	0.34115309	0.50872286	0.22393720	0.17555883	0.25928606	0.04637219	0.12252122	0.20311600	-0.07138026	0.20640488	0.21495200	-0.04888936	0.01365310	0.05898038	0.34467323	0.15183525	0.04846707	0.15164107	0.08621737	0.03786528	0.01966825	0.15818449	0.07586044	0.08334476	0.12837688	0.18757259	0.08170052	0.13383926	-0.01197417	0.28033039	0.10480795	0.27482372	0.23716387	0.19148583	-0.04134319	0.49084070	0.13679872	0.07210083	0.16865870	0.16542387	0.15584023	0.16004091	0.28647362	0.30669290	0.32299795	0.14763499	0.24939917	0.08510497	0.27412486	0.14308400	0.15278797	0.18667656	0.41584046	0.22067037	0.13718450	0.07348269	0.21109464	0.22914470	0.04844296	0.20478589	0.29102978	0.22351566	0.31143850	0.22039261	0.19241422	0.19464633	0.40583619	0.37098024	0.44253807	0.22901463	0.25402112	0.37236112	0.08344080	0.17815198	0.14222660	0.27484651	0.24014319	0.20549315	0.00715703	0.33623979	0.25876410	0.04394214	0.30186924	0.23097735	0.23466815	0.30703743	0.05962787	0.22640055	0.00123982	0.01961308	0.14398209	0.11829501	0.10753081	0.14036103	0.05964841	0.13624338	0.13567724	-0.02883967	0.04808045	0.22346591	0.25186465	0.12866179	0.03629613	0.08890023	-0.00862378	0.32164226	0.21186191	0.25418838	0.30922654	0.26903473	0.07547743	0.07913421	0.11899004	0.11546399	0.05094698	0.16308447	0.18278207	0.07060020	0.10125948	0.03755210	0.17340806	-0.00607273	0.13148425	0.14186450	0.40364083	0.40317107	0.17838463	0.13036626	0.24237630	0.35054385	0.24530121	0.21166648	0.17420350	0.26354233	0.17685360	0.14990210	0.11220156	0.17439343	0.04984626	0.13920286	0.18994706	0.04492799	-0.00908092	0.20479725	0.29748865	0.20449517	0.34123521	0.16757256	0.17198174	0.10384468	0.15785698	0.09027741	0.20026928	0.11709299	0.03395218	0.10077625	-0.05780551	-0.03315005	0.18784279	-0.08453998	0.08943431	0.12277119	0.10817615	0.11793284	0.16511612	-0.00802932	0.28668908	0.02455154	-0.02751373	0.11481707	0.16504395	0.14416910	0.30629195	-0.07012064	-0.03015642	0.06323798	0.19158066	0.33181180	0.39154410	0.12659396	-0.10153165	0.05146915	0.08910920	0.20795749	0.02269500	0.17918960	0.10322656	0.15555035	0.15009073	0.25619296	0.04608365	0.19194007	0.06849258	0.14516589	0.22363045	0.16755460	0.14728689	0.03752140	-0.00612779	0.17058039	0.29030145	0.50159666	0.15647366	0.18909972	0.13913127	0.09255983	0.17211675	0.03589556	0.08975637	0.33598344	0.26900050	0.11283775	0.11908988	0.22453075	0.17350740	-0.01712011	-0.03315433	0.14587423	0.06952257	0.07038943	0.00406167	0.11728014	0.07883189	0.21149027	0.24585501	0.13492455	0.08129788	0.09663300	0.04139367	0.07809539	0.13942592	0.02427651	0.25077147	0.18378717	0.09073297	0.15944628	0.22634120	0.01489664	0.31004928	0.19503039	0.17375478	0.17310709	0.11550157	0.12103993	0.17578662	0.21848402	0.00054076	0.10753702	-0.07165030	0.11875769	0.23671195	0.19795247	0.15106988	0.33648641	0.29851896	-0.02021263	-0.02706551	0.18747632	0.16007330	0.01475806	0.19715038	0.11634265	0.09813501	0.26305544	-0.00173902	-0.05971610	0.01631865	0.04397920	-0.06327584	0.08808856	-0.06233145	0.09430041	-0.00715410	0.13793198	-0.02605332	-0.16614590	-0.09372761	0.01073860	-0.01633043	0.03851639	0.12419022	-0.05946165	0.19865048	0.09422393	0.23005596	0.09611474	-0.05245184	0.06342269	0.06312434	-0.03406835	-0.08419615	-0.15217183	-0.00576521	0.07846191	0.01699229	0.05938328	0.17073684	0.34557568	0.22604663	0.11071159	0.12937883	0.13690696	0.26445760	0.30157766	0.17195375	0.48690606	0.46625244	0.48266148	0.42977253	0.46364571	0.37535452	0.30009648	0.33426258	0.39039054	0.19940714	0.12856943	0.05444814	0.22174459	0.18152260	0.27940231	0.12466442	0.28517061	0.43193658	0.41419135	0.34579401	0.42631764	0.32789017	0.31832169	0.27517316
17Networks_LH_ContB_IPL_1	0.42956408	0.33236583	0.33770284	0.41009032	0.00392333	0.01968523	0.25711357	0.07745686	0.22509265	0.08341283	0.21357323	0.16565761	0.14548488	0.32700189	0.38788236	-0.07714827	0.06389947	0.23434129	0.08224741	0.20341162	0.18171583	0.16461210	0.10468716	0.08808567	0.08566631	0.11986127	0.11170237	0.21454269	0.15943714	0.19843409	0.14333501	0.22733461	0.05699347	0.21831591	0.28244959	0.30201047	0.02508840	0.26700105	0.32648209	0.23336481	0.07304762	0.14510885	0.10476679	0.17152814	-0.00923956	0.03634335	-0.00287973	-0.15248620	0.05134455	-0.02165823	0.07328355	0.14497160	-0.02962357	-0.06474382	-0.07473417	-0.12462950	0.16771709	0.02228860	0.25059840	0.39171005	0.14793694	0.21251612	0.15827012	0.00381651	0.10115073	0.12787830	0.14256925	0.22588332	0.16140627	0.10834524	0.26179126	0.25713584	-0.01228703	0.06944718	0.02845707	0.17669379	0.08919313	0.08942959	0.13602803	0.06554297	0.18605596	0.26827412	0.25207613	0.04591917	0.23037285	-0.11089772	0.20813177	-0.00730857	-0.07812055	-0.15741829	0.02618488	-0.04572945	0.04347697	0.23499062	0.07206346	0.06892360	0.06327945	0.06369248	0.37488712	0.34113989	0.13812656	0.25859361	0.10615073	-0.01458336	0.22759941	0.02816803	0.18919542	0.34793598	0.10176547	0.32012339	0.07803594	0.13666968	0.24733295	-0.06359633	-0.00153875	-0.08095594	-0.19939358	0.03332617	0.02246356	0.11510784	0.04415610	0.20264627	0.20711085	0.41930498	0.27003719	0.20144861	0.48681181	0.36827485	0.25170846	0.20890122	0.34697871	0.38353724	-0.01230110	0.39733058	0.34115309	0.93336066	0.53927920	0.25026867	0.23550824	0.46944168	0.45356494	0.34015518	0.34030502	0.17383295	0.30312669	0.22966214	0.01051632	0.20034236	0.38645158	0.45991231	0.12802964	0.38599108	0.32540655	0.22136924	0.22804498	0.21630100	0.26976349	0.13428192	0.24786586	0.18635200	0.35235504	0.17668568	0.21813579	0.17816200	0.53157845	0.19846390	0.20342877	0.15351768	0.22936075	0.28926156	0.29906151	0.37751262	0.18329856	0.42209330	0.20588567	0.17641753	0.22452197	0.32894971	0.31974072	0.40926908	0.28928649	0.41730463	0.20879053	0.19968315	0.27995405	0.26857062	0.22162167	0.07196253	0.19656256	0.12486387	-0.02298344	0.21655008	0.10364097	-0.00003072	0.33948132	0.26471584	0.14344846	-0.01519360	0.06185337	0.16118239	0.21754667	0.25764891	0.23466635	0.34378883	0.19146751	0.14641844	0.37668895	0.02658793	0.14594236	0.16545479	0.19832922	0.21669463	0.19668361	0.06463154	0.19793804	0.24438710	0.06829255	0.20213959	0.19579384	0.18690451	0.18993941	0.14936450	0.07823282	0.21379079	0.02024179	0.11905297	0.18416581	0.03169162	0.20236619	0.06530911	0.15057409	0.08163493	0.08295095	0.16485248	0.15429130	0.20149889	0.09537803	0.02621068	0.10171513	0.08895166	0.27243562	0.16719037	0.21212767	0.21425966	0.10373544	-0.02417354	-0.01059929	0.04367093	0.06618885	-0.15914986	0.01016291	-0.01805489	-0.03859322	-0.05392624	0.05679168	0.11797867	0.13845977	0.06197962	0.19185542	0.36276272	0.26848710	0.22720897	0.26287680	0.11453545	0.20258756	0.14390988	0.16954887	0.19337342	0.19558833	0.19144126	0.10997276	0.09613300	0.01739156	0.17839054	0.03981796	0.08536336	0.07180268	0.10416701	0.00664905	0.08673462	0.18206619	0.13499415	0.16575846	0.20707167	0.00695444	-0.09664204	0.00725795	0.25750222	0.17144323	-0.08617006	-0.01623066	-0.13688779	-0.17856956	-0.02850459	0.11576908	-0.06177598	-0.00776067	-0.05007739	0.14415071	0.00951623	0.00672783	0.38565818	0.19677870	0.14846514	0.12954914	0.31940117	0.22307243	0.23009700	0.15576419	0.00637816	0.14356431	0.14731501	0.29054282	0.19437035	0.11552431	0.10852283	0.05380050	0.08189272	0.04865891	-0.01978783	0.19984263	0.00925969	0.10824113	0.11249718	0.11778453	0.09581809	0.16928810	0.21067223	0.36540799	0.43402014	0.36677550	0.34695342	0.02382198	0.26435643	0.07849858	0.37024434	0.38077789	0.50009535	0.48685338	0.07880739	0.01066103	0.23949667	0.40970692	0.46433243	0.51683582	0.21561310	0.36159823	0.31268682	0.37432808	0.36829345	-0.02196704	0.19014866	0.32084227	0.14925303	0.09823569	0.01657709	0.18468678	0.32043247	0.48810053	0.44181142	0.24931206	0.26995975	0.22274393	0.27923339	0.27093742	0.27114389	0.21274518	0.42403537	0.26246126	0.20075961	0.23434332	0.41853110	0.08370892	0.38610659	0.34052036	0.30705166	0.39532509	0.36246631	0.38985337	0.41555401	0.40682227	0.24691320	0.24342074	0.16194542	0.13269417	0.02255662	0.16733415	-0.01348800	0.15198379	0.05415021	0.14910242	0.05868734	0.11138494	0.24989766	0.12848968	0.09455114	0.08097336	0.05404991	0.39902289	0.18321641	0.00054104	-0.05241398	0.08332746	0.03548354	0.03096582	0.00867698	0.10213001	0.03449963	0.11766557	0.05227393	-0.04671259	-0.02493961	0.10955870	-0.06128853	0.25492546	0.27323613	0.02964389	0.00447445	0.05317783	0.20957712	0.02577286	-0.01321497	0.17035413	0.15298588	0.02289321	0.01234063	-0.02561362	0.12306428	0.15243542	0.07374844	0.30910615	0.28162826	0.31535234	0.29177761	0.12744983	0.07567598	0.13877837	0.21711950	0.19291830	0.10438435	0.41221505	0.40415886	0.42175781	0.34993815	0.37390164	0.36440445	0.29801403	0.33269713	0.22819276	0.29285995	0.10179356	-0.01698334	0.11903922	0.17023713	0.28105500	0.13469861	0.25883135	0.43810474	0.40149746	0.30286703	0.28637034	0.22952052	0.22692952	0.24565380
17Networks_LH_ContB_IPL_2	0.38268657	0.28926117	0.23407648	0.31513292	-0.01937582	0.04227844	0.16376104	0.02652536	0.12723301	0.08184962	0.08177096	0.10297666	0.14975795	0.32387207	0.29011847	-0.09265513	0.15475674	0.16404734	0.17165860	0.23873456	0.18478606	0.12408983	0.13078326	0.11245652	0.06438061	0.09851166	0.12628218	0.17437997	0.14191962	0.27276070	0.18168986	0.20202452	-0.00890514	0.17202280	0.22777004	0.24231931	-0.02271158	0.20637954	0.24369287	0.18527088	0.04128700	0.19697645	0.09908124	0.13039560	-0.06587732	0.00972304	0.00672033	-0.14951226	0.03964752	-0.10913783	0.03896916	0.09764850	-0.00494490	0.12322171	-0.01901267	-0.01287452	0.03865982	0.03595350	0.13650255	0.33676379	0.12727078	0.31308709	0.26791664	-0.05628051	0.14653556	0.16364027	0.23308643	0.24235438	0.24543848	0.09480358	0.27877104	0.22772180	0.20817206	0.09186263	0.19365568	0.17181094	0.11945025	0.09748964	0.09291302	0.12336826	0.18740957	0.31651436	0.24380427	0.09632674	0.19770493	-0.05672265	0.19671115	0.22062174	0.11390979	-0.18518199	0.05677607	0.02702812	0.12945725	0.33836724	0.10985381	0.22559990	0.16075281	0.07731905	0.27052529	0.23287671	0.24071836	0.26925237	0.14186237	-0.00955948	0.16463304	0.02931689	0.24068372	0.21343174	0.10919039	0.22689547	0.15755778	0.03080075	0.04868500	0.05606497	0.12613642	0.02372126	-0.18046999	-0.04006799	0.12896455	0.11328243	0.10445062	0.27730375	0.43536457	0.54659687	0.35358268	0.39491292	0.43372090	0.49413208	0.32519916	0.33192860	0.27660304	0.24576175	0.01850556	0.31983137	0.50872286	0.53927920	1.00755501	0.40832245	0.12991091	0.37362356	0.13263624	0.22071699	0.16806878	-0.00403628	0.23282434	0.14082638	0.07908881	0.07838712	0.10244318	0.46045192	0.08639095	0.11742551	0.16204270	0.05006364	-0.01887800	0.08274469	0.30550954	0.04519612	-0.02505486	0.14507512	0.10166648	0.05647772	0.00306095	-0.01630730	0.36874590	0.17032267	0.23439073	0.16326893	0.13393200	0.06173078	0.50247062	0.28347167	0.09542439	0.27739502	0.03621877	0.01130087	0.06422150	0.11960080	0.23392209	0.29751383	0.14635808	0.26485520	0.10647576	0.25406660	0.14650130	0.21229694	0.24906345	0.21604393	0.17043067	0.09657107	-0.00866933	0.16343257	-0.01173461	0.02574082	0.30575292	0.19497032	0.26742058	0.22433480	0.07453975	0.14538239	0.08940969	0.26805168	0.18646936	0.20059634	0.06328950	0.15292643	0.24517099	0.10902640	0.13245100	0.17414264	0.25329733	0.15801683	0.15480310	0.04691559	0.13612182	0.20797855	0.06249659	0.20890090	0.19441111	0.19444818	0.20806743	0.09301564	0.08924895	0.06872519	0.03112211	0.16017723	0.14718891	0.05839881	0.15245844	0.04366381	0.07792137	0.11032641	0.05206377	0.08888507	0.14313024	0.20404182	0.21331197	0.01399630	0.05527381	0.03006955	0.18171024	0.09810765	0.16266997	0.28127520	0.16535535	-0.03015412	0.02738442	0.00408614	0.01389017	-0.08471292	0.07079530	-0.02312829	-0.02732675	-0.02598930	0.04487719	0.26570296	0.11152200	0.13939470	0.18071812	0.30365156	0.21300910	0.13191091	0.03677185	0.11924732	0.24391468	0.29666000	0.15969421	0.22522593	0.27854607	0.27152622	0.12969203	0.06988300	0.15320004	0.11493829	0.18052631	0.25377735	0.04415850	0.01600736	0.10686587	0.14394587	0.08586038	0.20907173	0.15136273	0.16014733	0.07950844	0.01823291	0.17048102	0.30402910	0.10258800	-0.02233278	-0.04346855	-0.09472662	-0.12248173	0.07968922	0.13029225	-0.01588802	0.05208039	0.09410878	0.17799215	0.12386712	0.07666968	0.29740294	0.00318349	0.19206374	0.23956131	0.27746356	0.18231065	0.22802864	0.02394129	-0.02390882	0.04717874	0.08761158	0.32386725	0.31828064	0.15271342	0.07182192	0.05626645	-0.01874860	0.05082119	-0.03016517	0.25966474	0.01606386	0.16384888	0.12924503	0.27014495	0.26818400	0.30166046	0.18190533	0.14361876	0.31563263	0.24932900	0.21379063	0.11635293	0.18948637	0.19428526	0.19722416	0.37242332	0.34466609	0.45315497	0.25140310	0.24932481	0.16665408	0.14956052	0.26903908	0.30519435	0.19093958	0.21620867	0.25518799	0.17342962	0.26635858	-0.06126407	0.09010920	0.04727253	0.04783911	0.09110209	-0.04538997	0.22480079	0.08893767	0.22130643	0.34913033	0.04772858	0.02351433	0.06489820	-0.00080516	0.19841041	0.19903682	0.04845171	0.24126901	0.09150538	0.10297463	0.02268304	0.19941234	0.00726915	0.31791394	0.25240622	0.21633812	0.14894920	0.23220848	0.13595587	0.22843907	0.31968361	0.11198303	0.15422606	0.01881778	0.03083452	0.07519481	0.20777790	0.07098431	0.20692874	0.13527457	0.06394683	-0.03393992	0.11004044	0.15650588	0.06565060	0.16580219	0.02711986	-0.01681848	0.29716557	0.12830756	-0.02544577	-0.02415445	0.08032950	-0.00023733	0.14222489	0.03677933	0.07402465	0.04081397	0.08260541	0.01885543	-0.17559936	-0.06076924	0.00061055	-0.12179491	0.10879661	0.19036761	-0.00554922	0.04777584	0.05208799	0.13604717	0.02417462	-0.00314031	0.03475181	0.10937003	0.02808378	0.02278007	-0.07578575	0.02005051	0.08327344	0.04500156	0.19583780	0.25333949	0.23325200	0.22355340	0.08566118	-0.03070485	0.21582522	0.14324266	0.14788498	0.09397768	0.32466987	0.37977025	0.39894192	0.35810737	0.29037502	0.20652377	0.13386465	0.19652357	0.27453300	0.22005801	0.05275827	-0.02788227	0.06801488	0.07812747	0.21604839	0.08431155	0.25052330	0.38145879	0.30913971	0.16150459	0.25172638	0.14802019	0.10180283	0.15610500
17Networks_LH_ContB_IPL_3	0.20181174	0.20190165	0.09298247	0.08490885	-0.03518455	-0.06932434	-0.01118637	0.14870558	-0.03245305	-0.00903232	0.08623373	0.07965890	0.14200313	0.29078877	0.13136027	-0.02807582	0.10975430	0.03079581	0.08168761	0.14829660	0.03828270	-0.00423381	0.08972810	0.05829027	0.19542008	0.00595202	0.14141049	0.26375633	0.22488342	0.31643913	0.19566602	0.26342582	0.24439689	0.33386551	0.27944072	0.36786903	0.32074666	0.06418586	0.16320733	0.31468904	0.18340077	0.12546826	0.28155019	0.06290914	-0.00048812	0.09272560	0.00725594	-0.09635525	-0.14479487	-0.01860934	0.30031642	0.11132811	0.17068940	0.13533083	0.11524312	0.01662819	0.16340701	0.10573070	0.14772392	0.14177823	0.12619316	0.13348098	0.14238455	0.14947064	0.10500878	0.13832394	0.42088980	0.44790156	0.42466610	0.39803812	0.45986142	0.40667411	0.24664048	0.30220512	0.39480655	0.51725679	0.45198643	0.28750657	0.06549471	0.16399025	0.04701773	0.20178101	0.43332447	0.23811526	0.41760008	0.02443972	-0.05772496	0.11064515	0.12154420	-0.07097947	0.07334052	0.03458026	0.09014236	0.18932616	0.28301282	0.33558810	0.03620128	0.26694862	0.11826715	0.21066992	0.22805468	0.28218296	0.24319818	-0.08704733	0.00105701	0.16925942	0.14684264	0.05047205	0.19146316	0.14780878	0.06231548	0.01233704	-0.14879449	0.12943395	0.23134409	0.09415100	-0.06869149	0.05307801	0.17232588	0.00672525	0.32339346	0.29192622	0.33395734	0.55420495	0.51417544	0.54814943	0.22185509	0.16471358	0.24249469	0.43421465	0.06185661	0.12631635	0.08402820	0.03970107	0.22393720	0.25026867	0.40832245	0.98362178	-0.09739527	0.12308144	-0.04431208	0.10999825	-0.03217379	-0.03021797	0.12675638	0.11204701	0.07667852	-0.01434634	-0.16408500	0.16274793	-0.05322557	-0.05246739	-0.13610889	-0.05912103	-0.08397231	0.00028510	0.04251898	-0.05048305	-0.10315194	-0.02275648	-0.03023434	-0.04891591	0.01215596	-0.16733268	0.07195858	-0.06788419	0.06172857	0.02970919	-0.04897406	-0.08568978	0.11790648	-0.02106528	0.02735718	-0.06618543	-0.04200535	-0.04043853	-0.00416143	-0.06996680	-0.07748878	0.08692467	-0.10292965	0.03953691	-0.03769514	0.00331030	-0.15111710	-0.09818363	-0.09176990	0.17481924	0.13699763	0.05839075	-0.03187705	0.03266323	-0.13734284	-0.00446865	-0.04871423	-0.00968038	-0.12191003	-0.07312937	0.05397456	-0.15259620	0.16193330	0.14196830	0.11686490	0.04005613	-0.04593500	0.05316762	0.06478894	0.06557882	0.02336081	0.23078558	0.08628149	0.11986197	0.08903238	0.10015568	0.08895623	0.13126892	0.00253685	0.01224997	0.05709481	0.06341761	0.04928468	0.07466999	0.00265268	0.18844992	0.06574287	0.18708020	0.29763992	0.17248965	0.23063596	0.19664401	0.12743845	0.21862128	0.19606950	0.20117605	0.39853021	0.01238849	0.08752131	-0.03986246	-0.08013918	0.14358782	0.07262713	0.16520334	-0.01550486	0.20341777	0.16127350	0.09888032	0.09466759	-0.02346060	0.18644707	-0.09762119	0.20008898	0.19831583	0.08901537	0.16091705	0.24279449	0.25852519	0.35783178	0.33557551	0.14715303	0.23610738	0.13655997	0.25791829	-0.09839941	0.07424877	0.25026879	0.22750808	0.21930409	0.41473211	0.49920149	0.49373384	0.28461684	0.28242519	0.34349934	0.20555033	0.39140811	0.49685351	0.32256828	0.22953978	0.21845512	0.05317739	-0.11934966	0.20468317	0.41878130	0.31438295	0.12728702	0.16715642	0.26191420	0.18733758	0.01450049	-0.01166408	-0.06832131	-0.03862954	-0.04556088	0.04909961	0.11799478	0.02597134	0.08984922	0.28441475	0.31692384	0.29135543	0.15714279	0.20845624	-0.10807472	0.10136809	0.20025636	0.26061650	-0.01022595	0.20202314	-0.13540863	-0.00391173	-0.12750966	0.01657068	0.22644262	0.17394608	0.12173033	0.15027633	0.10175118	-0.04617124	0.19758537	0.08948061	0.25199817	0.19052266	0.18872183	0.06621294	0.34993379	0.34846852	0.28251938	0.48291258	-0.03290567	0.08658919	-0.04716788	0.10409552	0.06627955	-0.08273220	0.12361876	0.12196973	0.10826004	0.14242331	0.20279533	0.28942597	0.23121761	0.25119422	0.06708441	-0.02361307	0.04171586	0.02166752	0.13447358	0.18054524	0.03436354	0.11916890	-0.05607060	0.06017558	-0.08433709	-0.02947205	0.18712772	-0.13224047	0.12030305	0.01454792	-0.03177902	0.09107417	-0.06761671	-0.06692726	-0.01711549	-0.10065737	0.00586814	-0.01355368	-0.09846276	0.03553901	-0.04507663	-0.05446216	-0.05713111	0.07833599	-0.02677820	-0.09074635	-0.11304361	0.03968034	0.09330621	-0.01713313	0.03068008	-0.03948921	0.14347699	-0.07074064	-0.13679735	-0.16448842	-0.04746533	0.09232595	0.20613172	0.03835353	0.10029092	0.03588790	-0.07948966	-0.16654235	0.01093636	-0.08379634	-0.27303279	0.09087883	-0.31169839	-0.12850370	-0.06530938	-0.10226677	0.11314849	-0.02181419	0.11790621	0.10016472	0.22797821	0.08601218	0.05935035	0.15185626	-0.08262526	-0.00341492	-0.16908114	-0.02801172	0.13389928	0.03957167	0.13657864	0.13541300	0.11290859	-0.02294788	0.07888019	0.02605757	0.03448592	0.11013042	0.08691785	0.06115204	-0.05392191	0.05856158	-0.07274877	0.07348521	0.01939157	0.01263338	0.09946005	0.05636299	0.17334127	0.15220185	0.13087199	-0.00362243	0.20792408	0.15702736	0.18886859	0.12889720	0.11062667	0.21120708	0.19593206	0.21701239	0.04359554	0.06564840	0.07072303	-0.00401923	0.19420729	0.32261894	0.14076164	-0.06797929	0.20199640	0.16531885	0.15743799	0.10190898	0.14442038	0.15799217	0.16644442	0.09035299	0.11848721	0.03459991	0.06603169	0.01725594
17Networks_LH_ContB_PFCd_1	0.36093074	0.30132533	0.18144557	0.34951653	0.22180623	0.01035444	0.24421413	0.13547050	0.17574815	0.13520244	0.19860405	0.13474139	0.15967978	0.23345783	0.29052832	0.10549951	0.07945079	0.28354549	0.06656440	0.04888839	0.18660598	0.22103475	0.17390855	0.10420044	0.03223263	0.29277438	0.16890849	0.07660333	0.18444344	0.10345853	0.06503320	-0.08020117	0.04411332	0.08302901	0.17580317	0.12436430	-0.15187113	0.37946358	0.37564667	0.11256411	0.08344145	0.27102258	0.04312279	0.14228191	0.10344793	-0.08484227	-0.05860883	0.11586500	0.19578066	0.13520463	-0.01259330	0.04975671	-0.12455280	-0.16123283	-0.09887932	-0.07066248	-0.00634754	-0.00820557	0.12263375	0.32430909	0.23330725	0.39223067	0.22664334	0.00314898	0.13308035	0.06272228	0.04568448	-0.02576666	0.00081821	-0.14070249	-0.02998715	0.04613663	-0.19997231	-0.10604391	-0.11570635	-0.08884786	0.01111022	0.02469207	0.15928427	0.09598806	0.32602371	0.25269929	0.02581766	-0.01679424	-0.02053649	0.04183940	0.28061853	-0.19371184	-0.18774621	-0.06177370	-0.10458533	-0.08944619	-0.02874327	0.02446126	-0.14912008	-0.17833669	0.18749228	-0.13359989	0.17110774	0.37604620	-0.18640117	0.10672051	-0.16033721	-0.08479724	0.20233908	-0.19851964	0.01171986	0.21792808	-0.18755726	0.24378654	-0.02464609	0.13334818	0.35626408	-0.04199080	-0.05105860	-0.02750509	-0.04444427	0.12871416	-0.02220524	0.13687202	-0.04877632	0.05094956	-0.13416659	0.08360345	-0.03741864	-0.17124488	0.36832799	0.01736338	-0.20883005	-0.01831173	0.17898804	0.02673323	-0.13417955	0.27930189	0.17555883	0.23550824	0.12991091	-0.09739527	0.98350108	0.09142362	0.26506471	0.19359826	0.38980235	-0.09938134	0.06781350	0.20743098	-0.06782733	-0.04295459	0.45714368	0.23345454	0.33207372	0.47926462	0.47674348	0.42680523	0.43848317	0.21250357	0.10226474	0.24493941	0.54474234	0.23580835	0.46298689	0.23277914	0.40579555	0.32601205	0.23565045	0.20542462	0.31328606	0.27194820	0.21613644	0.35339596	0.28660799	0.34360952	0.50127241	0.55034870	0.54317270	0.56658854	0.45131835	0.61878351	0.59692033	0.45541910	0.53230235	0.46415685	0.42222556	0.28498928	0.43150296	0.39794002	0.36614764	-0.01996813	0.19753796	0.25591220	0.08992508	0.12205059	0.17455693	-0.05996376	0.31849033	0.15970143	0.29111824	0.02201439	0.23120258	0.33510233	0.28840175	0.20230278	0.21049039	0.31411879	0.23099409	0.16146932	0.33458146	0.02200927	0.11233032	0.13326104	0.15960928	0.24778681	0.11564808	-0.02710281	0.26784097	0.32916522	0.08063089	0.20318766	0.21068507	0.18865797	0.18960155	-0.05385781	0.14905242	0.06870864	0.17728146	0.07873618	0.13651162	-0.14326469	0.20394663	0.11332074	0.16074270	0.11728672	0.13238225	0.01902757	0.01620045	0.32745116	0.15911363	0.24915738	0.31285984	0.10695887	0.32366383	0.20335644	0.40275815	0.00318193	0.04260271	-0.04457946	-0.12299173	0.12134401	-0.09115498	-0.09435372	0.00310351	-0.05416302	-0.03146047	-0.08955597	0.02824430	-0.00986823	-0.03487333	0.00712701	0.14357608	0.32906179	0.21018375	0.16153530	0.44673052	0.15321726	0.13743200	0.17680863	-0.01200747	0.09096931	0.02722416	-0.05552149	0.00551335	-0.02132194	-0.04895457	0.03795610	-0.09404935	-0.06321146	-0.07254851	-0.00537228	0.05510397	0.24756675	0.41409665	0.06401110	-0.14579675	-0.10084116	-0.08482827	-0.07208200	-0.18078387	-0.04223616	0.06803866	-0.19390516	-0.03156421	-0.17792042	-0.03259806	-0.08630299	-0.19191747	-0.10681348	0.07912557	-0.21102929	-0.21951966	-0.11150708	0.10152684	0.14391874	0.39641404	-0.12426151	-0.16571818	-0.13470910	0.10968069	0.08555384	0.21988466	-0.10151420	0.20220796	0.03669691	0.12162408	0.19533701	0.01389078	-0.11705547	0.02033957	0.19508052	-0.10816707	-0.02435094	0.06380608	0.00940952	-0.05950351	-0.00764481	0.02743022	-0.15417991	-0.12629122	-0.03102952	0.34614349	0.06044297	0.12706899	0.07102596	-0.06728132	0.20859141	-0.02649545	0.09765038	0.17671174	0.18008645	0.00858710	-0.25054999	-0.09753980	-0.00969712	0.02793227	0.10904658	0.48739558	0.24790564	0.07892082	-0.09887086	0.18114484	-0.06611181	-0.09642153	-0.15112603	0.41755343	0.10830268	-0.01239765	0.22968686	-0.00385885	0.23172149	0.31712015	0.12402548	0.51687833	0.50913192	0.40265118	0.44563325	-0.03153096	0.15223455	0.21013249	0.34824950	0.28367590	0.22973983	0.42670976	0.37550995	0.08482956	0.18050676	0.30823991	0.23491264	0.43792567	0.38468680	0.31259304	0.41959747	0.38667328	0.39322737	0.30252820	0.04142890	0.17630932	-0.04816993	0.17018305	0.12591175	0.04278340	0.06184460	0.05320700	0.19723507	0.09582295	0.25822076	0.23870850	-0.19360833	0.21040735	-0.02430828	0.38594467	0.16022124	-0.04746281	0.13247892	0.09779959	0.00906273	0.08236355	-0.05285513	0.08591124	-0.02201729	0.23595319	-0.00431743	0.13602346	-0.13822802	-0.03711595	-0.02893286	0.03276169	0.16807383	-0.12911682	0.05798122	0.04365845	0.07628927	0.12417683	-0.11411861	0.02376701	-0.00107666	0.16739399	-0.06292890	0.05865010	0.09835089	-0.04529122	0.03386238	0.06888843	0.06022217	0.44391786	0.20947969	0.16996934	0.21975982	-0.06734732	0.28771793	0.25012091	0.12894135	0.33187371	0.27473896	0.33831697	0.28042444	0.40413440	0.45931935	0.31737013	0.34384371	0.20977631	0.14357070	0.10572714	0.05711522	0.03130645	0.21216605	0.21079675	0.04914228	0.22813370	0.44608471	0.42893549	0.42176809	0.41738310	0.42443955	0.32109920	0.36027375
17Networks_LH_ContB_PFClv_1	0.26350024	0.24543511	0.36897357	0.40751338	-0.03934631	0.03187294	0.19597476	0.00524366	0.22263255	0.07354865	0.16160675	0.11050690	0.04493095	0.24567279	0.37965079	-0.09169465	-0.06894928	0.17395011	0.00465727	0.04175168	0.14817658	0.07344062	0.03562258	0.01204803	-0.05370597	-0.03879422	0.11342810	0.09573720	0.02548443	0.06500283	0.07284577	0.02196926	-0.08321174	0.16237923	0.15388249	0.08896897	-0.14951470	0.17795511	0.24490727	0.02222335	-0.08118619	0.19727824	-0.07475419	0.31781277	0.11218297	0.09889417	0.08096438	-0.16437690	0.14774299	0.04860117	0.00901177	0.06987305	-0.07054862	-0.06814314	-0.00284532	-0.00365181	0.10704610	-0.08704343	0.21758130	0.23998300	0.05648507	0.10895344	0.11750730	-0.16924910	0.01626090	0.00477490	-0.02588450	0.10752717	-0.02726987	-0.03524988	0.03535140	0.10771108	-0.02127764	0.03811319	-0.09640236	0.05969523	0.00112856	0.03363020	-0.02549809	-0.00091591	0.18251747	0.19807189	0.14206046	-0.07041019	0.16899584	-0.03528015	0.18465979	-0.12145680	-0.06135327	-0.09209139	0.11740597	0.02861841	0.10488218	0.41236956	-0.06738067	-0.03277491	-0.00391707	-0.07305332	0.38522318	0.20261249	0.05802246	0.03636266	-0.05292272	0.22809428	0.37870179	-0.09932068	0.16654895	0.41470317	0.15080309	0.30455856	0.08679972	0.01002489	0.32326725	-0.13108459	-0.14895391	-0.11823775	-0.19904380	-0.08788345	0.06065958	0.05302375	-0.05939020	0.02682465	0.09568698	0.23475049	0.05863291	0.15413166	0.37217811	0.51653605	0.24053891	0.22289372	0.50680129	0.39867919	0.04664867	0.35272460	0.25928606	0.46944168	0.37362356	0.12308144	0.09142362	0.99606416	0.55491558	0.25671053	0.47954423	0.04413879	0.12392595	0.02094289	-0.14818871	0.18061586	0.39513530	0.38640239	0.12612553	0.31483047	0.39499856	0.22705520	0.23751930	0.11613394	0.21843087	0.03332909	0.20355707	0.21973113	0.29062309	0.19354283	0.16984722	0.25211866	0.42643695	0.35780739	0.12325799	0.18461034	0.17479728	0.33383541	0.37441006	0.47704709	0.09680173	0.32968121	0.25456351	0.20791287	0.17579757	0.23099386	0.22939140	0.33073460	0.19205528	0.38516537	0.27620314	0.29486810	0.48568723	0.39300325	0.34355808	-0.01720129	0.12211307	0.17776503	0.08067460	0.20841036	0.20901439	0.03406648	0.30366149	0.35382836	0.19850745	0.03240457	-0.10746177	0.18068317	0.14510343	0.21000047	0.25096926	0.42420813	0.13570985	0.17372618	0.37311118	0.03342211	0.15243566	0.09211203	0.15504719	0.25977540	0.17246692	0.10802163	0.20089897	0.25510185	0.05491410	0.16001868	0.11661912	0.10883688	0.17743773	0.07516458	0.09515432	0.05535853	-0.01118170	0.02228469	0.07765036	-0.06542847	0.19043386	-0.03779207	0.07413421	0.08283197	0.07128456	0.12722251	-0.02336672	0.18028012	0.07964135	0.03326507	0.18228088	0.01821096	0.21566732	0.14515391	0.17751726	0.07943814	0.07546758	0.07713863	0.16029893	0.14517040	-0.02077875	-0.01584225	0.05990160	0.03668905	-0.04790359	-0.01040000	0.03840374	0.01896147	-0.00391188	-0.06106863	0.00844226	0.15913733	0.17753072	0.12611713	0.18405139	0.07656460	0.07029370	-0.07142412	0.01987186	0.05671975	0.03682235	0.07160010	-0.09000985	-0.10653940	-0.04077715	0.10366856	-0.04517803	-0.02480197	0.01852257	0.02502219	-0.11605311	0.01611544	0.11978490	0.03927320	0.06394729	0.04337338	-0.14093308	-0.11923047	-0.13999367	0.31719801	0.16029079	-0.12963664	0.04470343	-0.10981593	-0.16627532	-0.07318245	0.08843422	-0.11734115	0.00448405	-0.12146718	0.18452498	-0.16975015	-0.10519748	0.27010969	0.07985184	0.05164995	0.10621787	0.21233395	0.14948820	0.03790938	0.04753493	0.04540218	0.16204825	0.09619561	0.11319796	0.08276346	0.09299055	0.16569274	0.01506571	0.13720368	0.06974748	-0.06057189	-0.02985187	0.08677031	0.01634490	0.09317942	0.00564734	-0.08112746	0.15189204	0.06478350	0.35721107	0.59911479	0.53992478	0.42533023	0.10895426	0.31105128	0.05133749	0.40925752	0.36166956	0.40524792	0.50838096	0.03752449	0.08742259	0.11424920	0.43064662	0.53497166	0.42619602	0.36000337	0.30733961	0.23289112	0.31554388	0.51044104	-0.01218975	0.18684487	0.30819333	0.16446238	0.00025679	0.00006569	0.08679111	0.34109559	0.45667611	0.46529140	0.26484882	0.23436492	0.23421393	0.27399238	0.21281835	0.17658431	0.18845276	0.32590198	0.29085142	0.22885539	0.27420197	0.32357410	0.23696959	0.36579969	0.39959998	0.09593812	0.25650863	0.26898189	0.38505427	0.31077231	0.26059369	0.12196634	0.35322355	0.15143749	0.14649520	0.03708129	0.19167656	0.13324538	0.14099173	-0.02410996	0.01070741	0.04049450	0.03283764	0.17741170	0.12673877	0.14978442	0.16871471	0.06326076	0.35802145	0.06051270	-0.01871348	0.02190297	0.09120655	-0.05598033	0.12039649	0.11954971	0.19771903	-0.02766731	0.10786321	0.05540880	-0.03892693	-0.04653380	0.08937975	0.07674345	0.32021964	0.31649460	0.07730373	-0.04210083	0.09521969	0.22901788	0.02070162	-0.04932907	0.22364083	0.18279484	0.01597066	-0.02813836	-0.18685547	0.12649839	0.13644057	0.07985612	0.29547999	0.33503068	0.23544440	0.22952494	0.10783521	0.06854019	0.01340682	0.14239985	0.10150145	0.04260100	0.24050436	0.38603760	0.30158134	0.35109606	0.28533747	0.33033812	0.23279291	0.39983362	0.21650751	0.20921734	0.07514357	0.12648288	0.09148038	0.16846786	0.17022424	0.15434978	0.19800722	0.32863009	0.34938678	0.31182004	0.26227667	0.22660658	0.24463319	0.17064425
17Networks_LH_ContB_PFClv_2	0.29569658	0.22488701	0.38573939	0.36872393	-0.01424018	0.02002680	0.26517414	0.05554485	0.12690530	0.08526292	0.17795224	0.15665917	0.08282492	0.16343548	0.36987595	-0.13652903	-0.14031341	0.20108099	-0.04162124	0.02070945	0.12882818	0.17682080	-0.00390175	0.02958014	-0.12243514	-0.00285841	0.05183349	0.04784262	-0.02501011	-0.00659363	-0.03802741	-0.00801357	-0.08197712	0.05639489	0.09841657	0.17600081	-0.10263356	0.22355261	0.20546712	0.02269030	-0.04519885	0.09827602	-0.05946949	0.30342333	0.08036169	0.07284200	0.07162739	-0.04132597	0.13822759	0.14590465	0.01926652	0.12454530	-0.10230366	-0.13252586	0.01204887	-0.17045086	0.10445416	-0.13934581	0.14425407	0.23916953	0.02315396	0.05921868	0.09211690	-0.03039100	-0.02142336	0.05196884	-0.04937611	0.04530576	-0.03666661	-0.07456317	-0.01604347	0.05103491	-0.13956241	-0.00582656	-0.18348212	0.01946892	-0.02111634	-0.03660634	0.03848046	-0.04993629	0.20554775	0.15091696	0.15046665	-0.08147053	0.11191229	0.00957242	0.16491477	-0.22119212	-0.09786461	-0.01878599	0.07682985	-0.04006637	0.00019098	0.19415631	-0.07777156	-0.13893573	0.01070477	-0.13213895	0.40628701	0.27649235	0.00660739	0.15017201	-0.03157759	0.12343104	0.36323081	-0.14710177	0.16344945	0.38833480	0.06771869	0.26230279	-0.03385536	0.08843683	0.57477619	-0.15238029	-0.14940784	-0.14559508	-0.18551979	-0.00121174	-0.05715417	0.11029845	-0.09429441	-0.06103563	-0.15693927	0.07789737	0.02090827	-0.05679839	0.45022084	0.27075317	0.10654267	0.11085885	0.45683872	0.38770545	-0.04833505	0.36330666	0.04637219	0.45356494	0.13263624	-0.04431208	0.26506471	0.55491558	1.05375187	0.45760328	0.47039298	0.14035777	0.24848049	0.16110004	-0.08266696	0.20122264	0.58348511	0.32413463	0.22861382	0.39515650	0.47889936	0.41246450	0.40636258	0.25603648	0.11087122	0.09827570	0.40676463	0.25681226	0.40931062	0.22827800	0.32899717	0.29702427	0.47423235	0.27050303	0.06154514	0.13596313	0.23660563	0.37209836	0.20600120	0.43721053	0.24734527	0.36419068	0.33913954	0.33591036	0.33432804	0.30901992	0.28347847	0.38967698	0.29589058	0.40547079	0.20574891	0.20945925	0.41511615	0.31245744	0.24363271	-0.07996600	0.17962509	0.23486419	0.15954012	0.11785407	0.23655587	-0.01224614	0.29908366	0.30678046	0.14054960	-0.12128620	-0.05751806	0.16333423	0.21289442	0.19700736	0.23632897	0.44418910	0.21563068	0.14457934	0.44673047	0.02444492	0.12631658	0.14366414	0.14438402	0.30767463	0.14689315	0.01989610	0.14546445	0.14969078	-0.03287110	0.09798754	0.03446606	0.05463571	0.11865225	0.05295747	0.02859725	0.09513448	0.00145626	0.00868572	0.03747885	-0.15374675	0.18700446	-0.06730124	0.05798306	-0.01297319	0.05478112	0.04055335	-0.07764928	0.10539338	-0.02833310	0.02697790	0.21670391	0.01021658	0.20229254	0.12472605	0.16774458	0.04952209	0.01985007	0.05369118	0.08200612	0.17602760	0.00089335	-0.13570865	-0.03182410	-0.00034345	-0.04561229	-0.05008060	-0.05796427	-0.05674642	-0.02929150	-0.20099048	-0.01252783	0.14744844	0.14915889	0.14186187	0.27893557	0.05370430	0.03011811	-0.08545671	-0.02493442	-0.01758717	-0.09474521	-0.06568242	-0.14761449	-0.17842223	-0.11013194	0.08828716	-0.16903709	-0.18641965	-0.06208478	-0.04701846	-0.17384799	-0.03779754	0.15119939	-0.02549189	0.01246996	0.03978545	-0.18193311	-0.12917913	-0.22590977	0.16439217	0.21887701	-0.13153698	0.10221569	-0.04836374	-0.13847772	-0.14907369	-0.02732177	-0.12231542	-0.02025773	-0.19755169	0.03354032	-0.24727615	-0.11555552	0.24940459	0.20847006	-0.04908072	-0.05320792	0.20794261	0.16084817	0.05451807	0.13865893	0.01934214	0.20753763	0.12772728	-0.04535012	-0.05520247	-0.02595177	0.09028225	0.05441019	0.08053643	0.01425473	-0.09100426	-0.09441923	0.06065398	-0.09790431	0.11940951	-0.14997835	-0.17376691	-0.08051818	-0.00046397	0.46868508	0.44088905	0.41877941	0.37421336	0.01761482	0.28576018	-0.02724402	0.35254408	0.18110270	0.38866379	0.34623649	-0.14540327	-0.11038705	0.14688935	0.49569780	0.44726492	0.49793212	0.18912914	0.32476632	0.18255784	0.49186698	0.40363807	0.02211065	0.15205414	0.43634931	0.23703782	-0.03720640	0.05573861	-0.01072715	0.36191605	0.50863444	0.37026136	0.39352579	0.36180688	0.30161875	0.41105058	0.17181616	0.13813842	0.25192180	0.30913323	0.33192714	0.21203379	0.32156167	0.42372445	0.22477790	0.23132187	0.34389939	0.13074562	0.33019191	0.26020801	0.43412161	0.32297765	0.28885682	0.19140081	0.29317697	0.17065361	0.17335177	-0.00164222	0.18082937	0.08997577	0.06336341	-0.00084337	0.08127227	0.12278635	-0.02309248	0.18770581	0.14051761	-0.01574379	0.15262590	0.03443399	0.33914438	0.08695819	-0.00503820	-0.00464368	0.09582961	0.01715182	-0.00340371	-0.00049604	0.15678869	-0.00507082	0.14511359	0.11983740	0.02414515	-0.09640258	0.09267477	0.07119845	0.31756007	0.27616854	0.04643205	-0.04913392	0.00442896	0.15979698	0.00874966	-0.05100636	0.16100098	0.12735584	0.09662364	-0.02963856	-0.06163146	0.16435618	0.15259721	-0.00091238	0.35416065	0.31669439	0.30175675	0.15661347	0.07373433	0.10856459	-0.02691596	0.15504158	0.08954052	0.01165491	0.22072824	0.32447970	0.30023718	0.31504456	0.28140754	0.42190677	0.35362478	0.43095744	0.07999074	0.16801296	0.08123004	0.04571969	0.06639129	0.14492208	0.12963928	0.07010457	0.14657754	0.39025057	0.34625518	0.40104286	0.28157200	0.33392133	0.32795475	0.32443171
17Networks_LH_ContB_PFClv_3	0.28736836	0.32819716	0.19839526	0.28930170	0.06815959	-0.06519797	0.16657784	0.13138278	0.01841497	0.12026927	0.19405786	0.18021260	0.20300740	0.28490202	0.31268953	0.05623690	0.15701284	0.26526395	0.23886333	0.21501945	0.26020891	0.32488262	0.16979458	0.17035197	-0.06481215	0.11634212	0.06561878	0.16408968	-0.00210684	0.10552280	0.02132826	0.07574306	0.02690565	0.12320939	0.22835960	0.23157051	-0.06135572	0.15438866	0.17047159	0.16374179	0.01547022	0.15483008	0.03514468	0.23221936	0.11340909	0.04919856	-0.01263339	0.06264901	0.14429069	0.08754340	0.04923719	0.06529990	-0.04694513	-0.03756133	0.02105837	-0.10037959	0.14362680	-0.03098178	0.10584080	0.25595281	0.18703864	0.11622909	0.12458556	-0.04744905	0.18691548	0.08709045	0.16426243	0.24347673	0.18787962	0.04307097	0.13675042	0.13379772	-0.02958481	0.05833133	-0.02677311	0.04553759	0.06208279	0.07773945	0.08921526	0.05955522	0.15461308	0.07973912	0.23105023	0.04373528	0.11868432	-0.03079406	0.15289279	-0.06896215	0.03657789	-0.04956058	0.10299044	0.03672557	-0.03447922	0.07940465	-0.00953262	0.08403363	0.14527920	0.01859380	0.36225970	0.32982969	0.26451181	0.50814718	0.20608053	0.08496118	0.26345883	0.10632685	0.34411674	0.47966150	0.01735966	0.23438447	-0.03360944	0.02057284	0.24613177	-0.10621425	-0.05863459	-0.15955532	-0.18533553	-0.05884444	-0.00879874	0.10139820	-0.03345776	0.16485391	0.06587647	0.15519061	0.09161551	0.05355872	0.35391625	0.09583559	0.16373015	0.12041669	0.18882038	0.36852821	0.06901901	0.16942686	0.12252122	0.34015518	0.22071699	0.10999825	0.19359826	0.25671053	0.45760328	0.88436908	0.22075356	0.28514185	0.35113997	0.21414497	0.14708455	0.17772473	0.31318065	0.25722053	0.22112659	0.26551386	0.21649589	0.19359420	0.13156499	0.17965322	0.15060953	0.14872597	0.18527428	0.09453464	0.24853614	0.14102973	0.21950296	0.27101058	0.44120188	0.26296288	0.04297543	0.08067636	0.10527944	0.09725186	0.10753195	0.19104480	0.15470512	0.21855740	0.18114598	0.21093681	0.38157664	0.21697520	0.16932739	0.37823400	0.13063538	0.22653250	0.14450174	0.11594798	0.09488839	0.18366523	0.12385828	0.00438389	0.17312655	0.10926315	0.03866344	0.10295298	0.20529368	0.02448703	0.27145039	0.11402751	0.11753908	-0.07344089	-0.00357636	-0.00275388	0.27608301	0.26623599	0.31529038	0.24903095	0.15534450	0.07525891	0.30197150	0.08008479	0.10708483	0.16306253	0.25245337	0.27900671	0.25145652	0.07559529	0.22362299	0.29441287	0.11938859	0.30940865	0.12025859	0.23238655	0.25840316	0.27114083	0.20083193	0.09728087	0.05781788	0.10345950	0.12052744	-0.08776769	0.13162310	-0.00346523	0.08947375	0.06863245	0.07814485	0.04472686	0.03416519	0.03651599	0.04932819	0.06808245	0.19857346	0.16889442	0.12190509	0.07876390	0.07351941	0.16620343	0.12741199	0.03523485	0.05083181	0.07237379	0.02072808	-0.02717117	0.03944033	0.03502830	-0.10113140	-0.01705490	-0.00000626	0.08077872	-0.00125411	-0.02360021	0.21715947	0.24524168	0.17664327	0.13586056	0.07504728	0.11340653	0.22404355	0.17786853	0.08132466	0.09374845	0.08811296	0.08166130	0.02539090	-0.01771453	-0.01213099	0.11190724	0.00158787	0.02770538	-0.07540831	-0.03759345	-0.00712223	0.07744866	0.09001609	0.06551805	0.04741937	0.12456276	-0.14607254	-0.04391629	0.00048297	0.20420066	0.17223757	-0.09334988	0.04101030	-0.05294600	-0.00594930	-0.03320882	-0.09100216	0.01540334	0.06376992	-0.04115092	0.14737078	-0.01475860	0.00956055	0.29724489	0.17145527	-0.04326631	0.04562177	0.32908178	0.26652398	0.30903052	0.24866200	0.16896708	0.33654726	0.39508438	-0.03468382	0.06215489	-0.05398511	0.08622732	0.01184785	0.03773616	-0.03011923	-0.07819801	-0.06983145	0.01932790	-0.11059364	0.04813290	0.00733572	0.09841308	0.03850830	0.09636210	0.29625300	0.15911800	0.17323648	0.24529297	-0.02289210	0.16913316	0.07628091	0.15694886	0.13443249	0.23549541	0.13956822	-0.01447086	0.06272404	0.34209013	0.31843791	0.23298312	0.29937045	0.10816067	0.27472673	0.22823057	0.45982201	0.22256104	0.06909005	0.24609826	0.21395576	0.19527843	-0.00119580	0.04935417	0.18850720	0.22215932	0.30422173	0.18940289	0.23104427	0.22778875	0.09786203	0.14516563	0.20763852	0.29935853	0.18583978	0.16155781	0.05668808	0.25573045	0.14600712	0.31015729	0.21694712	0.12734438	0.09094481	0.17882072	0.24810865	0.16467548	0.28726846	0.20604946	0.30137305	0.22765571	0.18087605	0.04855239	-0.01046172	0.02720068	0.09044823	-0.04520047	0.06121544	0.04996659	0.06887907	0.04110139	0.05020169	0.10264499	0.05843676	0.02002673	0.04925126	-0.00904666	0.21038558	0.08260174	-0.09800261	0.08156247	0.01828128	0.00157264	0.15669234	-0.04215830	0.11267338	0.08568873	0.08667875	0.16437899	0.03049006	-0.01905042	0.00276814	-0.04481046	0.28193327	0.14731912	-0.09028994	0.01392535	-0.07971555	0.03787721	-0.00031886	-0.08599605	0.07567179	0.12615465	0.14151585	0.01244658	0.07818454	0.12189121	0.03138698	-0.01106385	0.26362924	0.24294371	0.27022948	0.20388438	0.14962827	0.02896946	0.04753407	0.17712767	0.16374480	0.07512386	0.19129176	0.28071001	0.28031100	0.33043847	0.20603554	0.27800487	0.15941715	0.24829108	0.13086983	0.20871559	0.11564158	0.06774226	0.04407413	0.20023468	0.06683207	0.17592183	0.17753387	0.33096284	0.29460282	0.23299384	0.16942195	0.20737895	0.13801642	0.20433173
17Networks_LH_ContB_PFCmp_1	0.28388778	0.29070658	0.33077441	0.35381658	0.00233865	0.14821689	0.23341318	0.19959054	0.32320287	0.27988481	0.28126015	0.15569144	0.24334133	0.25158641	0.41788327	-0.00690752	0.12297229	0.25497083	-0.05161325	0.06710232	0.16362550	0.10446815	0.06575066	0.10886044	0.07454518	0.04593023	0.21942766	0.06402479	0.03566608	0.02002540	0.06030693	-0.00747372	0.02390442	0.15699665	0.15624059	0.18427715	-0.12731332	0.28994401	0.31203559	0.06394149	-0.02001261	0.22836590	-0.05954561	0.40439739	0.21721359	0.10161052	0.17327481	-0.02288212	0.43835333	0.17273754	0.08862547	0.08290235	-0.08043365	-0.16470196	0.04502426	0.01855951	0.21263544	-0.05429818	0.30346061	0.33497095	0.29972056	0.31253794	0.15721570	0.01876583	0.13848940	0.06814527	-0.01969069	-0.01045859	0.04443317	-0.02725355	-0.10338670	-0.01851868	-0.18921356	-0.05355280	-0.17702820	-0.05631605	-0.04014894	0.08417503	0.04683397	-0.00746222	0.18860586	0.43812012	0.03297850	0.10319148	0.22833921	0.12400391	0.55469961	-0.17649799	-0.10431971	0.06165278	0.00150082	0.04830688	0.11491698	0.36168116	-0.03966295	-0.13237290	0.09647113	-0.01885532	0.52861970	0.37487890	-0.30815254	0.15631633	-0.30693925	-0.01287842	0.33346884	-0.16062946	0.06963308	0.44371695	-0.17743085	0.30728936	-0.00600823	-0.00106187	0.67575955	0.03559638	-0.18430965	-0.12053678	-0.09763499	0.10153561	-0.17155260	0.11121777	0.00268839	0.10636459	-0.22040151	0.10615939	-0.03199297	-0.13756374	0.29805680	0.32743140	-0.13695716	0.07850042	0.46847365	0.24713123	0.03873047	0.33616564	0.20311600	0.34030502	0.16806878	-0.03217379	0.38980235	0.47954423	0.47039298	0.22075356	1.20321918	-0.10665628	0.01635685	0.04715050	-0.24225344	0.03765782	0.47401972	0.17023169	0.26797541	0.61558941	0.44453356	0.36850408	0.45660689	0.20973634	0.12093442	0.33406780	0.53825070	0.28425104	0.49832679	0.19357308	0.39764263	0.49453037	0.24578380	0.39114589	0.23881872	0.30276091	0.28375018	0.51566509	0.53206083	0.69192575	0.42144666	0.70637671	0.68727706	0.67447693	0.65464360	0.62931576	0.41634724	0.59750927	0.71582939	0.75663721	0.52001438	0.14276042	0.79241665	0.75441301	0.73213582	-0.04656900	0.14099643	0.15711009	-0.03195858	0.13103218	0.45764032	0.07500646	0.39765103	0.64684879	0.54996457	0.29870619	0.20675093	0.48322032	0.44456468	0.34746616	0.41723419	0.49890012	0.27275066	0.20689530	0.55517412	0.25547544	0.35722851	0.36583433	0.24686678	0.42820610	0.36960402	0.07783989	0.29283492	0.24673041	0.09777253	0.17385687	0.29279605	0.22306973	0.19300052	-0.02137676	0.10876086	0.16051188	0.10670632	0.09422241	0.09782094	-0.09735487	0.23825661	0.01917871	0.14309327	0.08286729	0.12151892	0.13295947	0.00405209	0.19420561	0.02285973	0.04676146	0.24311441	0.11506290	0.23419622	0.22880063	0.22088161	0.06153673	0.03366361	0.11447764	0.22045309	0.14949719	-0.11167641	0.01111474	0.07045827	0.09276958	-0.04848766	-0.09136203	0.11496790	-0.08478186	-0.01061469	0.02319541	0.14230980	0.37639489	0.41843873	0.30695024	0.24550440	0.28178806	0.24043208	0.27940419	-0.15226012	0.07491505	-0.01763353	-0.07375920	-0.15714179	-0.16475613	0.03338216	0.16489832	-0.05335697	-0.11002542	0.02328210	-0.01394303	-0.08651747	0.06185784	0.21632068	-0.05369066	-0.03261250	-0.04192226	-0.10532590	-0.07857299	-0.17568684	0.20029909	0.35560724	-0.19435517	0.04663809	-0.08782004	-0.12843874	-0.05724771	-0.05269209	-0.00427264	0.08260082	-0.22168390	-0.08467365	-0.22719583	-0.06560909	0.33854951	0.35873155	-0.06735935	-0.06367000	-0.06221083	0.30990679	0.09634468	0.16787872	-0.07081214	0.42564725	0.22777406	-0.04176079	0.07291100	-0.00252256	-0.00704130	-0.11992679	0.40481622	0.01153795	0.10017294	-0.11223873	0.16000196	-0.10893424	0.00273465	0.05469217	-0.35909037	-0.16205997	0.09118962	0.38956741	0.32452005	0.37858567	0.19477439	0.10438980	0.47368838	0.02268981	0.32082834	0.38726351	0.40241035	0.27444176	-0.23080350	-0.13057204	-0.07430520	0.25213444	0.30562524	0.44065902	0.11434528	0.23049994	0.02025175	0.20734186	0.31448927	-0.15149929	-0.08927336	0.35761913	0.04766847	-0.09876945	0.06063710	-0.08510241	0.39791541	0.36205440	0.20268260	0.49940341	0.40858852	0.35107124	0.48116524	-0.04101243	0.19227791	0.16111938	0.26199130	0.23948173	0.31025034	0.43335406	0.56984907	0.12239869	0.43823649	0.53588856	0.27534978	0.30019558	0.41458085	0.49516327	0.48290836	0.38525174	0.39409621	0.52386251	0.35341908	0.09313931	0.05787338	0.16529042	0.06548262	0.08744532	-0.01025152	0.14837382	0.23528952	0.22455481	0.47527097	0.37303624	0.08649940	0.26740113	0.22485780	0.50174795	0.23176184	0.02404600	0.08429987	0.08264728	-0.17923029	0.24903142	-0.04266773	0.28938127	0.01515722	0.10969162	0.03210425	0.09691098	0.03768122	0.04857300	0.00415389	0.33025480	0.44408179	0.06013102	-0.08120335	0.02805222	0.12730677	0.08207055	-0.11785120	0.22814275	0.15999720	0.13321877	0.01828948	0.11456478	0.12224093	0.12027560	0.11150530	0.40769515	0.31569740	0.32091805	0.22537292	0.13964469	0.33768718	0.05045617	0.25800617	0.12736654	0.14796713	0.28411394	0.38244061	0.33511418	0.31732159	0.47470112	0.56231816	0.49975163	0.48970206	0.30453523	0.30534919	0.14226120	0.07515741	0.12822065	0.20463875	0.17115949	0.10497840	0.29258096	0.45457216	0.53472159	0.53407407	0.50274839	0.63990559	0.52376778	0.49362982
17Networks_LH_ContC_pCun_1	-0.12587677	-0.08878098	-0.06843984	-0.12938441	-0.23161032	-0.16698121	-0.16445968	-0.08201597	-0.13781842	-0.11200197	-0.05809554	-0.05833377	0.05682201	-0.05854966	-0.06173709	0.03008565	-0.00817950	-0.00423108	0.17242166	0.11616517	0.12693024	0.27776384	0.01375237	0.11371585	0.06640848	-0.01966373	-0.10573776	0.04702273	-0.04587659	0.08053002	0.00131550	-0.01427190	-0.11015983	-0.07568053	0.01199375	-0.06401487	-0.01006549	-0.13586504	-0.13976805	-0.03944346	0.01519989	0.02434802	-0.08051161	0.00942703	0.01607703	0.12095329	0.03648982	0.09541555	0.02721717	0.00779933	-0.05067967	-0.02039277	0.07199431	0.00131764	-0.06600851	-0.03465848	0.01151055	-0.16395145	-0.05180878	0.09270996	0.04400795	-0.28238743	-0.20612220	-0.11395097	-0.03940721	-0.09750747	-0.10461790	-0.00766616	-0.01598263	-0.04150861	-0.00460203	-0.10184188	-0.00613468	0.01782880	-0.02998348	-0.09375068	-0.15406680	-0.03544783	-0.04007897	0.00496092	-0.16436255	-0.24596707	0.05940392	-0.10058613	-0.02072345	-0.12958082	0.08365979	-0.00720461	0.06079733	0.03819813	0.05931432	-0.10409870	-0.08871996	-0.12225987	-0.00126972	0.09594511	0.04664773	0.04517305	0.15896385	-0.05715465	0.21726230	0.20018228	0.19544317	0.15026310	0.15096614	0.15782216	0.05913559	0.34754885	0.07281674	0.17741658	-0.04132025	-0.02488487	-0.02030063	-0.19187919	-0.02288079	-0.11978393	-0.08207881	0.02205424	0.04314803	0.01755079	-0.15161145	-0.03859856	0.04505826	-0.02565867	-0.09635842	0.05043551	0.04889008	-0.10468021	0.11831143	-0.06492280	0.11054219	0.26583385	0.12123485	0.00697780	-0.07138026	0.17383295	-0.00403628	-0.03021797	-0.09938134	0.04413879	0.14035777	0.28514185	-0.10665628	0.92057274	0.44079507	0.12325159	0.37835155	0.39654376	0.20042932	0.18579338	0.16089252	0.05298494	0.11950024	0.07616558	0.05453427	0.33406417	0.30376350	0.17845037	0.00861443	0.15479841	0.12916224	0.12846699	0.07000676	0.16002046	0.23159774	0.17796643	-0.04296691	-0.04435348	0.05612114	-0.00317066	-0.15895012	-0.00000129	-0.09768903	-0.04997380	-0.16576116	-0.14769798	-0.02133322	-0.03615634	-0.09474898	-0.06835579	-0.13165971	-0.04215766	0.02106223	-0.04439357	-0.13503905	-0.13796322	-0.18940066	0.08404243	0.08306779	0.10771482	0.16080649	0.07019519	0.09625876	0.02408120	0.08573591	-0.06225949	-0.00778111	-0.19693305	-0.12066933	-0.01424335	-0.12296889	-0.09268722	-0.02562711	-0.13115061	-0.03723257	-0.09151995	-0.12030096	-0.22885113	-0.22810044	-0.19306604	-0.10820064	-0.12923469	0.01375696	0.03198848	0.03602010	0.06343001	0.00152826	0.17710220	-0.04133066	-0.00120918	0.11510603	0.30738960	0.07516885	0.04832972	-0.13838552	-0.07907369	-0.03188951	-0.01570904	-0.10629225	-0.11073156	-0.02230138	-0.08381649	-0.11146701	0.00509639	-0.09489869	-0.16388500	0.12544121	0.10323652	0.02444456	0.01000594	-0.09045480	-0.13896325	-0.12442254	0.08477432	0.05606387	0.08114488	-0.04634527	0.01689903	0.00104708	-0.11062353	0.01212134	0.08930762	-0.16814248	-0.00051937	-0.07633080	0.00116414	-0.09606911	-0.14635535	0.17497264	0.00525943	-0.08383000	-0.07894253	0.01073916	-0.03645787	-0.05088341	-0.06180995	0.09278379	-0.12517298	-0.09635332	-0.05347025	-0.08384976	-0.08686703	-0.10199788	-0.00643292	-0.04034883	-0.06697074	-0.12922350	-0.02061159	-0.10519077	-0.05606205	-0.10921335	-0.07864404	0.02832564	-0.04513584	-0.09648607	-0.08982368	-0.03880494	0.16535820	0.07943788	0.07157984	0.01841376	0.02236337	-0.04138189	-0.04650876	0.07328101	0.02429361	-0.00724555	0.08601375	0.16066716	0.00685715	0.02649736	-0.03982496	-0.02740329	0.02747269	0.04123168	0.16757372	0.04916658	0.04690017	0.22794008	0.30189652	0.22551635	0.30680332	0.03440679	-0.02428572	-0.02068976	0.09711229	-0.01804963	-0.11130784	-0.01865712	-0.13687577	0.02682223	-0.14451542	0.05623391	-0.03031632	-0.13769635	0.07079408	0.11775619	-0.07307408	0.11805925	0.08650769	0.14370737	0.04233768	-0.04962380	-0.01894627	0.10285203	-0.00345112	-0.01188952	0.11637969	0.02620926	-0.00401511	0.04147164	0.17168188	0.19028235	0.18142209	0.03905197	0.02107534	0.17775342	0.19372346	0.27608337	0.18459794	0.29896396	0.51785346	0.17101892	0.21110063	0.04953144	0.18705491	0.37341936	0.08910377	0.18493030	0.17603437	-0.01837672	0.05127489	0.08985774	0.12036402	0.44088835	0.26601844	0.23937605	0.09317339	0.08671752	0.20635353	0.00456428	-0.03717015	0.11201594	0.08437315	0.03647634	0.09554728	0.02017095	0.06277802	-0.03389944	0.07354683	-0.00911629	0.16193167	0.02883430	0.07497229	0.09571650	0.02501269	-0.00987277	-0.00085716	-0.02390663	0.02450575	0.07234378	-0.02988727	-0.09355950	-0.04239670	-0.01801558	0.05508341	0.14044699	0.04976171	0.08181815	0.02791827	-0.02249394	0.06050746	-0.05127084	-0.01324844	0.04770858	0.02296077	-0.01616861	0.00955721	-0.06402516	0.05569920	0.01946122	-0.03597729	0.02621678	-0.08373360	0.05851829	-0.15010578	0.03986507	0.11483819	-0.11835167	0.03428816	-0.04195178	0.00029588	0.04955908	0.14513632	0.02284492	-0.00168207	0.04350440	0.00857199	-0.03926252	-0.02602094	-0.03095233	-0.12732247	-0.04823531	0.04923222	0.01355166	0.00853697	0.13025103	-0.02876541	0.07946896	-0.06449346	-0.01674179	0.03245785	-0.04357930	-0.02784709	-0.14701529	-0.10603159	-0.17707773	-0.03539651	-0.18197068	0.00950445	-0.09481159	0.12887152	0.02320630	0.02690632	0.01922136	0.11476776	-0.09789764	-0.10802991	-0.13986673	-0.23878014	-0.33035786	-0.35548410	-0.32015913	-0.10652853
17Networks_LH_ContC_pCun_2	0.16448593	0.17941040	0.16864698	0.16409482	-0.06529313	-0.09357482	0.10494821	0.02963778	-0.04636510	0.02497036	0.09002297	0.12581192	0.19436524	0.24210629	0.20135351	0.04958364	0.09055713	0.17136329	0.23860319	0.21817837	0.20882667	0.29949236	0.10719126	0.29680882	0.10524669	0.08230131	0.07569276	0.12412296	0.08557813	0.28561084	0.08506449	0.07827234	0.03423966	0.08448779	0.18796952	0.21052364	0.04224134	0.11338974	0.16650131	0.15051912	0.12838859	0.18902552	0.13932163	0.11463394	0.06757361	0.06008898	0.02636756	0.11854439	0.10070089	0.10048490	0.02255766	0.00678506	0.11337635	0.07906637	0.03507761	-0.08193422	0.04108229	-0.04384960	0.06165490	0.27565449	0.17066799	0.04984053	0.05559733	-0.05821441	0.16573215	0.03092879	0.16116511	0.19628986	0.22680264	0.08829729	0.23885515	0.12914488	0.07032047	0.14924654	0.02388072	0.01200654	0.03744360	0.11355876	0.18163014	0.16912080	0.10207594	0.06954523	0.23658364	0.12633662	0.05768977	0.02554812	0.07188911	0.01976197	0.11439972	-0.05132737	0.07375341	-0.00015253	0.07853651	-0.01653476	0.17647319	0.28408328	0.26367688	0.22113673	0.35104149	0.18123391	0.21957987	0.31418354	0.25677669	-0.01707662	0.05836366	0.11243115	0.15336904	0.26997079	0.08383956	0.18624246	0.04196059	0.01974408	0.09503837	-0.09010802	0.05922877	-0.03574395	-0.17504498	-0.00399062	0.04399090	0.01947202	-0.00500800	0.19893771	0.10955214	0.24468409	0.09995124	0.15215278	0.30095479	0.07820253	0.12820705	0.09334377	0.19880906	0.14515291	0.09178899	0.14950282	0.20640488	0.30312669	0.23282434	0.12675638	0.06781350	0.12392595	0.24848049	0.35113997	0.01635685	0.44079507	0.88647104	0.31754222	0.30672238	0.27583407	0.19962821	0.31849203	0.19554452	0.07365345	0.14722067	0.17623631	0.12919377	0.30389881	0.33776360	0.19709542	0.19482156	0.18889100	0.18555570	0.13606591	0.13149607	0.06073891	0.36323331	0.06752160	0.06100643	0.01810767	0.02363643	-0.04117602	0.10530749	0.05592425	0.05839791	0.06169870	-0.00114150	0.00904397	0.06619290	0.07211530	0.06279370	0.16904029	0.00993034	0.11419236	0.04266549	0.05465662	-0.03748082	-0.00461879	-0.00601773	0.18043956	0.22014686	0.15498301	0.15579279	0.11689102	0.18410416	0.03635947	0.21553263	0.03513203	0.12337150	-0.01089627	0.06405707	0.03523859	0.07913731	0.10608892	0.17403831	0.12832194	0.11158393	0.07581716	0.13828261	-0.11184540	-0.12682520	0.03911106	0.11375420	0.10948236	0.18566889	0.04301673	0.18223173	0.23092811	0.14861051	0.26988393	0.10435845	0.16142912	0.21477479	0.33320008	0.20967778	0.07110750	0.06148803	0.16832023	0.09841116	0.10440399	0.10564377	0.02199656	0.12363651	0.11615645	0.03891090	0.08420774	0.11607713	0.09384649	0.19429744	0.18895123	0.19455855	0.12660112	0.19224419	0.13806988	0.07125020	0.30299466	0.21898895	0.16872744	-0.01411836	0.15457316	0.19739939	-0.06731668	0.15563631	0.07018364	0.04551702	0.14310561	-0.02021351	0.08977079	0.04063368	0.02045046	0.20540703	0.20646599	0.10778460	0.12662299	0.14612432	0.14052825	0.16043028	0.15799132	0.28882480	0.12791832	0.16047875	0.12866350	0.11350020	0.05667862	0.01261167	0.04596360	0.00711405	0.10503479	-0.04921936	0.05735689	0.18355038	0.16178729	0.05689805	0.24796989	0.20147038	0.20036873	0.04460141	0.04893816	-0.01928837	0.17222290	0.14104018	0.04907241	0.12538905	0.05048307	0.00482046	0.08911330	-0.01807225	0.15032489	0.15719823	0.26615854	0.24237187	0.22374551	0.15616575	0.16790712	-0.03428490	-0.03926401	0.00327616	0.23648579	0.07052387	0.23004389	0.13008847	0.06741932	0.10069806	0.32156518	0.09735552	0.13756200	-0.04291673	0.01572831	0.07787904	-0.11954538	0.07447259	-0.10373750	0.11634725	-0.06356750	0.09270096	-0.02903404	0.15155877	0.16249535	0.10624852	0.04099916	0.24186920	0.15382522	0.05175922	0.14280497	-0.03593829	-0.01092936	0.21705911	0.12248918	0.14179822	0.09679812	0.08881578	0.01363010	0.07261659	0.32513818	0.20789434	0.13919329	0.24281427	0.04399865	0.13481479	0.20531539	0.39603995	0.14386583	0.13324196	0.33854589	0.31240065	0.27475989	0.20527460	0.08285004	0.32888140	0.12062989	0.23721889	0.26216124	0.05985106	0.12988775	0.15185536	0.15164777	0.29781607	0.20780462	0.20207041	0.16879967	0.15608347	0.11313491	0.05888520	0.08834977	0.12263614	0.15774729	0.06478104	0.08968294	0.16551237	0.08157341	0.05328587	0.08326292	0.04369464	0.07517931	-0.00907279	-0.04707807	0.11567802	0.11073261	0.09021270	0.03316221	0.05816127	0.17619771	0.07230438	0.01376918	0.01917866	0.05059383	0.00884129	0.05512033	0.05907932	0.07928042	0.11241119	-0.06983398	-0.07420996	-0.06458606	0.05804683	0.02360368	0.08995036	-0.13240929	0.01466879	0.05300509	-0.02611527	0.00035130	-0.02519360	-0.05407854	0.03550610	-0.00993124	0.08231012	-0.04598162	0.06341970	0.19264311	-0.03082521	0.14714085	0.08358679	-0.07422670	0.03816267	0.14980281	0.04703493	-0.04462269	0.02947220	0.10916838	0.04198152	0.06968540	0.08268192	0.14371084	0.21227388	0.12207066	0.12677415	0.05793936	0.11730246	0.14280635	0.22105782	0.07535330	0.21521762	0.24163827	0.26844662	0.28336377	0.12020225	0.18095698	-0.00228806	0.15552110	0.07300859	0.19504802	0.05482101	0.16997189	0.09749793	0.18579786	0.09800834	0.17756335	0.12427585	0.16375032	0.14522483	0.01187986	0.02691809	-0.05569459	-0.05692524	0.07982807
17Networks_LH_ContC_pCun_3	0.24626763	0.23695496	0.16780130	0.31114567	0.14108513	-0.07658930	0.23124757	0.06669151	0.12237033	0.09440253	0.17638148	0.07789246	0.15535470	0.28654662	0.26981895	0.11255991	0.11733682	0.24512474	0.17230851	0.17586168	0.19181905	0.20824114	0.09288726	0.08788522	0.10856153	0.19773925	0.12390424	0.11686410	0.17847420	0.20612170	0.09657472	0.14231421	0.16019932	0.14399187	0.22375506	0.35173661	0.18791333	0.30814311	0.25953886	0.19628383	0.21948885	0.18192471	0.19995854	0.16155009	0.18569610	0.07778170	-0.05127039	0.09484724	0.19802949	0.09711290	0.05196750	0.07595408	0.05949931	0.00110865	-0.05110928	-0.08201245	0.08291393	0.02863820	0.09938800	0.27230838	0.18197511	0.24045266	0.09775386	0.06891681	0.20794291	0.10936885	0.18357763	0.21715016	0.27723357	0.12252332	0.31761938	0.29140919	-0.06357297	0.05906419	0.02268606	0.11489862	0.12933964	0.22266868	0.22667348	0.21335841	0.22909354	0.21859160	0.35907533	0.20803539	0.06086604	0.11377508	0.16155905	-0.02472745	-0.03811231	-0.01088681	-0.06229644	-0.13178689	0.00926730	-0.05425672	0.06968287	0.20665375	0.27846778	0.12406095	0.23573965	0.22700336	0.07966060	0.33226209	0.21247700	-0.06407545	-0.02305909	0.07879098	0.04626388	0.09469032	0.02608844	0.16322529	0.00714861	0.10078179	0.10315456	0.08575078	0.09848782	0.03857661	-0.06066591	0.08748681	0.15029420	0.12291786	0.15749400	0.19997401	0.01368944	0.21977172	0.15103003	0.09629303	0.22544725	-0.03356295	0.03797444	0.07272163	0.18965137	0.08325441	-0.02675129	0.04001225	0.21495200	0.22966214	0.14082638	0.11204701	0.20743098	0.02094289	0.16110004	0.21414497	0.04715050	0.12325159	0.31754222	0.85615861	0.07900938	0.10256450	0.22234632	0.33214358	0.18895771	0.01969824	0.16937617	0.21033625	0.23512030	0.22180921	0.03631573	0.11817044	0.32542748	0.28336352	0.21255227	0.15277514	0.28191981	0.11242925	0.17851270	-0.00261351	0.17780065	0.15726103	0.06692026	0.17826295	0.07259815	0.06149748	0.20900968	0.15676320	0.17395122	0.11775273	0.16718830	0.14829517	-0.00057031	0.12145581	0.05291915	0.15323043	0.15180953	0.12000766	0.06754280	0.04511237	0.01163536	0.19218894	0.30996067	0.24716949	0.17466326	0.23195348	0.08304691	-0.06114579	0.18749002	0.00493105	0.10683544	-0.05042079	0.19318547	0.17098809	0.14872598	0.10788770	0.15695059	0.08656301	0.17279985	0.00204383	0.15310408	-0.05809273	-0.01485300	0.04937653	0.17710249	0.11110097	0.08283489	-0.01552499	0.23906914	0.19251944	0.06759144	0.24054234	0.14613506	0.11794203	0.21310253	0.07506671	0.14792973	0.03556352	0.04515148	0.13273271	0.11440282	0.08125553	0.12795090	0.10637954	0.17053802	0.14249700	0.08345818	0.08580032	0.26115424	0.15992733	0.23080303	0.16028720	0.15611376	0.08678558	0.19930962	0.13104096	0.15088468	0.28785671	0.20095479	0.04128000	-0.09058414	0.03726691	0.09008193	-0.10398344	0.09991566	0.00057235	0.07767443	0.13211663	0.03681201	-0.01034627	0.05934973	0.15926958	0.16091268	0.13143684	0.10797973	0.13338875	0.23734016	0.06255700	0.17736860	0.07598322	0.26192391	0.24702035	0.29584729	0.18956922	0.31833009	0.22805274	0.03412594	0.02689074	-0.06490199	0.11235484	0.00136854	0.13604686	0.29855320	0.26442233	0.21706893	0.30776925	0.23562351	0.18979910	0.06293861	0.03023851	-0.04453526	-0.01788439	0.07593787	-0.10660350	-0.01306612	-0.17749598	-0.08400251	0.00439426	-0.08367201	0.04253248	0.09755978	0.13962256	0.08194312	0.17251613	0.15183043	0.12859690	0.01040307	-0.01578931	-0.11403238	0.12036542	0.10654485	0.31314452	-0.03754215	-0.11768956	0.05930444	0.09278443	0.12817048	0.14500208	0.07077306	-0.01834532	0.18767304	0.08912315	0.10535013	0.06280280	0.17001808	0.17322783	0.10122164	0.10438037	0.12023765	0.02312785	-0.02438154	0.08902757	0.27141575	0.03529701	0.01323087	0.07174930	-0.12512457	0.04984290	0.06417967	0.11867155	0.05754298	0.11893745	-0.03228929	-0.06600784	-0.08937061	0.26948055	0.02673691	0.05874062	0.21605760	0.07737663	0.12555221	0.08925147	0.25279101	-0.01244437	0.10763870	0.02868233	0.35787198	0.31640092	0.33091403	0.03945446	0.04883406	0.12260913	0.18167931	0.10100963	0.22975970	0.21803428	0.21560437	0.25480877	0.06327529	0.12104110	0.23487206	0.22545249	0.20872292	0.06256681	0.23021099	0.19042513	0.05342380	0.15144574	0.08444591	0.22577656	0.25664340	0.04014323	0.11286015	0.07133474	0.07986655	0.12964921	0.04004795	-0.09411484	0.16306706	0.12428150	0.18515365	0.16133583	0.13039173	0.23521695	0.11562523	0.08037472	0.03978108	0.07341816	0.06412855	-0.07181525	0.15561020	0.09571527	0.19453427	0.03297636	0.12925454	0.07809176	0.09361232	0.10399650	0.13029954	-0.09389602	0.05942747	0.00065480	0.06895026	-0.07442765	0.00368695	-0.04438464	0.05619925	-0.01009815	-0.06616829	-0.04983619	0.10196260	0.12506950	0.11895500	0.22234010	0.00224393	-0.05308668	0.02081018	0.05920926	-0.09756883	-0.11755215	-0.03676226	0.03689963	-0.07635196	-0.05579637	-0.03551131	0.02523933	0.29085281	0.17066580	0.11456987	-0.02014809	0.12188126	0.15109924	0.26296753	0.16779417	0.26990576	0.26857060	0.29604396	0.28857090	0.26380746	0.23863034	0.15296318	0.16937530	0.12170797	0.18028201	0.12550268	0.09087593	0.16382416	0.20832075	0.17150362	0.13169910	0.23692389	0.21389169	0.25128096	0.17362484	0.23660793	0.15586662	0.10601298	0.13170478
17Networks_LH_ContC_Cingp_1	-0.13354958	-0.10994056	-0.16592537	-0.18139881	-0.12489164	-0.05546041	-0.19847607	-0.03566672	-0.13191367	-0.13512150	-0.08981771	-0.02560196	0.07429816	-0.01544821	-0.12393279	-0.00967836	0.07300584	-0.10801725	0.15892801	0.12737638	0.05780430	0.20782725	0.02612980	0.07212468	0.12886253	0.01044920	-0.12714906	0.06325026	0.04048591	0.15190523	0.10314838	0.11889223	0.06001161	0.01588454	0.06882712	0.01612811	0.08237302	-0.12308869	-0.09064794	0.11106895	0.06865663	0.04091858	0.04120351	-0.11727549	-0.04446163	-0.07372214	-0.06216912	0.12257865	-0.02645786	-0.07558914	-0.00595527	-0.00980545	0.09168303	0.04349935	-0.04113043	-0.07573524	-0.02566817	0.09799210	-0.15581078	0.05605886	0.07813859	-0.11936067	-0.12143625	0.05215083	0.08275626	0.10492482	0.13305012	0.10800358	0.15327857	0.09694968	0.04570998	-0.02593955	0.07974555	0.03169467	0.11447178	0.04201029	0.02905964	0.03836834	-0.05586803	0.03276477	-0.14754657	-0.09662613	0.12956109	0.06503847	0.02703404	-0.05233455	-0.03050365	0.08203903	0.07164778	-0.07843921	0.06313443	-0.13648072	-0.07326753	-0.15988475	0.17606915	0.21969806	0.12979658	0.11049822	0.07489486	-0.08231701	0.23100564	0.20916055	0.24116223	0.02348583	-0.01654160	0.09800126	0.05587191	0.14655932	0.11213835	0.08607640	0.01150148	0.00017397	-0.19529464	-0.05313384	0.12430662	-0.00461806	-0.17549381	-0.02261460	0.09810862	0.08161195	-0.05599431	0.16975884	0.14607291	0.12898457	0.08946668	0.08104129	0.02291860	-0.10737678	0.01792612	0.01071455	-0.06078565	0.00161751	0.14740041	-0.15881566	-0.04888936	0.01051632	0.07908881	0.07667852	-0.06782733	-0.14818871	-0.08266696	0.14708455	-0.24225344	0.37835155	0.30672238	0.07900938	0.93578061	0.29070042	-0.05233100	0.04656697	0.18666187	-0.01177452	-0.01606220	0.03106743	-0.06128114	0.27988750	0.26503083	0.12189507	-0.12211093	0.11407615	-0.00038305	0.11180433	0.00104783	0.03800811	0.05909780	0.10178715	0.02326784	-0.11263056	-0.06455985	-0.14340837	-0.14463242	-0.14093751	-0.08391850	-0.16456745	-0.19742203	-0.19975052	-0.06699544	-0.06626021	-0.08339787	-0.11319235	-0.11200672	-0.16839351	0.01644210	-0.08127273	-0.22199202	-0.19448732	-0.22312294	0.12591692	0.06139687	0.05233675	0.14069736	0.04354439	-0.06141520	0.05324198	0.03493726	-0.22643740	-0.01534797	-0.13818985	-0.06652041	-0.03776192	-0.12540197	-0.09513380	-0.07572787	-0.27270745	-0.16385415	-0.13611414	-0.22722680	-0.12328513	-0.16240823	-0.05671226	0.00945924	-0.14973239	-0.04889653	-0.06329368	-0.03556794	-0.01900376	0.02303552	0.08424229	-0.02482316	-0.00904732	0.01186064	0.25463076	0.04833813	-0.05681592	-0.09436004	0.09300728	0.10878840	0.08526458	-0.01300804	0.05985154	0.07359716	0.03238550	0.08716731	0.08692749	0.01635680	-0.17746668	0.19555590	0.09613192	-0.06820495	-0.03086030	-0.10359707	-0.06836592	-0.12704344	0.17015461	0.08409825	0.05553010	-0.04686253	-0.00682433	0.03863766	-0.06446485	-0.00602114	-0.02849891	-0.04163850	0.07168276	-0.01912523	0.14213412	0.00661174	0.07659588	0.19468088	0.06905145	-0.08668052	-0.01581144	-0.03730985	-0.03581930	-0.00796808	0.13522279	0.11470033	0.00446611	0.03086122	0.05780956	0.01759011	0.02191884	-0.00164046	-0.06084479	0.07464471	0.14390974	-0.02864706	0.00092854	0.11115893	0.02630525	-0.16379939	0.07390742	0.04985191	0.04564882	0.09008918	0.02703911	0.07836848	0.14648400	0.02550752	0.15507748	-0.00194013	0.04792959	-0.01958268	0.06749003	0.07973136	0.06209495	-0.05470919	0.19876843	0.14513838	0.16589187	0.19206686	-0.00617278	0.00067941	0.07715641	0.11172362	0.13297547	0.04226039	0.14432586	0.18741931	0.20191428	0.12958873	0.23154704	0.10533155	0.07542349	0.03847403	0.06497082	0.03032978	-0.17892112	-0.05422444	-0.03746333	0.14370683	-0.14059560	0.13145899	-0.03828484	0.06242236	0.29000470	0.11747269	0.05235119	-0.00972856	-0.01669491	0.00989133	0.00240150	0.02798124	-0.03945442	0.13000926	-0.12453371	0.02798670	-0.00055134	-0.06033305	0.11369063	0.10017500	0.14563867	0.01446067	0.00045487	-0.02183225	0.02591406	0.10688024	0.15648588	0.14005274	-0.00813796	0.25444876	0.32970554	0.04963189	0.12767212	0.11529690	0.16354313	0.40268825	-0.06639767	-0.03082038	0.04563550	-0.04069381	-0.04025570	0.00192842	-0.02567261	0.35616847	0.24598397	0.13424736	0.07132047	-0.01200252	0.16155803	-0.06051045	-0.08651487	0.13180013	0.03997129	-0.07669017	0.14382649	-0.02208859	-0.01767211	-0.10029928	-0.00198278	0.04576970	0.08040381	-0.01921459	-0.00562253	0.04082536	0.09475306	-0.04210555	0.03704136	0.01031796	0.10646305	0.02309129	0.05304421	-0.01023613	-0.02079263	-0.03149071	0.04291290	0.05553736	0.03531495	-0.00373191	-0.03672134	-0.10090547	-0.04791780	-0.01851092	0.06724123	0.00869237	-0.05771367	-0.03026722	0.09284830	-0.05749513	0.04523776	-0.12344164	0.02590043	0.02718293	-0.07259577	-0.06637058	-0.18479636	-0.03683514	0.03896615	-0.13999643	0.01266431	0.05912548	-0.07582189	0.01207005	0.02982037	0.11554770	0.00044728	0.06558468	0.02377870	-0.01597888	-0.03203166	-0.11449192	-0.12649679	0.03651997	0.02961127	0.03141395	-0.09375845	0.14503207	0.00745107	0.08226764	0.09360306	0.04652857	0.02247282	0.02751831	0.05743575	-0.05916859	-0.10057173	-0.19553261	-0.10324923	-0.08305780	0.00213894	-0.02669642	0.08933920	0.02115818	0.12397218	0.07949630	0.07164818	0.05544515	-0.02782545	-0.08102769	-0.26530402	-0.15634064	-0.22974620	-0.29800815	-0.11129461
17Networks_LH_ContC_Cingp_2	-0.08162104	-0.01830143	-0.05260048	0.00471822	0.01603806	-0.11014567	-0.07892378	-0.17585165	-0.02734459	-0.20549913	0.05052783	-0.00639988	-0.01009886	-0.04288186	0.02084332	-0.13589986	-0.01385501	0.06642410	0.09652552	0.05389774	0.07898324	0.13066469	-0.04900741	0.02217689	-0.00575294	-0.05378570	-0.11195492	0.07761374	-0.02448740	0.00219888	0.04815849	0.06774881	-0.08204206	0.08241709	0.12777612	-0.04645477	-0.00305688	0.00705598	-0.02650842	0.02548849	-0.03855360	0.09224592	-0.11158994	0.03952073	-0.03805398	0.05440372	-0.01876268	0.00095777	0.01311672	-0.04991335	-0.05865830	0.00533337	0.00273783	-0.09542510	-0.13116081	-0.15028080	-0.07038327	-0.02561098	-0.06473072	0.13373938	0.02873198	-0.13418350	-0.13533838	-0.18381297	-0.03572623	-0.03382136	-0.08288169	-0.03422570	-0.04633310	-0.00800359	-0.03208536	0.00925380	-0.01680085	0.02480315	-0.03630062	0.00015480	-0.05792148	0.05495912	-0.04676171	-0.01443985	-0.10276274	-0.15874699	0.01391757	-0.08668892	0.03192700	-0.07427258	0.01361927	-0.09051081	0.00258276	-0.01365319	0.05788201	-0.06397224	-0.06756318	-0.05986344	0.04434925	0.00149763	-0.05597406	0.00088788	0.10670560	-0.05539237	0.14787802	0.11126834	0.03201815	0.11073096	0.17754741	0.10915008	0.15634165	0.33012363	0.12484923	0.20236309	-0.01910768	0.02478927	-0.02390935	-0.21459047	-0.09767655	-0.07478899	-0.12478743	-0.10182590	0.03780737	0.05484380	-0.16863835	-0.00344480	-0.01930381	0.07902466	-0.00792943	0.01184886	0.04061094	-0.02649832	0.05318285	0.00456560	0.10258737	0.18450436	0.16140617	0.03992585	0.01365310	0.20034236	0.07838712	-0.01434634	-0.04295459	0.18061586	0.20122264	0.17772473	0.03765782	0.39654376	0.27583407	0.10256450	0.29070042	0.85626104	0.20879831	0.13299395	0.11503322	0.08438087	0.20711085	0.12221830	0.07725501	0.29967437	0.29498138	0.12502672	0.04619345	0.19741595	0.15908982	0.19516078	0.10094203	0.14326884	0.17454963	0.22589422	0.04143490	-0.02861178	-0.05059737	0.01816255	-0.05950092	0.11051271	-0.02285927	0.02365761	-0.06041534	-0.12010837	-0.01434488	0.02039752	-0.00044497	-0.02310677	-0.04949773	-0.01910912	0.13910059	0.08798322	-0.00516462	-0.00283724	-0.09924268	-0.02375556	0.11908988	0.16462967	0.16808334	0.09537324	-0.05864748	-0.05621677	0.12616829	0.01334613	-0.05961312	-0.11101057	-0.16747225	0.00881246	-0.09988677	0.02620301	-0.01267149	-0.01749788	-0.04723746	-0.08638235	-0.02760251	-0.17328186	-0.07083803	-0.11233415	0.06021742	-0.08463184	-0.00876777	-0.00556081	0.04870270	0.17962417	0.01763472	0.12218960	-0.02258709	-0.00131973	0.06041377	0.17094882	0.00036559	-0.05392194	-0.16032846	-0.10552861	0.03599810	-0.02575745	0.03046172	-0.04937160	0.07239941	-0.00889358	0.03677642	0.11960249	-0.09397688	-0.11524665	0.10080482	0.12063545	0.02564986	-0.10226276	-0.03626148	-0.03982688	0.08194981	0.04235737	-0.00873709	0.09267256	-0.04922053	-0.03531847	-0.00382144	-0.03614471	-0.05967910	-0.04762638	-0.09138233	-0.01039171	-0.06304690	-0.02372824	-0.08619302	-0.15852806	0.14879623	0.01858488	-0.04632458	-0.04302130	0.06638567	-0.10230777	-0.10277268	-0.14088360	-0.04984485	-0.15519331	-0.15351584	-0.05865547	-0.11676534	-0.05918694	-0.17805517	-0.13940839	-0.08699131	-0.08896056	-0.06355006	0.07076184	-0.14734519	-0.02086929	0.04069509	-0.09504154	-0.05439545	-0.08916596	-0.08764590	-0.14559572	-0.10967923	0.09827825	0.05935425	-0.00731763	-0.05796566	-0.05719332	-0.08102011	-0.13615604	-0.02460433	-0.04521919	-0.01214177	0.04240340	0.05207356	-0.04793949	-0.00243009	-0.02514242	0.09567902	-0.03507614	0.02529222	0.06273576	0.04791272	0.04194603	0.19180210	0.19478997	0.20363698	0.19068478	0.01761950	0.01850980	-0.03356623	0.03520713	-0.00510834	-0.15436959	-0.11299114	-0.20501687	0.05619890	-0.20924590	-0.00745831	-0.07702620	-0.17042972	0.00022953	0.05310043	-0.09522986	0.13783610	0.13385286	0.14547537	0.10449024	-0.02164786	0.03677979	0.13957726	0.08588811	0.04482854	0.13435074	0.10053970	-0.04935813	-0.08226459	0.06885414	0.20447013	0.21347540	0.14527175	0.09459358	0.08581483	0.12025520	0.22620265	0.17757851	0.19665341	0.35564585	0.22531475	0.18156574	-0.00938203	0.13470165	0.43113112	0.10949180	0.23961572	0.23663155	0.10197912	0.09499802	0.12515264	0.14906755	0.35917084	0.31798123	0.25393423	0.19363762	0.12386304	0.25375126	0.09690995	0.01681064	0.19280471	0.08784328	0.08776416	0.08350240	0.08808747	0.06442302	0.06164929	0.09724378	0.06262093	0.17212517	0.05761328	0.04107278	0.14937539	0.01850239	0.03847207	0.08798130	0.07081113	0.08729594	0.00933105	-0.06942334	-0.11311340	-0.02990501	0.01869633	0.04527330	0.09773486	-0.00228172	0.16896494	-0.01869319	-0.10797500	0.02251004	-0.04338119	-0.03413149	0.03323986	-0.05905939	0.11939626	0.07685463	-0.00614350	0.12984638	0.01652358	0.01636787	0.02183960	-0.00198659	0.06538741	-0.04149805	0.00687318	0.07362101	-0.11865095	0.12539050	-0.04281478	-0.04914051	0.09299574	0.08465240	0.06811182	0.02854402	-0.08271514	0.05697899	0.04687866	-0.04548952	-0.06996877	-0.02571945	0.06393350	0.12162962	0.07450576	0.03250840	0.03141930	-0.01064337	0.13018276	-0.02911045	0.05949284	0.02854418	0.01652718	0.01603407	-0.01446664	-0.01598493	-0.10945459	-0.05980386	-0.13402872	-0.00516625	0.02545222	0.08039550	0.04916570	0.06225050	0.15670025	0.11852487	-0.00396651	0.02475869	-0.00574944	-0.18992013	-0.10693394	-0.15542408	-0.20019963	-0.12811462
17Networks_LH_DefaultA_IPL_1	0.31844477	0.22036409	0.29471850	0.33299959	0.01224777	0.07931930	0.23206951	0.01902785	0.33109349	0.10354952	0.22257580	0.16225902	0.16755391	0.10728815	0.31769067	-0.05216127	-0.15353682	0.32169992	-0.09632169	-0.03216945	0.13610070	0.22776756	0.02640132	-0.03851258	-0.10153857	0.02921836	0.10937113	-0.03226164	0.10515782	-0.06378586	0.03665608	-0.06882308	-0.15971429	-0.02878674	0.10009297	0.05071849	-0.12764824	0.32307169	0.23947305	-0.04927626	0.08186456	0.14776280	-0.06166467	0.20619046	0.08475790	0.10507305	-0.00077935	0.06319225	0.14422679	0.10373995	-0.14119609	0.07431315	-0.17041876	-0.32534931	-0.10059125	-0.17652308	0.05659697	-0.09856952	0.24855670	0.40679973	0.16985662	0.18553553	0.13292982	-0.08518482	0.12184569	0.08272778	-0.16698602	-0.08463174	-0.10445188	-0.13094138	-0.18910300	-0.03641445	-0.36709651	-0.04511163	-0.26516657	-0.10304901	-0.13921011	-0.06345247	-0.02162590	-0.08070760	0.21022546	0.05999762	0.06456560	-0.11874041	0.00146672	-0.05479997	0.36418510	-0.37335022	-0.30220500	-0.05869185	-0.10602817	-0.19190841	-0.16487351	0.08840074	-0.23260536	-0.30046735	-0.00994052	-0.25158553	0.29896263	0.31288301	-0.18933996	0.05746454	-0.22592545	0.09887803	0.49177138	-0.14383443	-0.07642278	0.42245626	0.00379523	0.31243353	-0.03090752	0.18108801	0.50663759	-0.09207458	-0.13836931	-0.11206840	-0.14044036	0.09983664	-0.06820985	0.15988018	-0.14637317	-0.00800735	-0.26698037	-0.02714559	-0.06466411	-0.20875864	0.36692917	0.08114536	-0.10435517	-0.10421476	0.42816569	0.35974212	-0.14362599	0.32829591	0.05898038	0.38645158	0.10244318	-0.16408500	0.45714368	0.39513530	0.58348511	0.31318065	0.47401972	0.20042932	0.19962821	0.22234632	-0.05233100	0.20879831	1.06094672	0.39944199	0.39943659	0.47057682	0.72722907	0.62088096	0.65690723	0.47310751	0.26087379	0.14958213	0.61969893	0.48723343	0.60674981	0.35207969	0.49000949	0.46726451	0.39432440	0.36395756	0.24505456	0.33010874	0.32143403	0.56709060	0.25970572	0.60629543	0.48256258	0.58373804	0.48202903	0.40742027	0.32084024	0.39741472	0.30941240	0.34740664	0.38230517	0.45437738	0.44441806	0.31297811	0.55402219	0.42630439	0.35288911	-0.05243700	0.23645151	0.40828406	0.23646605	0.14917732	0.33307388	-0.06194192	0.42000722	0.27985243	0.33450038	-0.07597114	0.07182277	0.41410047	0.19505498	0.18124386	0.20819640	0.40659006	0.25830844	0.12077471	0.43379917	-0.02823301	0.11811114	0.04390686	0.13432094	0.20308039	0.16255951	-0.05329144	0.14486594	0.18496885	-0.00890036	0.17118951	0.12017526	0.03122355	0.14342390	-0.02281675	0.02963349	0.05383118	-0.02367713	-0.11209967	0.04758995	-0.20856879	0.14897090	-0.04455810	0.10693525	0.04237545	0.06757174	0.04056537	-0.14805054	0.20631108	0.13155701	0.16572731	0.28647184	0.01983023	0.22089159	0.06292666	0.22957363	-0.12970180	-0.12211095	0.00313838	-0.03118188	0.10623456	-0.21819461	-0.12609887	-0.06000563	-0.06378016	-0.15208527	-0.14894417	-0.08896811	-0.21352840	-0.14930900	-0.20881698	0.11333688	0.21399050	0.15581514	0.05370189	0.46234829	0.10071174	-0.00453635	-0.07010398	-0.05462208	0.01973217	-0.08319180	-0.15009561	-0.09337079	-0.17619872	-0.25649435	0.06159475	-0.26475033	-0.25052996	-0.16287887	-0.07245567	-0.19918371	0.08537835	0.30807425	-0.10037097	-0.18279528	-0.20996009	-0.30391869	-0.27429646	-0.41163826	0.03491470	0.14251397	-0.28472887	-0.09551689	-0.24412774	-0.19849291	-0.24244391	-0.15868355	-0.23166380	0.02652529	-0.28387398	-0.21578278	-0.34940697	-0.13429588	0.06160604	0.24155522	-0.18906763	-0.23341883	-0.04160669	0.08433698	-0.01965450	0.19881896	0.00650207	0.32661362	0.05978325	-0.01227580	-0.01854135	0.10886036	0.03008359	0.10543822	0.27542198	-0.02278427	-0.05977159	0.02974334	0.08428927	-0.05673285	0.10509705	-0.15005160	-0.26745933	-0.10756770	-0.13901493	0.50289714	0.29528513	0.42726593	0.25566230	-0.14296137	0.40150896	-0.03148905	0.30409992	0.10813741	0.35339967	0.17523830	-0.33897717	-0.20420766	-0.03869260	0.26328156	0.38862317	0.50481786	0.35430726	0.25533337	0.00450228	0.41509153	0.28344865	0.02717316	0.07222918	0.61191470	0.32137947	-0.01060508	0.26159083	0.06238789	0.51153205	0.59471360	0.33446340	0.55622121	0.59155736	0.58964172	0.64288745	0.30634475	0.20360316	0.49488332	0.49925401	0.49433592	0.31879590	0.55327318	0.38203004	0.28055603	0.29128974	0.44596762	0.29565078	0.40136370	0.30921200	0.43037583	0.41664274	0.20320837	0.42869878	0.44223639	0.14723984	0.26612386	-0.07186832	0.27060171	0.19638344	0.01412529	0.06547679	0.05996663	0.18728865	-0.02911229	0.21479078	0.32914027	-0.06396811	0.33775609	0.02849866	0.50639846	0.11001256	0.14977936	0.14663554	0.11749468	-0.00592366	0.05167364	0.08483614	0.20935338	-0.10837777	0.14764314	0.03391465	0.08273669	0.00728141	-0.03238714	-0.06964472	0.11366841	0.12043934	0.13231800	0.08454031	0.05575886	0.16245737	-0.00317908	0.00997830	0.16182738	0.14500327	0.15825991	-0.16630227	0.06704989	0.13118195	0.02028414	0.00808571	0.12814931	0.10901468	0.37615204	0.26050501	0.12891141	0.23595710	0.05936376	0.22581576	0.19756451	0.17491693	0.33002403	0.36525216	0.36429911	0.30063615	0.32053855	0.42724800	0.36685359	0.47384612	0.12594698	0.17353833	0.11114483	0.18126106	0.10649592	0.19492921	0.16858735	0.15141886	0.19974867	0.30000283	0.38504775	0.34174491	0.27543233	0.27674575	0.24478699	0.29726662
17Networks_LH_DefaultA_IPL_2	0.34132150	0.28099594	0.22544773	0.35123726	0.05004307	-0.02368097	0.18275198	-0.00677278	0.15396183	0.09143829	0.15299540	0.11763131	0.14883284	0.28699137	0.37628178	0.00845753	0.04340511	0.30126309	0.18258569	0.16964634	0.26335818	0.24892209	0.17956416	0.08669800	0.03594994	0.09927360	0.04613594	0.11091611	0.14742107	0.20814081	0.12263618	0.01074729	-0.07755857	0.04912775	0.19402112	0.16898084	-0.04279364	0.25885143	0.23394552	-0.00652232	0.09617539	0.22114529	0.03241531	0.08315061	0.00604360	0.13186164	0.04172692	-0.01992868	0.10808097	-0.02353883	-0.06867381	-0.01403333	-0.04075987	-0.01814756	-0.12514195	-0.10388146	-0.02382480	-0.17355586	0.09535899	0.32033365	0.18001666	0.20991327	0.10757356	-0.09826928	0.12458033	0.04430395	0.08508821	0.13832991	0.13240521	0.02412811	0.18922477	0.18006757	-0.04497485	0.00190686	-0.02812783	0.04745325	0.02052794	0.07637298	0.10505785	0.17994209	0.23050416	0.14736560	0.31825504	0.05150272	0.04028820	-0.02574999	0.20873665	-0.03929604	-0.06544677	-0.04183445	-0.04851467	-0.09744688	0.01328556	0.14713497	-0.09235955	0.11698882	0.18747319	-0.06723181	0.26026982	0.18852231	0.12851716	0.18887187	0.11669852	0.01931779	0.19868430	-0.06529106	0.11851922	0.25788819	0.12167097	0.24623472	0.03906481	0.10598726	0.17296109	-0.03303095	0.01468362	-0.04048808	-0.11612065	0.02685931	0.12913243	0.16415652	0.03661525	0.10151760	0.19615915	0.32197740	0.11748626	0.21372888	0.44819385	0.25255505	0.20309339	0.08897898	0.34093958	0.26437440	0.00961543	0.23917409	0.34467323	0.45991231	0.46045192	0.16274793	0.23345454	0.38640239	0.32413463	0.25722053	0.17023169	0.18579338	0.31849203	0.33214358	0.04656697	0.13299395	0.39944199	0.83633284	0.23005451	0.20119570	0.38745979	0.30527394	0.24482762	0.26234276	0.34980143	0.06208867	0.23597593	0.33807859	0.31211580	0.23280044	0.24947944	0.17735784	0.41114198	0.22860996	0.20324320	0.28243179	0.23661330	0.25614415	0.38525503	0.29576539	0.18142420	0.34137671	0.15202998	0.12150060	0.12160996	0.20773850	0.19095878	0.20784295	0.17131213	0.26850714	0.18237359	0.28669253	0.23188064	0.14441217	0.13687830	0.20575650	0.29041795	0.29896413	0.21654477	0.30373808	0.26117990	0.09196480	0.27700343	0.06918321	0.19560649	0.05271963	0.01734357	0.20758151	0.07078905	0.19463979	0.18526666	0.18139039	0.15240771	-0.03301758	0.23087483	-0.10900229	0.00442425	-0.02182187	0.17524235	0.16990785	0.14596195	0.07855707	0.21527110	0.27202096	0.10915600	0.32965972	0.14925373	0.14190147	0.28389876	0.10993563	0.14877925	0.01449409	-0.02245607	-0.00208598	0.08595475	-0.04766167	0.10644821	-0.00436290	0.12346928	0.06278160	0.00085347	0.04627804	0.09748976	0.19990356	0.27836632	0.15200258	0.18504105	0.02573885	0.18328528	0.10527155	0.13798453	0.17929518	0.12776103	-0.03418864	-0.01518126	0.05420017	-0.09261445	-0.14394522	0.04776854	0.00805408	-0.06460819	0.02518015	-0.03977244	0.07708876	-0.05918423	-0.05558896	0.12771959	0.18765483	0.13338580	0.05815322	0.23843177	0.12641641	0.14558801	0.03353896	0.17954126	0.18106617	0.21845369	0.20148099	0.19191816	0.10203103	0.00026520	0.02653106	0.00300737	0.09970111	-0.08474098	0.05234220	0.10848821	0.24909143	0.19256338	0.21572621	0.15661500	0.08274734	-0.09417802	-0.07282952	-0.10402131	0.17185242	0.14607477	-0.13350666	0.00061770	-0.17648244	-0.23042052	-0.09065691	0.02468521	-0.11717535	0.08067803	0.01517577	0.12089025	0.03526434	0.01944580	0.13227765	0.00361384	0.05942522	0.01355039	0.18892488	0.16217247	0.17106364	0.04755219	-0.06265594	0.10840069	0.04880745	0.17025882	0.17023116	0.13717776	0.08747621	0.12612088	0.14315015	0.07532842	-0.01684815	0.10555433	0.06619587	0.11109466	0.20966776	0.07567269	0.08970863	0.21764601	0.06600133	0.36463019	0.32273885	0.32450355	0.27135029	-0.05649305	0.18652839	0.12788560	0.29047084	0.22144413	0.38569974	0.35010311	0.07852106	0.14287237	0.24689093	0.23536601	0.34435411	0.39181679	0.30434489	0.22116661	0.17597701	0.33104694	0.27639294	0.15032398	0.21226113	0.35747548	0.32785334	0.21680681	0.09892327	0.18889101	0.27671140	0.42905943	0.42077793	0.20665765	0.25171173	0.26616920	0.23699761	0.32530132	0.23051410	0.26878097	0.34513442	0.32966286	0.18470421	0.24648699	0.23906014	0.14978284	0.28001879	0.28048837	0.19922202	0.25471921	0.21895385	0.18639398	0.27080556	0.19460519	0.14746358	0.16452474	-0.04628799	0.21771886	0.14788024	0.27000764	0.24613849	0.21550969	0.21341053	0.09801192	0.09089498	-0.01537943	0.05420808	0.08152022	0.02046127	0.21117488	-0.01934547	0.35676349	0.09047416	0.07532245	0.14681990	0.11514052	0.01321183	0.10161731	0.05199108	0.07541232	-0.11162485	0.08587164	-0.06133350	-0.11526828	-0.12802441	-0.05477210	-0.07960014	0.03534419	0.07100828	0.11335081	0.19286538	0.10429909	0.20286590	0.04934829	-0.05255663	0.08100814	0.10404903	-0.02472873	-0.12480665	-0.05443519	0.05100723	-0.07017278	-0.07588139	0.10615271	0.11888140	0.27877316	0.20067810	0.04215555	-0.00777472	0.15047159	0.14674317	0.20656032	0.09522779	0.34466518	0.37451904	0.38626923	0.34822237	0.29660466	0.27524043	0.18614378	0.33190274	0.17951305	0.13450285	-0.02594414	0.08771230	0.10886168	0.09609940	0.15022023	0.07861278	0.20608362	0.27554149	0.26957049	0.18686085	0.19009407	0.12404307	0.06110378	0.14298091
17Networks_LH_DefaultA_PFCd_1	0.04889081	0.19401702	0.08796835	0.15809320	0.09510714	-0.07682821	0.03757504	0.01358039	-0.02803349	0.04595170	0.02606040	0.05311163	0.08349189	0.07256852	0.13883808	0.12276576	0.10964257	0.22399023	0.21430230	0.10016941	0.30575010	0.40203550	0.17009519	0.09800905	-0.11383458	0.03073659	0.02625545	-0.01241775	0.03832851	-0.07753544	-0.09204202	-0.16450673	-0.07911559	-0.09172919	-0.01487136	0.06192764	-0.10579456	0.12993282	0.06250684	-0.03146539	-0.00225918	0.07897134	-0.02565026	0.13423911	0.13778794	-0.00211522	-0.07560828	0.07276815	0.27509357	0.11308986	-0.03973844	-0.01811061	0.01783783	-0.01612084	-0.09536959	-0.03298741	0.00712246	-0.04934951	-0.03221123	0.24948222	0.19629957	0.13535427	0.08179692	-0.02997872	0.12700408	0.02477763	-0.01767727	-0.05313357	-0.02714421	-0.10873305	-0.08171800	-0.03875330	-0.04109672	-0.05616161	-0.03805991	-0.16976267	-0.11465894	-0.03442881	0.09634425	0.05701325	0.08456140	0.04043215	0.09677595	0.05959184	-0.01161920	0.06682461	0.35478431	-0.01370993	-0.07234854	-0.08486606	-0.08779947	-0.23634472	-0.15518552	-0.01167536	-0.11211874	-0.04100986	0.24671931	-0.13835906	0.16310422	0.13580365	-0.00199974	0.24218976	0.07278872	-0.07028337	0.20779509	-0.21529467	0.05230088	0.35557508	0.01766514	0.19828360	-0.06253982	0.00611610	0.16571860	-0.15559983	-0.11107232	-0.12761504	0.00069132	-0.00518561	-0.00321822	0.15244351	-0.02784460	-0.07934674	-0.02275575	0.01663232	-0.09641161	-0.03677240	0.25476406	0.06410755	-0.06885933	0.01302788	0.16897701	0.18181646	0.02646924	0.06683850	0.15183525	0.12802964	0.08639095	-0.05322557	0.33207372	0.12612553	0.22861382	0.22112659	0.26797541	0.16089252	0.19554452	0.18895771	0.18666187	0.11503322	0.39943659	0.23005451	0.98384061	0.37883269	0.47011980	0.50377670	0.42423554	0.46043759	0.29230310	0.21971731	0.37873783	0.49448971	0.41244764	0.34028631	0.46134910	0.44032046	0.14439586	0.38035568	0.08582476	0.08327745	0.09373824	0.21604140	0.20335569	0.19118317	0.27035506	0.26101385	0.31896319	0.26640512	0.34675343	0.33514505	0.25508326	0.16363004	0.26420988	0.20878261	0.19880236	0.20997124	0.21905560	0.18842046	0.12465565	0.20588371	0.42019357	0.46771895	0.35677691	0.15631774	0.26500089	0.01260234	0.18552855	0.11413194	0.32528446	0.07405534	0.07800311	0.33040080	0.13585095	0.13771953	0.15399081	0.13728386	0.04431786	0.04392501	0.07980106	-0.14461405	-0.11328842	-0.03934495	0.06609471	0.11069736	0.10225314	0.00566866	0.17773443	0.18437461	0.12545704	0.27309340	0.15085375	0.22708334	0.32391949	0.17961759	0.19366770	0.07439919	0.05886275	-0.02492077	0.00328694	-0.15713460	0.03884653	-0.06366300	-0.02093156	-0.05344304	-0.06709604	-0.10847648	-0.07561502	0.11345275	0.08156036	0.04873430	0.14819568	-0.00109194	0.06836014	-0.03702551	0.08986798	0.03869572	0.07623646	-0.07744705	-0.07916060	0.03868465	0.04548872	-0.13736125	0.02925074	-0.00233454	-0.20084446	0.04073016	-0.02752129	-0.05666828	-0.14938272	-0.09654936	0.19637686	0.18678725	0.13689758	0.04739697	0.21387235	0.13288056	0.14769331	0.05342028	-0.03808822	0.02353074	0.02477916	-0.03718168	-0.02261426	-0.08453095	-0.03457293	0.01269680	-0.02579440	-0.05163279	-0.10965154	-0.07506579	0.05596646	0.16452576	0.15588626	0.00827123	-0.15781300	-0.16146774	-0.12161919	-0.01870281	-0.14306669	0.11888442	0.07192083	-0.11904583	0.01400645	-0.11653931	-0.13660040	-0.15044260	-0.10122406	-0.11198082	0.05008736	-0.03984305	-0.12067715	-0.14120118	-0.02282969	-0.04018133	0.07300537	-0.10199950	-0.14016988	0.04944799	0.08422139	0.09139968	0.04624166	0.01029756	0.34338714	0.08956349	-0.08396268	-0.04358798	-0.05328470	-0.03692539	0.01240967	0.09016607	-0.13086162	-0.08910432	0.04579681	-0.02586662	0.01652768	0.05502746	-0.02485081	-0.03730116	-0.04188127	-0.08007601	0.27857052	-0.00396426	0.12406426	0.02780387	-0.04839790	0.10040503	0.08042468	0.02295616	0.04829181	0.15220024	0.01238228	-0.12417924	-0.03267450	0.13736779	0.08497209	0.00876041	0.21614808	0.19012442	0.05793819	0.03293407	0.22985334	0.13199203	0.14414377	0.05762824	0.33330995	0.30567054	0.06020146	0.19042197	0.20254003	0.20189282	0.18973436	0.08078119	0.41295381	0.27790514	0.39778856	0.36383456	0.24108938	0.26463427	0.30958582	0.37098939	0.24052096	0.35927963	0.38115192	0.16671566	0.20440843	0.12160090	0.16846958	0.10761003	0.17712907	0.16765988	0.15398844	0.18036830	0.15708782	0.30115738	0.13794407	-0.07014234	0.20511223	0.13379097	0.32244003	0.30841183	0.09116423	0.20016214	0.00354711	0.10290737	-0.05345981	0.11860435	0.09346399	-0.01278605	0.25448019	0.06469091	0.22781404	0.05431198	0.01328169	0.04369585	0.09756426	-0.05071850	0.05738891	-0.05771414	0.03616532	-0.11334699	0.03285580	-0.06258748	-0.13600516	-0.04698881	-0.11987399	-0.14510106	-0.05529471	-0.03255978	0.04128637	0.13676438	-0.06244558	-0.00757993	0.04104260	-0.11304871	-0.09819012	-0.04340942	-0.02532750	-0.25277843	0.00283627	-0.08301137	-0.15120492	-0.10210270	-0.08437767	-0.12856971	0.23915571	0.13898285	-0.03259493	0.05428432	0.13121177	0.15866588	0.19462982	0.12108569	0.18384399	0.25026262	0.24866658	0.21204453	0.14648502	0.21441314	0.03764372	0.22625063	0.01750333	0.02546345	-0.02013807	0.13614174	0.01737109	0.06003136	0.18400793	0.09906908	0.20137889	0.19669726	0.18240583	0.09357744	0.11228690	0.10039684	0.02252439	0.16803913
17Networks_LH_DefaultA_PFCd_2	0.16435834	0.23896411	0.11181896	0.21077847	0.07897553	0.03999446	0.07028389	0.12402634	0.18550558	0.08682143	0.23203313	0.13841848	0.14450623	0.14722110	0.25121278	0.10475417	0.08731289	0.23254468	0.06429335	0.03467575	0.21802834	0.19620710	0.16877411	0.09103741	-0.02348411	0.12979018	0.03043212	0.00956270	-0.00549113	-0.01385503	-0.04577808	-0.06020086	-0.04643441	0.01107801	0.06116931	0.05589217	-0.13538497	0.15341755	0.16988089	0.04059903	-0.06733508	0.09559106	-0.07383771	0.06264908	0.10063132	-0.04532951	-0.02499100	-0.06305043	0.19765285	0.05951750	0.07007139	0.02281684	-0.09479767	-0.17637969	-0.09112285	0.03752808	0.19365013	-0.07761230	0.16172802	0.37108838	0.25340648	0.18618909	0.08795681	0.01531228	0.04734559	0.02977793	-0.01720348	0.00045192	0.03167220	-0.07880788	-0.09108864	-0.04418230	-0.17693959	-0.07971308	-0.11553254	-0.04801645	-0.08200263	-0.00147466	-0.04075624	-0.04189578	0.12432150	0.16441772	0.03016695	0.01644352	0.14967086	-0.04819312	0.28531825	-0.25461424	-0.23127670	-0.03707124	-0.07461659	-0.14138652	-0.14372098	0.12807057	-0.20415398	-0.20798552	-0.00142838	-0.16637585	0.25563875	0.22693579	-0.14065286	0.13750309	-0.15567532	-0.09263235	0.18830407	-0.18930749	0.01470984	0.39820057	-0.14296145	0.16073309	-0.07620718	0.04780933	0.43391708	-0.10530944	-0.18640959	-0.13885528	-0.07948743	0.05688725	-0.03698967	0.03953029	-0.09220105	-0.00217309	-0.09067763	0.07996477	0.01444268	-0.19338285	0.34100859	0.09886934	-0.07125611	0.04934457	0.23904751	0.25313842	-0.10556705	0.23100044	0.04846707	0.38599108	0.11742551	-0.05246739	0.47926462	0.31483047	0.39515650	0.26551386	0.61558941	0.05298494	0.07365345	0.01969824	-0.01177452	0.08438087	0.47057682	0.20119570	0.37883269	1.06928333	0.49265782	0.38072908	0.41481071	0.25474339	0.19754365	0.15297645	0.46798538	0.19551631	0.47156684	0.14752567	0.36825698	0.48760966	0.25587677	0.34323352	0.16259475	0.16789685	0.21719095	0.37451708	0.21043076	0.39423107	0.33836150	0.61280527	0.47597097	0.55081067	0.56957985	0.69341071	0.51540866	0.47048412	0.64183813	0.50647122	0.30428989	0.04581654	0.44880052	0.35627002	0.31276475	-0.14418745	0.17138351	0.12895846	-0.03578403	0.10586293	0.32164760	0.06264563	0.24705216	0.27179695	0.26219527	-0.03236741	0.13262577	0.31944037	0.26568392	0.17288090	0.21480701	0.21618295	0.17151598	0.12267099	0.28818567	0.04782032	0.16481717	0.12925531	0.12963598	0.23059445	0.21334424	0.02396846	0.20661743	0.23146514	0.15032478	0.18953298	0.20959706	0.22149933	0.22716559	0.10216206	0.08848686	0.23067775	0.11274329	0.00591595	0.04650659	-0.20385986	0.06257485	-0.01058383	0.04908176	-0.02793886	0.01767352	0.04294831	-0.05119722	0.18698049	0.00386983	0.02703777	0.16404740	0.06233901	0.15365378	0.13547052	0.23972477	-0.05530183	-0.01315720	-0.08372724	-0.00250952	-0.01525825	-0.11885022	-0.12613108	-0.04415147	-0.07530753	-0.23656453	-0.11866376	0.05702827	0.03481622	-0.02675315	-0.05269130	0.18750698	0.29385713	0.27379169	0.17511001	0.31280578	0.15021497	0.08499095	0.10042758	-0.07015363	0.01243122	-0.03888025	-0.10852155	-0.11251409	-0.08478000	-0.05894561	0.18138408	-0.02034532	-0.10138323	-0.01205432	0.01061699	-0.07214681	0.06269716	0.22776740	-0.05507650	-0.09082167	-0.06578598	-0.18667070	-0.13873739	-0.08798179	0.21413691	0.11489052	-0.18998044	0.01159520	-0.11621573	-0.13465701	-0.17292366	0.09341338	-0.12832210	-0.02020062	-0.21327146	-0.00814114	-0.22542021	-0.03109285	0.25092839	0.37830560	0.04338787	-0.01044279	0.06459752	0.27633635	0.02803811	0.21707872	0.04703703	0.37760360	0.12800151	0.06883394	-0.02525987	0.04557118	0.05300715	-0.14978423	0.31357378	-0.15396002	-0.05447265	-0.01751908	-0.04951009	0.02872656	-0.04844282	-0.02316371	-0.15007756	-0.04819363	0.05418931	0.41021859	0.28163452	0.38029154	0.31602640	0.10410991	0.29910814	-0.07171319	0.24542922	0.26437882	0.44915626	0.31525293	-0.09437060	-0.06486836	0.03405359	0.41533533	0.36251361	0.49868908	0.15041162	0.19240416	0.09756256	0.24902268	0.30330149	-0.03138012	0.09604718	0.38161071	0.09951018	-0.00964755	0.10452420	0.06964257	0.33674917	0.45881178	0.26133740	0.42276700	0.44390768	0.29693660	0.43409986	0.13766775	0.25622563	0.30817151	0.35152804	0.20972136	0.32857185	0.38048848	0.52935253	0.13301276	0.26173650	0.30412874	0.24935489	0.45605447	0.52132048	0.50707285	0.53303340	0.53281335	0.39294476	0.33945128	0.19797979	0.13565859	-0.02174990	0.11926272	0.00935055	-0.02833356	-0.00556337	0.04348692	0.09161512	0.05951132	0.26134548	0.20486447	-0.04344708	0.17798065	0.05182350	0.42945025	0.24151785	-0.05608429	0.09782760	0.00490362	-0.11131892	0.11495677	-0.05955315	0.04433190	-0.01256235	0.02154075	-0.08683752	0.08220507	-0.06267119	-0.16698359	-0.15763410	0.14690536	0.19480549	-0.01334584	-0.05875905	0.00409491	0.01810920	0.06535755	-0.15640194	0.11198530	0.08563858	-0.03263225	-0.12747209	0.03815549	0.13121460	-0.10600951	-0.04301415	0.20827284	0.06596339	0.25785459	0.25189955	0.06621773	0.20865479	-0.02454646	0.22658651	0.22733169	0.08597386	0.27135171	0.25808033	0.27403833	0.18357257	0.29151779	0.38436238	0.22281885	0.31984887	0.12978519	0.15628465	0.02088679	0.03771413	0.00440369	0.16868357	0.24836772	0.07802416	0.18868072	0.38833495	0.33324944	0.31835724	0.24460608	0.33521280	0.20176164	0.29030395
17Networks_LH_DefaultA_PFCd_3	0.22182464	0.19345456	0.19684056	0.30870699	0.06613328	0.03476537	0.13200400	-0.04423843	0.22632863	0.05417731	0.18196555	0.12948436	0.09967235	0.10092657	0.27352526	-0.06283884	-0.19815138	0.32038518	0.00775447	-0.08098496	0.22422621	0.25026468	0.09435820	-0.04121713	-0.13892166	0.10979500	0.07211870	-0.05579439	0.04696341	-0.10425578	-0.07224967	-0.14590267	-0.21576165	-0.04008968	0.06778952	-0.03151850	-0.19499605	0.31935333	0.19246584	-0.07686634	-0.03706768	0.18194030	-0.15379886	0.18167719	0.13544057	0.05181638	-0.04603979	0.00269874	0.18421847	0.06864766	-0.16713426	0.02298921	-0.19944849	-0.25529118	-0.13011615	-0.15800697	0.03903934	-0.06602701	0.18187350	0.44368125	0.16094027	0.25720149	0.14734785	-0.14582768	0.11771758	0.03164052	-0.12911676	-0.08952347	-0.10780944	-0.20765296	-0.22420675	-0.04910223	-0.30811043	-0.12963858	-0.28168708	-0.15577675	-0.19393467	-0.01737728	-0.05136000	-0.05742371	0.20982215	0.08168934	0.02389013	-0.10399692	-0.05007765	-0.00929267	0.29956491	-0.38027943	-0.27614615	-0.03957064	-0.15044241	-0.27331237	-0.18511728	0.09724632	-0.27486409	-0.28695199	0.06423128	-0.33317014	0.23833947	0.17260552	-0.17173297	0.00556424	-0.25272488	0.04173479	0.42366066	-0.27252495	-0.00058289	0.41095104	-0.05490840	0.28994378	-0.08378334	0.11636763	0.42882696	-0.19666834	-0.23719035	-0.11213033	-0.09623826	0.03105839	-0.01252149	0.17564042	-0.19381647	-0.05002275	-0.21103054	0.04388131	-0.10663896	-0.14905416	0.33672088	0.09647145	-0.09670754	-0.05926603	0.44607674	0.33393951	-0.14542311	0.35466233	0.15164107	0.32540655	0.16204270	-0.13610889	0.47674348	0.39499856	0.47889936	0.21649589	0.44453356	0.11950024	0.14722067	0.16937617	-0.01606220	0.20711085	0.72722907	0.38745979	0.47011980	0.49265782	1.03151476	0.61511260	0.62605723	0.45654001	0.26956807	0.11476013	0.53796822	0.50651382	0.61085896	0.41549268	0.51959274	0.47850232	0.31388871	0.40186166	0.23325156	0.25499190	0.21089867	0.48929844	0.30108651	0.53619946	0.42136099	0.48724958	0.46216338	0.42041000	0.30625996	0.46614244	0.42043180	0.28915454	0.38150024	0.41033551	0.40276363	0.37907559	0.51596741	0.36540474	0.31758257	-0.04108098	0.27548634	0.44625709	0.29906622	0.20168483	0.32224467	-0.11683408	0.40678549	0.22392669	0.34449707	-0.02958866	-0.00604928	0.42736269	0.14706210	0.19888237	0.17990019	0.34458454	0.21874275	0.15615740	0.30925088	-0.09611497	0.05789705	-0.01107391	0.16485590	0.17192737	0.11002708	-0.02208812	0.17178739	0.21243822	0.04265298	0.21831718	0.08366166	0.05088507	0.22048114	-0.05021210	0.10628162	0.04114211	0.04443560	-0.11566828	-0.01172974	-0.29002995	0.10186884	-0.09690255	0.03174493	0.02989318	0.00203846	-0.00508356	-0.18255397	0.24261814	0.12961912	0.16581768	0.26071864	-0.11399276	0.18484977	0.07162122	0.33694588	-0.08344802	-0.06802954	-0.06722995	-0.03951807	0.08265464	-0.14631381	-0.13354453	-0.02127259	-0.09845334	-0.17236122	-0.09257606	-0.06258265	-0.17270496	-0.19585174	-0.19527460	0.12161639	0.22157169	0.15336772	0.02603115	0.42070509	0.10089737	0.03131587	-0.08986183	-0.09489787	-0.03194787	-0.08298838	-0.21114074	-0.13437912	-0.20124772	-0.24187826	0.02920252	-0.24383082	-0.27416334	-0.21848292	-0.11280559	-0.16511792	0.11927830	0.35906424	-0.10684941	-0.26407461	-0.27032583	-0.32214665	-0.25391503	-0.40245573	0.09204803	0.08920022	-0.27588021	-0.10009235	-0.25251067	-0.21809720	-0.21041754	-0.13586570	-0.24444462	0.03810536	-0.26559097	-0.21506107	-0.33498527	-0.12836725	-0.01576536	0.22168105	-0.15873888	-0.22802961	-0.08478330	0.06276202	-0.04017756	0.13923187	0.01351657	0.34400520	-0.03811821	-0.00256146	0.03172109	0.10048317	-0.03252002	0.04996019	0.17991113	-0.13838525	-0.17957098	0.07175188	-0.00141807	0.00519232	0.07303157	-0.16097599	-0.29213392	-0.08000553	-0.19949999	0.44413479	0.29912592	0.46123487	0.27278843	-0.04949924	0.37006360	-0.05381518	0.21788619	0.16025434	0.33025042	0.17102701	-0.27975289	-0.15939437	-0.03729586	0.25754748	0.37676753	0.52204169	0.40755830	0.11197727	-0.04311125	0.35879586	0.26931396	0.02153816	0.05168846	0.55304746	0.27867327	-0.03805568	0.21299464	0.11936519	0.40360159	0.54861783	0.33145733	0.57346824	0.57884497	0.58929490	0.58652074	0.30191717	0.18986656	0.50181871	0.52161134	0.49679370	0.37395503	0.56592024	0.34282518	0.26645858	0.27969180	0.39525288	0.26420991	0.41467699	0.33966254	0.38595847	0.45698560	0.24909023	0.40460548	0.40007546	0.04877311	0.33914351	-0.01660450	0.31262130	0.31463278	0.08985306	0.14137043	-0.02014099	0.14474559	-0.04885844	0.16995789	0.26980035	-0.13844509	0.37142101	0.01918015	0.48218248	0.06381895	0.05459506	0.11068502	0.10449063	-0.01322050	0.05134116	-0.00240227	0.14529686	-0.13519758	0.07776673	-0.01112197	-0.00561832	-0.06402643	-0.05676708	-0.02863274	0.01709325	0.08930194	0.01943907	0.14986730	0.04011297	0.17522914	0.00124557	-0.02756423	0.10605206	0.13099085	0.05740075	-0.22529819	-0.02870622	0.02926604	-0.01678888	-0.01608484	0.07663037	0.05766399	0.34980234	0.24245838	0.08044779	0.17724915	-0.01400708	0.22870753	0.26756109	0.12949859	0.36062244	0.30696698	0.35826504	0.28062181	0.34426625	0.38485190	0.26181045	0.39756076	0.11149564	0.12051971	0.04822988	0.17174379	0.06047101	0.15307780	0.22901234	0.10761301	0.22577094	0.39116127	0.38123368	0.32699879	0.28458946	0.26616389	0.17720917	0.22239964
17Networks_LH_DefaultA_pCunPCC_1	0.20998348	0.20105655	0.16390171	0.21662992	0.04571429	-0.06608421	0.14856582	0.01713867	0.11741306	0.04229167	0.17886274	0.16080119	0.13281932	0.11402430	0.25728583	-0.01706096	-0.08919181	0.31628051	-0.02202639	-0.02863732	0.19933562	0.24479986	0.06343331	-0.03312400	-0.07307623	-0.02273540	0.08458764	0.01501900	0.12450188	0.01225113	0.04325135	-0.11589158	-0.02347683	0.01370959	0.07978503	0.11382485	0.02672837	0.30230313	0.24978447	-0.04390105	0.17444650	0.17602948	0.10188876	0.14588155	0.00443784	0.00791618	-0.06033252	0.02382238	0.06784688	0.00934154	-0.09232516	0.02697686	-0.08578050	-0.19808107	-0.04199504	-0.17368579	-0.00975489	-0.03305832	0.08240294	0.37414982	0.17105289	0.15504197	0.05548122	-0.04844187	0.15004787	0.05719156	-0.01701002	-0.01026645	0.01214394	-0.00819484	-0.12448057	0.04998281	-0.28662344	-0.06733893	-0.12788392	-0.07753416	-0.01050325	0.06774891	0.10071775	0.01500591	0.24706120	0.06056272	0.11199690	-0.03339634	-0.00079010	0.03671742	0.28194012	-0.25605328	-0.23926563	-0.12437386	-0.13593428	-0.23673398	-0.17372226	0.02312412	-0.16702803	-0.16467303	0.20070994	-0.15850847	0.20781769	0.28551880	-0.19976125	0.08160255	-0.08106746	-0.06114344	0.37612333	-0.24016665	-0.12204481	0.29048231	0.02553565	0.32372412	-0.07630285	0.15625058	0.29036449	-0.09841214	-0.08442405	-0.12422270	-0.06533267	0.03307352	-0.09116604	0.16417297	-0.08359990	0.01758126	-0.23928787	0.04286136	-0.02933461	-0.11613970	0.29127407	0.02248874	-0.16038110	-0.04676943	0.29867410	0.19110413	-0.08784919	0.16906465	0.08621737	0.22136924	0.05006364	-0.05912103	0.42680523	0.22705520	0.41246450	0.19359420	0.36850408	0.07616558	0.17623631	0.21033625	0.03106743	0.12221830	0.62088096	0.30527394	0.50377670	0.38072908	0.61511260	0.99065248	0.61664559	0.51479961	0.27333028	0.17896042	0.51575102	0.50901561	0.58076555	0.44895795	0.53597795	0.41342333	0.22704513	0.29208188	0.16267216	0.21299104	0.17885319	0.42428319	0.21608515	0.41662695	0.42352728	0.39821453	0.42288767	0.36942280	0.29831979	0.36310493	0.30906747	0.21845285	0.30970066	0.30737711	0.37355400	0.27528357	0.45531748	0.34267923	0.27660680	0.09805294	0.36117333	0.54323920	0.40227837	0.21224408	0.29379417	-0.08992218	0.29251221	0.18056664	0.27468046	-0.08562123	0.07887930	0.31588047	0.20252130	0.14169677	0.15401894	0.30401518	0.07251284	0.01249053	0.27903969	-0.18858777	-0.05942229	-0.00800243	0.10513735	0.22098720	0.09051713	-0.01375460	0.20220340	0.16121941	0.03624276	0.19115483	0.09734727	0.03518439	0.20965799	-0.04852638	0.11221180	0.02608809	0.00219748	-0.06956017	0.12045124	-0.17794861	0.16237326	0.03225968	0.11378083	0.04609624	0.10801132	-0.00148168	-0.01689427	0.25273800	0.11599542	0.17172701	0.29622544	0.10968718	0.19303701	0.09904901	0.19289380	-0.02658287	-0.06569901	-0.03655286	-0.13920747	0.12908252	-0.06369770	-0.15059018	0.04831142	-0.03247336	-0.02975009	-0.00324760	-0.02668763	-0.16479149	-0.13399093	-0.12399401	0.17155964	0.19736168	0.09794504	0.09810023	0.38299771	0.13923314	0.07848087	-0.00502052	-0.02521694	0.09673762	0.03365678	-0.07965335	-0.00235340	-0.06639717	-0.14855620	-0.07047294	-0.18967996	-0.09138732	-0.08979233	0.03297385	0.00314602	0.17838405	0.31509634	0.01483075	-0.09808717	-0.11026560	-0.19334042	-0.16180582	-0.34950683	-0.00904201	0.18294677	-0.22577450	-0.06539134	-0.29521164	-0.19999575	-0.21019679	-0.19627697	-0.17149442	0.06277797	-0.10322967	-0.15080820	-0.16182014	-0.00590611	-0.01985843	0.18445139	-0.21940188	-0.23524216	-0.06771033	0.02258675	0.03670351	0.04043338	-0.10980193	0.23509686	0.00378586	-0.04439931	-0.01709818	0.00191014	0.02458719	0.10774269	0.18629747	-0.07820118	-0.11770835	0.05417663	0.03576442	-0.04507567	0.18338958	-0.06200012	-0.16913308	-0.13174570	-0.07107927	0.40513992	0.13955192	0.21234719	0.13513694	-0.15218286	0.21645437	-0.01925065	0.17104647	0.02833010	0.20104438	-0.00240730	-0.29398518	-0.17063958	0.07798849	0.17885399	0.16626435	0.39302353	0.35246614	0.18819968	-0.04954955	0.30995541	0.11497064	0.06174472	-0.03327164	0.52256719	0.32495456	0.07705340	0.27853868	0.09763318	0.33415927	0.38146554	0.21881733	0.53132777	0.49055924	0.61715270	0.53169010	0.24488271	0.18555151	0.39996001	0.48765257	0.46656319	0.30428184	0.51403448	0.23158933	0.24345969	0.17350110	0.28106433	0.12591708	0.35352754	0.30537033	0.29826988	0.33068880	0.14564791	0.36229562	0.28165945	0.00253992	0.26275627	-0.00563406	0.40297321	0.36514201	0.09051619	0.19555786	0.13467449	0.16193814	-0.00279506	0.16210817	0.17085426	-0.12572960	0.23547011	-0.02784009	0.28350542	-0.02737889	0.11337556	0.14426078	0.11096061	0.00371248	0.06893200	-0.02426454	0.16259605	-0.07103454	0.05725494	-0.02804318	-0.04327126	-0.06921180	-0.04784468	-0.07434258	-0.00854030	0.08483406	0.10738037	0.14336849	-0.04925162	0.08648189	0.09541350	-0.03619510	0.07630649	0.04229550	0.11686644	-0.22584379	0.10453845	0.04221950	-0.06932672	0.05044675	0.03122973	0.03542917	0.35915123	0.22367835	0.09536003	0.16484760	0.11091380	0.25128057	0.21227315	0.17409916	0.31736116	0.30415445	0.36030977	0.30802847	0.25980457	0.35124850	0.23841785	0.41122565	0.16726452	0.15085987	0.06624084	0.22039167	0.17766874	0.20015730	0.14651286	0.15835384	0.22761808	0.20125917	0.31014800	0.21872478	0.25031659	0.21924665	0.17147135	0.25373039
17Networks_LH_DefaultA_pCunPCC_2	0.22965067	0.21651446	0.23658704	0.26006381	-0.00002106	0.07337786	0.17430917	0.10046506	0.20578091	0.10483249	0.23879804	0.16946336	0.17838107	0.10410226	0.28505438	0.00030142	-0.15991421	0.28727232	-0.07363288	-0.04984997	0.15845439	0.19221423	0.06330249	-0.02331932	-0.03792515	0.03050134	0.17082990	-0.02043687	0.14460545	-0.07770136	-0.00456139	-0.13786674	-0.04106507	0.02611807	0.06915347	0.11136269	-0.00973496	0.35675731	0.25071303	-0.02549275	0.15605394	0.17339523	0.05478952	0.16518141	0.16197656	0.06701165	-0.03349288	0.04071136	0.11447930	0.11164060	-0.03182079	0.07704811	-0.07789820	-0.26225353	-0.00989009	-0.07942059	0.12755617	-0.01338477	0.25337440	0.43897331	0.23347191	0.27292367	0.12898529	-0.00811937	0.12914927	0.10139144	-0.06346543	-0.00312094	0.03731323	-0.03353610	-0.13358825	-0.00566110	-0.33571935	-0.00964522	-0.21753949	-0.05501720	-0.02341129	0.03503972	0.05506395	-0.05002026	0.23508178	0.13981314	0.07313663	-0.06662409	0.08388386	0.04263485	0.32651176	-0.39886162	-0.31309160	-0.08799210	-0.18821668	-0.20967212	-0.14050301	-0.00134522	-0.16713842	-0.25628249	0.10915217	-0.16254032	0.20109470	0.28128777	-0.31148043	0.00534257	-0.24315599	-0.08374300	0.32379203	-0.23484606	-0.16605525	0.26432474	-0.05799299	0.26713614	-0.06199866	0.09294681	0.44064446	-0.08677844	-0.07588657	-0.12047848	-0.08269184	0.08236625	-0.07567997	0.08858991	-0.05070704	0.06459172	-0.33511208	0.01317849	-0.00891938	-0.15173675	0.26348484	-0.00993671	-0.25886109	-0.09707551	0.35314548	0.21538535	-0.19433810	0.25688363	0.03786528	0.22804498	-0.01887800	-0.08397231	0.43848317	0.23751930	0.40636258	0.13156499	0.45660689	0.05453427	0.12919377	0.23512030	-0.06128114	0.07725501	0.65690723	0.24482762	0.42423554	0.41481071	0.62605723	0.61664559	0.98537550	0.47464917	0.13207085	0.21656687	0.67636533	0.50228649	0.58784196	0.34901191	0.56585880	0.45122042	0.19688868	0.24933072	0.21257618	0.19975876	0.19301093	0.53072610	0.18343171	0.43907021	0.51512931	0.47977670	0.53804456	0.51591979	0.35135346	0.43331782	0.27138076	0.24482310	0.40181412	0.43274738	0.39746494	0.25311031	0.49275583	0.37308547	0.31885503	-0.00511099	0.24439900	0.40199288	0.22364789	0.11249977	0.25896676	-0.07441109	0.25972600	0.19103673	0.33113362	-0.09170386	0.14105854	0.37574644	0.29832009	0.19959349	0.24785529	0.37178782	0.26634367	0.17326565	0.36101026	-0.05955533	0.02445158	0.12475666	0.13553644	0.26067063	0.18794917	-0.02711230	0.18416431	0.12413492	0.00171144	0.15015474	0.14411686	0.06205785	0.15038770	-0.07238416	0.10193744	0.13012475	0.04683217	-0.03131020	0.05740732	-0.17363696	0.14734672	-0.01168080	0.10596004	0.06977451	0.07667426	0.03396160	-0.03961907	0.23404637	0.10252982	0.15732122	0.27898161	0.02862809	0.22742697	0.11446193	0.21946726	-0.03919995	-0.06494776	0.04627250	-0.01270621	0.14986042	-0.09915192	-0.09248111	0.02908965	-0.02267825	-0.00078763	-0.05611209	0.01083070	-0.24876725	-0.05079844	-0.06692949	0.18151704	0.26918884	0.21862091	0.12745740	0.44802883	0.19037054	0.10255344	0.03512405	-0.01540801	0.13046034	0.04149445	-0.10290929	-0.04601636	-0.09343112	-0.16480587	0.10058903	-0.24129813	-0.18148227	-0.06959522	0.00181012	-0.04732965	0.14166063	0.31330405	-0.06675394	-0.11203161	-0.16566771	-0.20192108	-0.17666503	-0.39171163	-0.03300252	0.19621943	-0.29280399	-0.02717648	-0.20086494	-0.14142830	-0.18044451	-0.20985857	-0.15723023	0.12532772	-0.20464863	-0.25953841	-0.29774210	-0.08393629	0.00068667	0.21167478	-0.25600356	-0.31188253	-0.17299633	-0.04889772	-0.06737307	0.05329465	-0.12112981	0.21704585	-0.06779865	-0.09318410	-0.01789734	0.03963763	-0.03523187	0.05658369	0.24239077	-0.06998517	-0.00343105	0.04730031	0.12434153	0.02085111	0.12843658	-0.03873707	-0.35985828	-0.16549744	-0.05442297	0.38592123	0.13242304	0.27302480	0.09561023	-0.15533090	0.27565846	-0.00837666	0.18200436	0.06156612	0.24024579	-0.00414813	-0.39395423	-0.23913749	-0.06831784	0.11187711	0.19998173	0.39706083	0.26917195	0.15620105	-0.11115113	0.24787782	0.10953834	-0.02460344	-0.06238496	0.56490437	0.25274906	0.05332971	0.25095197	-0.03027637	0.43920041	0.39364426	0.18386141	0.59744150	0.57256032	0.63926731	0.68303825	0.12183136	0.13754935	0.38772229	0.42433087	0.45833025	0.27783172	0.58217820	0.32226217	0.16486131	0.24153424	0.30147142	0.20716528	0.39005086	0.29308707	0.34311384	0.35523324	0.14027325	0.37709743	0.33403738	0.04198096	0.24201307	-0.05365189	0.28113946	0.21990815	0.04207628	0.06465618	0.05959390	0.21757622	0.02362794	0.23480993	0.25670804	-0.16380524	0.24805539	0.04580732	0.35537876	-0.05057719	0.14311615	0.05002108	0.13623286	0.04795258	0.05029122	-0.00735565	0.11511093	-0.11203129	0.06872244	-0.05155657	0.06745776	0.00655756	0.03902015	-0.00911443	0.01645402	0.10352343	0.15604751	0.04675490	0.03727164	0.14508956	0.05290851	-0.02855358	0.12527623	0.01413824	0.12802961	-0.22589326	0.12154229	0.05322436	-0.01694547	0.03840515	0.06561354	-0.02595808	0.39597645	0.22999695	0.10454650	0.28403934	0.06162041	0.29017690	0.24026784	0.22285587	0.30736239	0.32581028	0.33050048	0.29034010	0.33810831	0.41989493	0.30448572	0.40777452	0.14700831	0.20376877	0.11271447	0.22782579	0.09313539	0.17837724	0.16907623	0.12693811	0.22613709	0.28648491	0.38794300	0.32263832	0.29507136	0.28788363	0.26489962	0.31666221
17Networks_LH_DefaultA_pCunPCC_3	0.11895057	0.07791946	0.05896374	0.08881674	-0.15838381	0.00536556	0.06347009	-0.05780045	0.09153648	-0.08914534	0.11554754	0.02195259	0.14262686	0.04523668	0.13041833	-0.01638342	-0.04357560	0.23299901	0.09353000	0.06931596	0.20901439	0.34489983	-0.01305391	0.00946850	-0.07025090	-0.08646266	-0.00835116	-0.00869172	0.06964277	0.04798512	-0.02270210	-0.03819931	-0.08588353	0.00945892	0.12949850	0.00875278	0.07291302	0.16920496	0.07090425	-0.04837221	0.14807038	0.09097424	0.01566618	0.09658488	0.04659749	0.06230316	0.04636107	0.01686929	0.16341375	0.03472937	-0.05724990	0.05612021	0.00577942	-0.10677563	-0.06915120	-0.17064647	0.06327303	-0.02566247	0.09777176	0.36776914	0.16914765	0.06975032	-0.06725347	-0.03313733	0.08196980	-0.03471405	-0.08038365	-0.06874418	0.04727571	0.07683111	-0.09689338	-0.01194124	-0.18519392	-0.00341249	-0.10722255	-0.07866512	-0.02015606	0.02231595	0.07987515	0.00135609	0.08021983	-0.10840921	0.05352659	0.03930153	-0.04026215	0.01602753	0.24412365	-0.19463877	-0.07478515	-0.08310024	-0.16799360	-0.30991892	-0.15670481	-0.09381634	-0.05541755	-0.03041226	0.14783165	-0.13273004	0.08568831	0.12288086	-0.04732282	0.15662652	-0.01071489	0.03665083	0.29220696	-0.09548495	0.01304383	0.34380349	0.15770531	0.33420332	0.00257562	0.10375176	0.21762453	-0.10125921	0.01069609	-0.04163541	-0.18332663	0.02593989	0.02507356	0.21401015	-0.09162062	0.04072228	-0.11269949	0.09490292	-0.02464464	-0.04892439	0.13914015	-0.02651385	-0.10543623	-0.04470634	0.22548093	0.13490143	-0.05529797	0.01815259	0.01966825	0.21630100	0.08274469	0.00028510	0.21250357	0.11613394	0.25603648	0.17965322	0.20973634	0.33406417	0.30389881	0.22180921	0.27988750	0.29967437	0.47310751	0.26234276	0.46043759	0.25474339	0.45654001	0.51479961	0.47464917	1.02014421	0.45651031	0.28059936	0.39075566	0.50846348	0.51544065	0.51645888	0.40786388	0.34810897	0.27313951	0.31334829	0.19917919	0.11891978	0.06145040	0.33123524	0.16177976	0.34470905	0.23844281	0.23971798	0.24068727	0.13616799	0.15492354	0.14549426	0.13876791	0.09557278	0.10975895	0.16368484	0.32598301	0.23197424	0.25815032	0.20023807	0.13678255	0.07665836	0.37223614	0.48857484	0.31424505	0.15309828	0.19874670	-0.03770285	0.29747169	0.10237269	0.29184593	-0.05289818	0.05676965	0.26011323	0.03114691	0.06867017	0.07026593	0.14401613	0.04861613	0.05352064	0.15564391	-0.21480461	-0.03658830	-0.13261666	0.11466515	0.03333662	0.03098693	-0.06388689	0.14378582	0.11287016	0.01360800	0.21824522	0.13253931	0.04682782	0.18748519	0.06778303	0.06130561	0.03419681	-0.19330330	-0.19559377	0.06443333	-0.18131704	0.03820055	-0.06356977	0.04935636	-0.03423199	0.02967336	-0.01057679	-0.08715360	0.01800937	0.14152771	0.10301438	0.18455113	-0.02683438	-0.02482574	-0.07733729	0.02788765	0.07779092	-0.03335788	-0.00414046	-0.15384298	0.03496937	-0.11702448	-0.07044076	-0.04978355	0.08222720	-0.04059096	-0.04204180	0.00744060	-0.16801481	-0.11421367	-0.20942764	0.13592282	0.17548355	-0.01320803	0.01164675	0.25987681	0.05328187	-0.02586074	0.00251607	-0.01559897	-0.02801918	-0.02048292	-0.06296825	-0.03701301	-0.12733030	-0.11785381	0.02822173	-0.14185571	-0.09639467	-0.13378547	0.03149856	-0.07237154	0.10775332	0.13021113	-0.14296945	-0.12748366	-0.22086903	-0.16646421	-0.13342095	-0.27665868	0.00762802	0.19681480	-0.10928781	0.00277629	-0.12060181	-0.17275418	-0.18455210	-0.15737740	-0.12073892	0.08464158	-0.05576886	-0.12766230	-0.14269227	-0.03289933	-0.08343398	0.05487753	-0.19448924	-0.20537673	-0.07170406	0.02129335	0.02770510	0.03341973	-0.02547453	0.30349534	0.08556301	0.03365394	0.04391606	0.07487318	0.07681361	0.13721950	0.10291574	-0.05631093	-0.09955873	0.12692532	0.02253318	0.09737428	0.05021586	-0.13065957	-0.06842873	-0.08831245	-0.05611733	0.27194351	0.03176567	0.15451673	0.00998831	-0.10975624	0.10048154	0.14246807	0.09591039	-0.02975251	0.20892548	-0.02290519	-0.28370943	-0.10900434	0.02697209	0.08165883	0.08364350	0.19607772	0.16879547	0.16364861	-0.01813754	0.29948405	0.14551152	0.17726897	0.12131339	0.41119727	0.31876284	-0.00346620	0.25905959	0.31582179	0.25067331	0.31940855	0.18506589	0.35586893	0.32283107	0.42248039	0.42808130	0.42203199	0.25802507	0.44640352	0.44496413	0.35855353	0.40720890	0.37439629	0.08311068	0.20483725	0.17150946	0.31216905	0.20309916	0.19574451	0.14852198	0.15698547	0.19164101	0.04655734	0.31464044	0.22380791	-0.00877191	0.22163983	0.04704629	0.31493827	0.26726763	0.12795232	0.02061251	0.15256602	0.16391000	0.00774791	0.15313545	0.22521425	0.00546449	0.28570540	0.06255874	0.26682696	-0.03119105	0.11744139	0.11905475	0.12218252	0.09812084	0.03913540	-0.01846872	0.13056524	-0.03446156	0.03957142	0.05454373	0.10949209	-0.02515414	-0.02297457	-0.11811177	-0.08399571	-0.05163143	0.08843991	0.19686243	-0.07489411	0.08747197	0.09150678	-0.14278217	0.06448899	0.00335530	0.15014512	-0.11461866	0.00671299	0.06438224	-0.05672157	-0.06835481	-0.07780836	-0.15091966	0.22237439	0.13516694	-0.03272920	0.02017561	0.13544462	0.14271215	0.21389913	0.13185834	0.20966703	0.27483176	0.26477208	0.28360471	0.14942893	0.21361646	0.10935967	0.17203953	0.05375600	0.06141274	-0.01129354	0.18258347	0.07584375	0.14677588	0.17686403	0.14213182	0.14202149	0.14119504	0.18264788	0.03115865	0.05851843	-0.00095908	-0.01032580	0.14341666
17Networks_LH_DefaultA_pCunPCC_4	0.03624835	0.07296078	0.00114935	0.05324987	-0.15331964	-0.01030451	0.03000456	-0.07997707	0.07094758	-0.05530674	0.07455962	0.13519721	0.09648793	0.03203675	0.12614536	0.02497346	0.06960571	0.19217775	0.10376889	0.10732116	0.16131820	0.23842280	0.08798513	0.10100046	0.00403453	-0.16528404	-0.09957297	0.06698419	0.02609030	0.16613792	0.12297991	0.01329139	-0.09065101	0.02802577	0.14249573	-0.10571226	-0.05070565	0.05200107	0.05326523	-0.08782674	0.13662615	0.09237523	-0.00264254	-0.02085205	-0.08985787	-0.00524938	-0.02199394	0.01013321	0.10567453	-0.06761036	-0.10676196	-0.06202242	0.00813053	-0.06235426	-0.15791742	-0.14034857	-0.14051183	-0.07284930	-0.07725335	0.27602165	0.19031217	-0.00801677	-0.08142371	-0.17716794	0.07681694	-0.04070563	-0.04875942	-0.07609966	0.02117783	0.10004530	-0.08262244	-0.06452882	-0.02434073	-0.00756295	-0.00922282	-0.06920498	-0.01851089	-0.01393402	-0.00040355	0.00160755	-0.00861519	-0.13831864	0.04380038	-0.08792535	-0.03843530	-0.12047022	0.07067388	-0.05794840	0.04374216	-0.13582607	0.03930266	-0.15877745	-0.09414116	-0.04636126	0.06522463	0.09221730	0.09508152	-0.04515391	0.10725374	-0.00094170	0.14822923	0.09380859	0.05124430	0.03073279	0.18493063	0.00371127	0.16974715	0.32881206	0.17619386	0.25447026	0.09346940	0.07061053	0.04328578	-0.11860448	-0.01067012	-0.04380210	-0.14210983	-0.02239510	0.08018348	0.15617471	-0.13060633	0.05477834	0.17185601	0.14099977	0.06749373	-0.01955009	0.18109879	0.10819474	0.09838678	-0.00230017	0.10358461	0.12707074	0.13533380	0.12094408	0.15818449	0.26976349	0.30550954	0.04251898	0.10226474	0.21843087	0.11087122	0.15060953	0.12093442	0.30376350	0.33776360	0.03631573	0.26503083	0.29498138	0.26087379	0.34980143	0.29230310	0.19754365	0.26956807	0.27333028	0.13207085	0.45651031	1.01225979	0.18964432	0.10300260	0.30298571	0.26406750	0.28289114	0.12418475	0.20069789	0.37927137	0.32388385	0.10730689	0.10685668	0.06613234	0.07378970	0.25273441	0.25199048	0.04433760	0.21424047	0.00931317	-0.01133532	0.03981559	0.09901579	0.15389031	0.06230468	0.08805464	0.03959923	0.18231139	0.22278815	0.13321207	0.10451723	0.05468705	0.12534729	0.18698056	0.21751491	0.16180082	0.16937339	0.26871737	0.17104948	0.23659608	0.06747671	0.18733254	0.12537027	-0.09111764	0.13024428	-0.05442288	0.06194509	0.02779664	0.04059386	-0.08930913	-0.03201488	0.09144615	-0.11966684	0.01571073	-0.12452474	0.05131784	0.00894035	0.13035950	0.07465617	0.07889050	0.20624706	0.18068450	0.19400634	0.10290882	0.12706794	0.15609325	0.16825993	0.12267961	-0.03970105	-0.09674341	-0.09740497	0.07329526	-0.00945919	0.05177730	-0.01219289	0.04551707	-0.05063177	0.04171444	0.05598821	-0.10578489	0.01747265	0.11652863	0.04112044	0.06246548	0.02732706	-0.00676592	-0.05900506	0.00788926	0.08333049	0.00366217	0.02793653	-0.13978865	-0.01095947	-0.08609672	-0.05714293	-0.06138931	0.03246621	-0.13419723	-0.07077549	-0.11487680	0.08162213	-0.15409938	-0.15934457	0.11459875	0.13884796	-0.00147655	0.03263692	0.15831734	0.09915572	0.02297866	0.09251456	0.02029596	-0.06868184	-0.05484073	0.01459841	-0.08030064	-0.12591436	-0.08871201	-0.11561442	-0.03830805	-0.00941612	-0.15146142	0.04196603	-0.05982188	0.06462811	0.03724116	-0.01845715	-0.06043237	-0.07412751	-0.08968751	-0.14201088	-0.12720029	0.17101991	0.11540562	0.01291011	0.00074159	-0.06862573	-0.17231090	-0.10980386	0.04989810	-0.09996975	0.02497354	0.05106670	0.05294133	0.00277412	0.00642517	0.01049588	-0.05876082	0.01228014	0.02735979	0.02800484	0.15669867	0.01921076	0.11797986	0.03405634	0.21754247	0.20413886	0.09317249	0.14697536	0.06167366	0.08090758	0.06201445	0.07449043	0.00869177	-0.08697251	0.05245820	-0.07177128	0.12169836	-0.00514337	-0.00036124	0.11061209	0.11684530	0.02193443	0.23608303	0.14950756	0.18053964	0.05400500	0.01626674	0.10383641	0.17884939	0.13001815	0.17122811	0.18913546	0.21829070	0.02609238	0.12997885	0.10120314	0.15788065	0.21712174	0.24180637	0.21345607	0.12110795	0.11063499	0.29536076	0.21137026	0.22175891	0.31245311	0.25173002	0.27539966	0.03145404	0.19642795	0.47491468	0.16805868	0.28899914	0.35712193	0.10876741	0.14739857	0.19447630	0.14716710	0.52200539	0.26285355	0.36202684	0.35453420	0.24861817	0.36669200	0.16748259	0.00947408	0.15121617	0.23773142	0.29454004	0.11212495	0.11168624	0.26650076	0.06773933	0.19581689	0.05646834	0.16690290	0.19099379	0.02905300	0.14929568	0.10669834	0.13509873	0.17170049	0.11768622	0.09915669	0.13992237	0.15857393	0.00293189	0.09415744	0.20139549	0.18474155	0.24690903	0.08757631	0.23660794	0.05233475	-0.05918176	0.10218897	0.12944764	-0.03860878	0.06556708	0.03378854	0.06080794	0.02261143	0.05021968	0.06552427	-0.02579047	-0.00147435	-0.03449903	-0.16439594	0.00790686	-0.01799843	0.04785135	0.26280164	-0.02508572	0.12749524	0.20059562	-0.04162420	0.09843873	0.00936811	0.16929273	0.00551571	-0.06005128	0.05317996	0.02677785	0.03443717	0.00319458	0.01385060	0.17998995	0.07213211	0.02509618	-0.00092200	0.16924893	0.04931875	0.08264018	0.02970378	0.18124989	0.18253085	0.18166577	0.19769710	0.14234300	0.12659254	-0.00085081	0.09397838	0.06497168	-0.01907862	-0.07247819	0.14129469	0.06959431	0.09346844	0.05607101	0.13626004	0.05827649	0.06327711	0.08000281	-0.11426178	-0.06348533	-0.09336563	-0.16427167	0.03611995
17Networks_LH_DefaultA_pCunPCC_5	0.14980203	0.14854147	0.09366012	0.15131944	0.02444780	-0.05672376	0.14477674	0.10537319	0.04656047	0.06508765	0.11329569	0.08134128	0.21807850	0.16960993	0.17159377	0.13489578	0.21445993	0.11766028	0.18436559	0.19346471	0.16430905	0.23093911	0.08582803	0.22476960	0.32679321	0.15861265	0.13480705	0.30653129	0.19572389	0.20442264	0.18101244	0.12938513	0.22899122	0.26663931	0.25394713	0.20549727	0.13888017	0.22519726	0.31067914	0.18494077	0.24763776	0.37760716	0.16963450	0.25032818	0.10452037	0.03073461	0.17488016	0.19354371	0.16789181	0.15094207	0.14180511	0.14041047	0.10023373	-0.01109298	0.00796767	-0.10077939	0.01764190	0.11362200	0.06799967	0.31617044	0.31882652	0.12412380	0.10611016	0.08029424	0.17285119	-0.05114830	0.13888312	0.09547592	0.16066146	0.17469640	0.12589814	0.14213354	-0.05379902	0.00075033	-0.06640736	0.05723166	0.16597087	0.24707827	0.28981698	0.25517470	0.18749662	0.17950526	0.12175989	0.18931957	0.10163707	0.20380988	0.31734374	-0.00572871	0.11512226	-0.01768786	0.01430933	0.11552308	0.26849255	0.04221492	0.24365589	0.21274585	0.29159112	0.32275935	0.29117146	0.28973757	-0.04396620	0.22277011	-0.01252511	0.01249046	0.10141093	-0.09061793	0.08576508	0.28683590	-0.06750601	0.42559833	-0.01298889	-0.02076980	0.14439403	-0.09936424	0.05171612	-0.21534897	-0.18060508	0.03188522	-0.09438999	0.11648502	0.04844892	0.20165234	-0.11857223	0.08023677	-0.06818912	-0.02426568	0.15121674	0.07989000	-0.12637432	-0.06225243	0.12454796	-0.01127977	0.24548859	0.15996119	0.07586044	0.13428192	0.04519612	-0.05048305	0.24493941	0.03332909	0.09827570	0.14872597	0.33406780	0.17845037	0.19709542	0.11817044	0.12189507	0.12502672	0.14958213	0.06208867	0.21971731	0.15297645	0.11476013	0.17896042	0.21656687	0.28059936	0.18964432	1.04189326	0.28218075	0.19162465	0.29769150	0.23162491	0.22833367	0.24873894	0.14291970	0.14564987	0.17352312	-0.02944368	-0.05063181	0.20761230	0.11421119	0.21765122	0.25643176	0.25786766	0.35401947	0.30778153	0.28729111	0.31949704	0.14655928	0.33458343	0.20307618	0.30188145	0.40327581	0.05887177	0.26462302	0.35369090	0.30376705	0.17744565	0.15671620	0.13083608	0.09310254	0.15215069	0.10464967	0.05671038	0.32897177	0.20311873	0.29205235	0.11790107	0.06470326	0.14319431	0.25897054	0.11896928	0.13150882	0.14910278	0.01648364	0.16798504	0.07376415	0.07975827	-0.00006717	0.18569336	-0.00713487	0.13219130	0.17014990	0.03545196	0.28914573	0.21587032	0.12659303	0.25041189	0.14440991	0.22322400	0.13493822	0.16599304	0.13742852	0.13438546	0.11218953	0.24189280	0.24650224	0.20768227	0.22867767	0.21764016	0.28424395	0.22291482	0.15509802	0.26636681	0.20661087	0.06162321	0.31211890	0.25719027	0.24106345	0.19106403	0.24126193	0.23596909	0.17840969	0.33682255	0.31453586	0.33035552	0.11469696	0.35079366	0.13589675	0.12714630	0.25534996	0.14066631	0.03582563	0.15203581	0.22519757	0.02965109	0.08921033	0.12178014	0.31806168	0.38735024	0.19034457	0.25627315	0.16543765	0.17178182	0.16028502	0.31424363	0.10051393	0.07889065	0.13730354	0.19130799	0.12828460	0.13938722	0.05115081	0.00642456	0.01776774	0.11842216	0.13137247	0.20584838	0.17722334	0.25192034	0.13893039	0.08775157	0.08860632	0.10213168	0.04009360	0.08618368	-0.02385593	0.06287305	0.24394887	0.12178120	0.18372927	0.06951236	0.07949918	0.21723154	-0.16149537	0.35462090	0.16339606	0.15143131	-0.02833634	0.13213944	0.30121960	0.24705122	0.28894053	-0.12455412	-0.05860499	-0.11934185	0.00057244	0.11854857	0.16359465	0.00884460	0.18984302	0.31035726	-0.02250613	0.17002746	-0.17287971	-0.01197145	-0.01074172	-0.05532795	-0.02495847	-0.08042355	0.01865035	-0.07784307	-0.12386135	-0.08037349	0.13263909	-0.11363342	-0.07485349	0.12596454	0.08676984	-0.00564496	0.07676144	-0.14241328	-0.01925862	0.13446168	0.29093444	-0.04578477	0.19875609	0.05434814	-0.16858069	-0.20134476	-0.11679582	0.01931345	-0.11769666	-0.03712273	0.10869208	0.07690365	0.15844802	0.00421036	0.04451278	-0.08573680	-0.01705667	0.01908446	0.20333600	0.01243211	0.00815086	0.15252768	0.24420185	0.04537521	0.02785789	-0.00931027	0.33338771	0.23736800	0.24571637	0.30641714	0.06492576	0.38284321	0.04358515	0.14638808	0.11765212	0.22342975	0.21527850	0.14420070	0.07484140	0.26747147	0.17036789	0.14894879	0.13329102	0.14618565	0.15134330	0.24971463	0.09056037	0.38533285	0.25569212	0.18328833	0.07701773	0.03142490	0.04902090	0.04324641	0.14856120	0.06977292	0.17535541	0.09379398	0.07936797	0.30475077	0.14031375	0.04550229	0.13871910	0.11299167	0.19188867	0.07186825	-0.14698032	0.01997118	0.12467217	-0.00980533	0.17665922	-0.07909213	0.25508130	0.20006989	0.18218508	0.06768244	0.13247738	-0.03264208	0.15341472	0.04435249	0.18273171	0.12933390	-0.08418315	0.01671424	-0.11962038	0.25983789	0.14628827	-0.10683563	0.10649564	0.14307672	0.34026055	0.07421703	0.12628692	0.04973939	0.13710124	0.22549095	0.18973817	0.19782362	0.29136884	0.08904932	0.17657707	0.09678861	0.05919285	0.19019181	0.17572502	0.02695276	0.11973185	0.13747827	0.13191704	0.13423351	0.26261529	0.17926269	0.03963450	0.09058861	0.17936522	0.18076211	0.15701303	0.14501360	0.09635658	0.16096980	0.15692271	0.08939021	0.18831401	0.23878003	0.26198109	0.08431481	0.18529551	0.14840509	0.08485014	0.12467422
17Networks_LH_DefaultA_pCunPCC_6	0.35281409	0.31855690	0.29634282	0.36878819	0.13702138	0.12921304	0.33609526	0.15537003	0.32071631	0.18754146	0.29706103	0.15693543	0.17786806	0.15850779	0.35536052	0.00340365	-0.11832646	0.36992041	-0.05933080	-0.00496780	0.16256456	0.15026325	0.10442271	0.04724499	-0.01188553	0.04486528	0.14314864	-0.05978427	0.16157204	-0.04361304	-0.01344781	-0.07892758	-0.01902053	0.04814896	0.11487634	0.18073967	-0.01158717	0.42991456	0.33116782	0.03278635	0.14927846	0.21036192	0.10162311	0.18393133	0.15531188	0.02231017	-0.00708623	0.03186672	0.23586450	0.24517563	-0.02229667	0.02241106	-0.11715051	-0.25305759	-0.03809888	-0.11670686	0.11474928	-0.09756681	0.24990483	0.45276180	0.28385231	0.36349789	0.21913775	0.01997677	0.21813892	0.10452253	-0.02445418	0.00294150	0.12849623	-0.02464653	-0.06228713	0.02574881	-0.30514087	0.02146876	-0.19643647	-0.09021795	-0.03134592	0.00904711	0.15037620	0.02896175	0.25952355	0.19664708	0.10534657	0.04576336	0.10213680	0.07583506	0.35804175	-0.37474624	-0.26635282	-0.03014139	-0.12787951	-0.13228579	-0.04869430	0.07580631	-0.11462968	-0.17105966	0.11126624	-0.11333559	0.30619144	0.36473723	-0.32009480	0.05752955	-0.24432831	-0.07392445	0.24671019	-0.15775309	-0.11786956	0.26858494	-0.11907319	0.27969881	-0.04504543	0.12347452	0.51399639	0.00671165	-0.04075348	-0.05163310	-0.05186100	0.15741086	-0.07340726	0.06596266	0.01075134	0.11620853	-0.31457146	0.02749039	-0.03615548	-0.20909817	0.33386805	0.01862011	-0.28399367	-0.02965380	0.35575385	0.13782407	-0.17212440	0.24226836	0.08334476	0.24786586	-0.02505486	-0.10315194	0.54474234	0.20355707	0.40676463	0.18527428	0.53825070	0.00861443	0.19482156	0.32542748	-0.12211093	0.04619345	0.61969893	0.23597593	0.37873783	0.46798538	0.53796822	0.51575102	0.67636533	0.39075566	0.10300260	0.28218075	1.03548499	0.42588851	0.56686684	0.24686100	0.55143559	0.43620884	0.23516509	0.17256846	0.25506000	0.24487679	0.22619414	0.48087365	0.26223575	0.45698231	0.54815367	0.57267387	0.62110523	0.58188662	0.44377653	0.52260109	0.32694070	0.40212928	0.47370085	0.52975836	0.41325509	0.19008605	0.53013436	0.44261550	0.40002905	-0.03160000	0.21335190	0.27847260	0.09433990	0.12825120	0.32316281	-0.07290113	0.31297526	0.25154606	0.37402030	0.01774841	0.23328042	0.41525157	0.33280830	0.24915234	0.29317540	0.46034257	0.40614515	0.24832652	0.48946688	0.07705312	0.20173612	0.20965996	0.19697489	0.32229375	0.20587366	-0.03775363	0.25648451	0.25725936	0.03854438	0.17331735	0.19380186	0.11351238	0.16371876	-0.07467095	0.11473231	0.07442603	0.03088195	-0.04216011	0.01666659	-0.12864218	0.16110794	-0.02457167	0.13858168	0.06741824	0.07485525	0.03307074	-0.00343742	0.25173150	0.10143625	0.18354068	0.34272263	0.08000773	0.29812660	0.17649339	0.25313552	0.00215538	-0.00491600	0.09100900	0.00484369	0.11390590	-0.04031555	-0.09358276	0.01972523	0.02391918	-0.02494172	-0.05103143	0.03550020	-0.15153474	-0.01839585	-0.02684984	0.13963791	0.31905147	0.32272790	0.21478848	0.49888810	0.21315222	0.12653931	0.13578605	-0.01125686	0.15959480	0.06125585	-0.05359841	-0.02344098	-0.06864587	-0.08538107	0.16503564	-0.16738109	-0.14463927	-0.03018568	0.00730699	-0.00054610	0.19657175	0.36728032	-0.04101438	-0.07801393	-0.11115296	-0.15132422	-0.10856964	-0.34390356	-0.03658023	0.16063696	-0.25240434	0.04282831	-0.15474940	-0.16191115	-0.14000063	-0.19546186	-0.10899279	0.06542423	-0.18723788	-0.19829831	-0.18748035	-0.06335330	0.10331006	0.27635330	-0.26159401	-0.31415393	-0.16312916	0.01366683	0.02020080	0.09291929	-0.16748802	0.21412275	0.03409864	-0.03833924	0.04539756	0.00588876	-0.06522853	0.04439157	0.31804737	0.03400789	0.04075651	-0.00003560	0.15075048	-0.00050247	0.04330859	0.02982000	-0.33617202	-0.18217507	-0.01643804	0.44251766	0.10474829	0.19678914	0.08891321	-0.09534320	0.24257920	0.00396279	0.22175868	0.13279021	0.24443176	0.00241984	-0.40957870	-0.20162904	-0.00336548	0.10152367	0.14906225	0.45034475	0.14483377	0.13105915	-0.12654711	0.26746082	0.08250971	-0.08253555	-0.08165637	0.65704791	0.26326300	0.09658799	0.18603018	-0.05511264	0.40989727	0.41167546	0.14748380	0.56630691	0.58311399	0.55179310	0.68249952	0.00945325	0.12618366	0.31665868	0.35705368	0.36237401	0.21974729	0.55617219	0.43520060	0.10427137	0.24091702	0.35120726	0.19284034	0.44436686	0.24607868	0.41558722	0.30489633	0.18715925	0.34375727	0.30230736	0.02560546	0.20996581	0.01177467	0.21422999	0.09227486	0.01943811	0.02036465	0.06357226	0.21276010	0.09971032	0.29551734	0.30033841	-0.09430663	0.26051398	0.10596984	0.39164285	0.04449968	0.16802603	0.11666979	0.19551537	0.00901272	0.14681759	-0.02423434	0.17291384	-0.08310074	0.11617864	-0.05579022	0.15646870	0.08035601	0.00600127	-0.03413777	0.04546356	0.12853149	0.07090982	-0.00253421	0.12908999	0.15927101	0.15172914	-0.08316558	0.14268971	0.06784334	0.10936882	-0.16184647	0.08329345	0.10048690	-0.00387207	0.00598172	0.12709724	0.07019566	0.42527152	0.22452466	0.13180196	0.31000309	-0.00220987	0.28704074	0.24642913	0.20220803	0.32765985	0.32553141	0.35393351	0.28583800	0.40190348	0.47975421	0.39337330	0.41970585	0.16933143	0.22162251	0.14881211	0.19797329	0.07619602	0.21212673	0.16986399	0.11837831	0.26351503	0.32749691	0.47179751	0.42746702	0.39467007	0.40794945	0.39278402	0.40892142
17Networks_LH_DefaultA_pCunPCC_7	0.14008395	0.07712359	0.12476792	0.11868412	-0.04763142	0.04839846	0.06280319	-0.02755993	0.16241332	0.05630966	0.07886655	0.06473009	0.06559943	0.04503217	0.12445775	-0.02915513	-0.08293208	0.20464577	0.00868051	0.03932042	0.15578920	0.23311084	-0.01446456	-0.07057006	-0.05929084	-0.04755841	0.06381810	-0.06315053	0.08881288	-0.02101548	-0.01066962	-0.03388834	-0.06716143	-0.01036844	0.01780308	0.09354680	0.03650270	0.22652517	0.10701285	-0.06070635	0.09375330	0.08932841	0.03839373	0.10756680	0.03495379	0.02253028	-0.04342598	-0.04350909	0.19245936	-0.01346921	-0.10319154	0.04170195	-0.02602581	-0.16815675	-0.10407674	-0.05531746	-0.03892681	-0.00492758	0.10527825	0.31530672	0.18694391	0.19638667	0.03470769	-0.00868959	0.15195460	0.11095617	-0.01225350	0.04838459	0.08758237	-0.03374202	-0.01745783	-0.01342721	-0.18958431	-0.01378128	-0.11506133	-0.11063170	-0.05108302	0.01979601	0.00051140	-0.02177454	0.08555647	0.09568853	0.16935341	-0.04039108	-0.00538869	-0.02232655	0.39465925	-0.15524569	-0.16027459	-0.12420191	-0.12774510	-0.25187145	-0.14687011	0.01491334	-0.04198580	-0.02389459	0.19559563	-0.14380983	0.23106620	0.12853618	-0.13390058	0.06694173	-0.03855777	0.00509888	0.31404494	-0.16069158	-0.10637769	0.30538355	0.10900858	0.31955161	0.09564872	0.12463347	0.23534872	-0.06422666	-0.00630220	-0.03032613	-0.16013499	0.01111876	0.08653495	0.17299862	-0.03992337	0.09190274	-0.09437563	0.10878874	0.00050154	0.01506159	0.16434923	0.08182320	-0.11182529	-0.03883894	0.31189738	0.17613769	-0.01180183	0.16280544	0.12837688	0.18635200	0.14507512	-0.02275648	0.23580835	0.21973113	0.25681226	0.09453464	0.28425104	0.15479841	0.18889100	0.28336352	0.11407615	0.19741595	0.48723343	0.33807859	0.49448971	0.19551631	0.50651382	0.50901561	0.50228649	0.50846348	0.30298571	0.19162465	0.42588851	0.87911782	0.48451130	0.42807921	0.47826594	0.43811189	0.13482596	0.38187681	0.26394430	0.22630340	0.11398223	0.41267185	0.28684041	0.38350531	0.35946780	0.29617137	0.34238655	0.18369899	0.15403711	0.17924501	0.07606910	0.08045492	0.15274791	0.22603851	0.33309143	0.25770435	0.36416546	0.28137738	0.20527933	0.22874388	0.40186221	0.53151251	0.41066820	0.15611673	0.22865922	-0.04241317	0.30727168	0.14899335	0.37021838	0.10016635	0.10043844	0.41090397	0.10280411	0.10949284	0.09892024	0.19085074	0.12591108	0.01557678	0.17991499	-0.10164896	0.01923410	0.01712978	0.14350590	0.10869663	0.05919087	0.00730868	0.12388302	0.11470522	0.01397519	0.17349127	0.11837670	0.00041155	0.14230554	0.00524223	0.05235710	0.03590041	-0.08267794	-0.10925447	-0.00710638	-0.14255487	0.08699572	-0.03284458	0.04048191	-0.02355544	0.01588262	-0.01750403	-0.04694959	0.08683896	0.19864894	0.06509413	0.14503610	-0.05312410	0.05835230	-0.04194692	0.05394392	0.03265527	-0.07468171	-0.11057850	-0.12383489	0.00358799	-0.12097657	-0.15843204	-0.04279147	-0.05631980	-0.12204674	-0.08660471	-0.08664185	-0.16092592	-0.12856442	-0.07933040	0.17208551	0.15631287	0.11908925	0.04761875	0.29937512	0.06946151	0.11034373	0.04393536	0.02325792	0.08862453	0.09243284	-0.06438716	-0.03130992	-0.12282090	-0.10852409	-0.04250817	-0.17874790	-0.07703009	-0.13825653	-0.01721363	-0.01472625	0.10977983	0.15290274	-0.03587482	-0.06584075	-0.17334590	-0.17850304	-0.18349041	-0.30393587	0.03349584	0.15325248	-0.20657947	-0.07502916	-0.28164011	-0.26571317	-0.16543326	-0.14577915	-0.19388259	0.00095921	-0.03812503	-0.20232068	-0.19324301	0.00930752	-0.08991646	0.01184448	-0.12982004	-0.21420648	-0.08158463	-0.03032064	0.00284112	0.04314449	-0.06357317	0.25578369	-0.00273361	-0.01324595	0.05067116	0.15349566	-0.02860135	0.15351261	0.16674273	-0.01447708	-0.02891791	0.08296834	0.10505694	0.07091417	0.14740995	-0.01042348	-0.13256652	-0.02670355	-0.08453931	0.27163031	0.08286782	0.19190372	0.05106553	-0.11803997	0.17970893	0.07727229	0.11096551	0.06931045	0.19956531	0.04726533	-0.21370310	-0.10092596	0.01419322	0.01408183	0.12048397	0.20321654	0.24800828	0.12252817	-0.02112743	0.19824271	0.14769925	0.13317693	0.06320241	0.40743430	0.38068775	0.13098691	0.27506048	0.23138365	0.29330914	0.28312580	0.18918783	0.41186436	0.32709545	0.53827997	0.46826803	0.30976236	0.20524526	0.34481764	0.42949822	0.39009658	0.33474411	0.47367800	0.11700928	0.18900054	0.26122263	0.31800382	0.20478725	0.18105726	0.13791845	0.18365902	0.16438827	0.00009151	0.28026453	0.22845549	-0.06271813	0.25691944	0.09266128	0.36713991	0.36574393	0.07992449	0.21604060	0.10523724	0.18412669	-0.09540407	0.14236520	0.18795647	0.03231516	0.32023908	0.06725982	0.32660715	-0.00826047	0.15094345	0.12047965	0.14138174	0.00438662	0.13395153	0.01128652	0.18313345	-0.11499588	0.10213629	0.02330136	-0.06529707	-0.02504599	0.02252981	-0.09477495	0.01438626	0.08160690	0.11411008	0.18061859	0.00387578	0.15869411	0.04738865	-0.02912262	0.08113386	0.01947698	0.16802792	-0.11308003	0.00540807	-0.03490956	0.01544769	-0.05606737	0.02194929	-0.03796381	0.23310102	0.10723161	0.03191093	0.02681489	0.14764541	0.10075378	0.12887497	0.13765371	0.21048265	0.23714291	0.23882511	0.20763903	0.17386807	0.19079286	0.13509213	0.23485773	0.08726162	0.09268339	0.00544252	0.09616922	0.09357848	0.06967390	0.08358661	0.11197952	0.17303806	0.12842364	0.19844966	0.05189482	0.16577679	0.12208679	0.06208981	0.15212132
17Networks_LH_DefaultA_PFCm_1	0.38341413	0.31037514	0.26554526	0.32075727	0.06554257	0.04645702	0.23105695	0.06154585	0.27560099	0.11307566	0.29521686	0.19128565	0.15214348	0.18694502	0.32994060	-0.01559331	-0.04771877	0.37782281	0.05219510	0.05660508	0.23838533	0.21002011	0.09663688	0.07146829	-0.00949129	0.09297131	0.08689193	0.03085293	0.12793374	0.03695617	-0.00963091	0.04283866	-0.00226865	0.06205084	0.12327885	0.14854161	-0.04369860	0.36702284	0.31302539	0.05358663	0.04506298	0.16611565	0.04565480	0.21989666	0.12456230	-0.05040960	0.07457315	0.00355460	0.22227622	0.05413882	0.02540680	0.12210180	-0.10584646	-0.18913175	-0.04355396	-0.21339927	0.13119550	0.00241266	0.21108299	0.46875487	0.27397650	0.33881527	0.11048713	0.00247288	0.25691777	0.07619208	0.02112343	0.08144905	0.11054865	0.02224036	0.00875667	0.06798242	-0.26242366	-0.07363459	-0.20832570	-0.09087984	0.01579758	0.02754380	0.11513461	0.01295307	0.20070160	0.15254111	0.11170704	0.02753747	0.03601502	-0.00734149	0.33046317	-0.33041448	-0.18122458	-0.09622095	-0.13868085	-0.20370011	-0.06237582	0.01370654	-0.10835412	-0.10413187	0.20915853	-0.08524085	0.31162352	0.31723877	-0.15980445	0.12611783	-0.14855256	0.00212131	0.33173933	-0.16998359	0.08500303	0.41690364	0.03791169	0.43262712	0.06811304	0.20700669	0.44791534	-0.14683269	-0.16327051	-0.12436056	-0.23197817	0.05285383	-0.03128985	0.19752307	-0.05823037	0.14731923	-0.20295128	0.13076648	-0.03962896	-0.08989256	0.28804861	0.08235030	-0.11481389	-0.02805182	0.31898914	0.23224068	-0.04883891	0.34893478	0.18757259	0.35235504	0.10166648	-0.03023434	0.46298689	0.29062309	0.40931062	0.24853614	0.49832679	0.12916224	0.18555570	0.21255227	-0.00038305	0.15908982	0.60674981	0.31211580	0.41244764	0.47156684	0.61085896	0.58076555	0.58784196	0.51544065	0.26406750	0.29769150	0.56686684	0.48451130	0.98683460	0.55920737	0.64441670	0.54207878	0.33491865	0.35597734	0.32835383	0.30874735	0.17879414	0.49630519	0.28753519	0.46948336	0.46435348	0.47666594	0.62220017	0.51181571	0.39146009	0.49514204	0.37390582	0.40178383	0.34589171	0.37223340	0.47021244	0.33789857	0.51673193	0.40467547	0.33313678	0.08191442	0.38809809	0.44055635	0.21562257	0.16624438	0.33078956	-0.03607265	0.45984706	0.26862683	0.35476844	0.01868916	0.17580407	0.36686645	0.28937931	0.30221656	0.28820750	0.42922023	0.28713566	0.13603887	0.40045998	-0.05546956	0.18041694	0.07087333	0.25799607	0.27614849	0.20916987	-0.03224659	0.25634974	0.23568394	0.07403204	0.25891603	0.20539103	0.14421339	0.26701623	0.03834670	0.14113688	0.16006380	-0.03322270	-0.04005916	0.06515549	-0.09921876	0.13897734	0.01186252	0.12687610	0.07280827	0.08957835	0.07155321	0.03355159	0.21332056	0.12821500	0.13794534	0.27292993	0.05466102	0.20452496	0.15564534	0.22552515	0.03508685	-0.02425064	-0.01819749	-0.04172561	0.09650324	-0.09301361	-0.11661089	-0.02078785	0.05000530	-0.04735189	-0.10442240	0.02854507	-0.16672331	-0.04537293	-0.08256247	0.18170743	0.35639498	0.28796774	0.17517025	0.48429346	0.15171592	0.16967802	0.07466860	0.00216735	0.11896381	0.08693978	-0.09752296	-0.01735550	-0.07338066	-0.16172008	0.09080677	-0.20358666	-0.15251475	-0.09545413	0.05552538	-0.04962196	0.15046716	0.31355638	-0.01938437	-0.05566083	-0.07408913	-0.17948221	-0.17029680	-0.34669180	0.05929991	0.20897050	-0.23520429	-0.06379791	-0.27400490	-0.17344742	-0.15945093	-0.25737588	-0.10396590	0.05564831	-0.17197976	-0.16827791	-0.15996540	0.03521180	0.15197524	0.28140368	-0.24841442	-0.22525379	-0.06698842	0.10664064	0.12926743	0.12908657	-0.04664643	0.37354417	0.10351993	0.08494820	0.11362871	0.13236637	-0.03561430	0.16206004	0.31354572	-0.04624266	-0.05764698	0.02055469	0.05650209	0.00521076	0.02949215	-0.06166270	-0.25280542	-0.12048726	-0.02596506	0.41245525	0.16946809	0.26110906	0.14315155	-0.11708513	0.25959994	0.10585348	0.24366456	0.21365189	0.28953018	0.04656620	-0.34266633	-0.21040814	0.07182977	0.18974868	0.22311664	0.47744331	0.36968984	0.18943192	-0.01955671	0.39207875	0.15369435	-0.01253798	0.00954108	0.53786480	0.24227327	-0.04481732	0.23273745	0.11714484	0.34553522	0.47659061	0.23621024	0.58439861	0.56268786	0.57393893	0.58798923	0.27055977	0.27346028	0.41428891	0.62750254	0.56323888	0.46653065	0.65407645	0.41611626	0.25358075	0.30587703	0.40251160	0.23266052	0.48765563	0.37387783	0.44304714	0.37026517	0.22872919	0.37792388	0.35890401	0.03291759	0.29130403	0.03699346	0.28660553	0.21369148	0.10613295	0.03738801	0.13887442	0.24399883	0.02184109	0.28950743	0.31056209	-0.08865343	0.28927036	0.08828623	0.43333380	0.01608365	0.05142283	0.13555947	0.09833528	-0.05251858	0.09251993	-0.04927943	0.20150025	-0.06401731	0.16398715	0.06972164	0.04186425	0.00373724	0.10603937	-0.04342234	0.14573315	0.24104879	-0.06859499	0.18839245	-0.02772343	0.16271758	0.06508689	-0.06681591	0.14099299	0.09661805	0.17434438	-0.12031151	-0.02566847	0.15430870	0.08434154	0.01079790	0.14685908	0.12730644	0.36051090	0.22947703	0.15023892	0.11911089	0.00058449	0.25400735	0.20816568	0.08081609	0.37194251	0.31792750	0.38047958	0.32493623	0.39198294	0.43144081	0.34642851	0.35909273	0.20460365	0.19897803	0.05266223	0.06906121	0.02417066	0.17575651	0.19089434	0.09679885	0.19237083	0.40045340	0.40086106	0.36852830	0.30696955	0.33946223	0.28244992	0.33650527
17Networks_LH_DefaultA_PFCm_2	0.18861802	0.11559380	0.03295193	0.10837510	0.03109054	-0.03898298	0.04133828	-0.10259615	0.08163946	-0.06709307	0.09371370	0.03054092	0.07296683	0.10010327	0.14234677	0.03333782	-0.02458259	0.18230958	0.12701644	0.04888612	0.19272230	0.23367460	0.05445130	0.04337850	-0.07270813	0.01382807	0.00931895	0.01253950	0.07383849	0.03542513	-0.03628105	0.03144651	-0.00065848	0.00796671	0.12347655	0.04288377	0.05808625	0.19111945	0.15754168	-0.00864077	0.08313154	0.15547975	0.03077591	0.08625792	-0.01733519	-0.07673234	-0.04142492	-0.04512420	0.10809981	-0.12601757	-0.12613887	0.05086555	-0.11177991	-0.17078403	-0.16018939	-0.27398639	-0.03605002	0.08030334	-0.00666746	0.25852521	0.15776555	0.14703768	-0.07328932	-0.07080552	0.16444047	-0.02295123	-0.02161757	0.03377957	0.04987167	0.00717582	0.01304798	0.05005815	-0.20933260	-0.15933914	-0.20593119	-0.15994854	0.00234704	0.05545437	0.07769134	0.04143571	0.15754389	0.01528172	0.07430536	-0.01986530	-0.13849732	-0.03253422	0.19146686	-0.14426079	-0.13316473	-0.15745372	-0.15076437	-0.13999607	-0.10745820	-0.06278076	-0.03257149	-0.01533703	0.23352720	-0.10416274	0.09369358	0.13945854	-0.07089802	0.08312178	-0.01736534	0.05040202	0.30943698	-0.18306253	0.14386573	0.30543552	0.20609744	0.41944770	0.12414785	0.18241807	0.12293618	-0.20818324	-0.07057025	-0.10065269	-0.25398838	-0.12394021	0.00871141	0.24131339	-0.16188336	0.06916574	-0.09808995	0.05077835	-0.15581106	-0.05500153	0.05631908	0.05589533	-0.02457588	-0.11395680	0.17659656	0.08408335	0.04363749	0.12916846	0.08170052	0.17668568	0.05647772	-0.04891591	0.23277914	0.19354283	0.22827800	0.14102973	0.19357308	0.12846699	0.13606591	0.15277514	0.11180433	0.19516078	0.35207969	0.23280044	0.34028631	0.14752567	0.41549268	0.44895795	0.34901191	0.51645888	0.28289114	0.23162491	0.24686100	0.42807921	0.55920737	0.95078289	0.44366791	0.38607732	0.20874927	0.35472186	0.23461561	0.14756556	-0.00023093	0.35631712	0.18960749	0.26714421	0.21723237	0.17743095	0.31263856	0.15991326	0.13993302	0.18395387	0.13713381	0.11839508	0.06083356	0.06943197	0.40824251	0.36291051	0.28904388	0.25282581	0.16388068	0.10072745	0.37466490	0.48077659	0.34627243	0.20000163	0.15568970	-0.04006202	0.29633396	0.09471118	0.17731424	0.02459743	0.05274898	0.19016628	0.07305158	0.11179754	0.08417715	0.17730304	-0.01289057	-0.05593004	0.12107083	-0.22565309	-0.02752895	-0.12562987	0.16320402	0.07244683	0.06028311	-0.07253011	0.15584733	0.16468716	0.08356464	0.20859631	0.08243641	0.08270579	0.18435474	0.01151476	0.13144978	0.01348205	-0.09980076	-0.09867865	0.06568635	-0.07316378	0.08210738	0.00540639	0.14591145	0.04713778	0.06670531	-0.00160977	-0.01320236	0.08900052	0.16946975	0.16309256	0.20549851	0.00125975	0.02842080	-0.00262409	0.02686724	0.05085936	0.00457560	-0.05519809	-0.08299500	0.10419563	-0.08095630	-0.02439087	-0.05092271	0.02793295	0.02689702	-0.03816258	-0.01275888	-0.22144731	-0.17228563	-0.13149408	0.07955380	0.18149150	0.04379463	0.00657632	0.28793527	0.01954338	0.06072589	-0.02948729	0.01140777	0.02127696	0.03668604	-0.06742706	0.02740464	-0.10157705	-0.20892346	-0.13789841	-0.26272656	-0.17277405	-0.17174695	0.07368077	-0.04307626	0.13299804	0.20679503	-0.04152364	-0.08859632	-0.10928703	-0.12861292	-0.17057546	-0.34073845	-0.04056673	0.19096122	-0.16040363	-0.03872800	-0.18578920	-0.10756182	-0.12068439	-0.25356288	-0.09564689	0.08043956	-0.11028963	-0.15277043	-0.12289987	0.02982983	-0.02584252	0.08010695	-0.21676085	-0.19446191	-0.04071847	0.07445052	0.11355109	0.06429930	-0.05748161	0.29496392	0.08846203	0.04026257	0.08436831	0.10686792	0.01718709	0.18538138	0.07054919	-0.09826602	-0.09703806	0.07073846	-0.00251095	0.01507023	0.06415517	-0.11794846	-0.15085419	-0.14205715	-0.11439165	0.22581182	0.04425250	0.11339660	0.05686717	-0.18937718	0.14298640	0.15333746	0.07506630	0.06123566	0.18330405	-0.06040028	-0.27979650	-0.16710618	0.07022767	0.07421018	0.09778880	0.22924018	0.32351191	0.16991105	0.01910214	0.33556601	0.03828007	0.07713712	-0.02688887	0.31408146	0.25161410	-0.09714177	0.22877289	0.16794245	0.13833201	0.28236757	0.13174387	0.37734819	0.32592420	0.43820458	0.31991946	0.28589534	0.28576232	0.38641856	0.53262167	0.42799369	0.45779657	0.43529661	0.12323649	0.32707753	0.22673885	0.25532546	0.17082714	0.26006328	0.20711777	0.17010426	0.21646620	0.04754653	0.29510125	0.21839637	-0.04780926	0.26377060	0.02487269	0.29103074	0.32656482	0.18828537	0.10902029	0.10668607	0.22286313	0.03775289	0.10904056	0.20006642	-0.08577832	0.24735059	0.02783920	0.27383380	-0.06614590	-0.02596176	0.13331181	0.07967101	-0.00682575	0.01349332	-0.05545542	0.13526685	-0.07602125	0.06187426	0.10142529	0.02680556	-0.03252200	0.03857416	-0.00852516	0.01946066	0.07562222	-0.06778574	0.25587110	-0.08949284	0.11604829	0.06388235	-0.07069917	0.08725657	-0.00857395	0.12776839	-0.09503937	-0.07644697	0.06680560	0.00109893	-0.02606425	-0.02241341	0.02321926	0.18492690	0.05716404	0.03855854	-0.10214981	-0.02911220	0.07676408	0.05432213	0.00639320	0.21825413	0.12133512	0.19554342	0.20868049	0.20665331	0.18918986	0.12168727	0.10130686	0.10382926	0.05113765	-0.06882103	0.08104865	0.04859329	0.08061336	0.07475582	0.04249026	0.06491413	0.13183600	0.19571759	0.09513431	0.14007796	0.09846688	0.03932385	0.04908906
17Networks_LH_DefaultA_PFCm_3	0.26668030	0.32464245	0.24910282	0.30322552	0.12301362	0.00426901	0.17761549	0.10663745	0.15708973	0.13718576	0.23489495	0.16919711	0.17456637	0.19396951	0.30228638	0.03447520	-0.04431507	0.34274430	0.06733375	0.04732908	0.24930666	0.20826123	0.15789350	0.05115954	0.03072864	0.04828766	0.05289493	0.06526013	0.14840419	-0.06354406	0.00768297	0.03200027	0.05535427	0.07045782	0.15153730	0.21090932	0.03859352	0.37932015	0.30237529	0.07544572	0.11248328	0.19468404	0.11612673	0.23832941	0.19540137	0.00813101	-0.02048525	0.04559486	0.20561583	0.08647368	0.05970076	0.09169971	-0.05122038	-0.17006850	-0.04301789	-0.15943731	0.14846246	-0.02735530	0.17892423	0.33929354	0.27506172	0.31825329	0.12585801	0.05135479	0.27331856	0.07786707	0.05088885	0.12055283	0.16198926	0.06379633	0.04496193	0.10834193	-0.21925193	0.01184423	-0.11460578	-0.01353119	0.06351843	0.12129950	0.15895461	0.10449974	0.23256246	0.12428953	0.21340348	0.09509170	0.10113998	0.05315485	0.27475144	-0.33259390	-0.17421892	-0.06005161	-0.12076924	-0.20852286	-0.07236129	-0.02996941	-0.06101202	-0.05571951	0.21247091	-0.05305985	0.26337024	0.29262339	-0.16242477	0.14399886	-0.10159435	-0.07059424	0.22902674	-0.11198408	0.02282105	0.34995839	0.01879472	0.34369026	-0.01595911	0.16485529	0.34186715	-0.09833248	-0.09302639	-0.10955696	-0.11113552	0.03801431	-0.01417369	0.18059547	0.03461709	0.10822587	-0.22017906	0.07442706	-0.01163605	-0.03813380	0.26352022	-0.01490768	-0.15999098	-0.00435386	0.24997981	0.19553696	-0.02490974	0.23110276	0.13383926	0.21813579	0.00306095	0.01215596	0.40579555	0.16984722	0.32899717	0.21950296	0.39764263	0.07000676	0.13149607	0.28191981	0.00104783	0.10094203	0.49000949	0.24947944	0.46134910	0.36825698	0.51959274	0.53597795	0.56585880	0.40786388	0.12418475	0.22833367	0.55143559	0.47826594	0.64441670	0.44366791	0.90959795	0.54352076	0.19588656	0.32027926	0.23632832	0.26592458	0.15505898	0.42474989	0.19273733	0.31745563	0.47541574	0.37071935	0.58258171	0.46008532	0.38980604	0.42378943	0.24890487	0.27842393	0.26387282	0.29602530	0.35263964	0.25704837	0.36046423	0.28344846	0.21676403	0.13735693	0.35500855	0.42370729	0.24739788	0.17323683	0.29938170	-0.07108941	0.34487729	0.16227272	0.29666953	-0.05502488	0.17401513	0.30508034	0.30746036	0.25918739	0.27626676	0.35258666	0.26499136	0.08076250	0.30195322	-0.09445457	0.07965565	0.09644607	0.19006551	0.26061507	0.20003342	0.05179626	0.26714426	0.21798184	0.08283401	0.24656803	0.15970512	0.13975469	0.25609169	0.04669860	0.15575898	0.18923783	-0.03225833	-0.05189719	0.07852444	-0.07069199	0.18359553	0.03591677	0.12664940	0.09337730	0.11490483	0.08288244	0.12282328	0.20241905	0.13566162	0.14058143	0.24979958	0.08577002	0.20752979	0.17753621	0.17401677	0.07525192	0.03265920	-0.04118206	-0.01526959	0.14417464	-0.01926313	-0.10205516	0.06593952	0.05230061	-0.03416704	0.01279848	0.07595718	-0.12875349	0.02019601	0.02363363	0.19733668	0.31048474	0.28416520	0.18804594	0.44467202	0.15458730	0.20684337	0.06198684	0.02479621	0.16513640	0.15117652	-0.01359990	0.07278945	0.00175735	-0.05383049	0.08935395	-0.10068985	-0.06778044	-0.00616954	0.09583296	0.06826183	0.22982735	0.32620471	0.03149516	0.02828841	-0.03583277	-0.15816338	-0.09492439	-0.31698509	0.03454075	0.20261275	-0.26617025	-0.02352937	-0.20397830	-0.18412855	-0.14523617	-0.23989072	-0.08754836	0.13354885	-0.11439389	-0.12209629	-0.11508378	0.04288916	0.07819681	0.17666031	-0.23900882	-0.21870460	-0.05903188	0.04690061	0.12918485	0.06502978	-0.08634519	0.33123645	0.05492646	-0.04284466	0.05245265	0.05810697	-0.03172203	0.16139601	0.27957211	-0.02517811	0.03194465	-0.01797956	0.14897570	0.00571405	0.13742777	-0.04409113	-0.27918666	-0.08835633	0.05109946	0.39055319	0.06821422	0.15496900	0.07976130	-0.13842007	0.16601453	0.06380529	0.21092493	0.14647424	0.19887773	-0.04479454	-0.31265865	-0.18317709	0.13801648	0.10472732	0.07815777	0.36138584	0.27254104	0.15233372	-0.03710097	0.28879782	0.09060612	0.02869312	-0.04644727	0.50798465	0.27363028	0.04551531	0.18217321	0.05838574	0.34990594	0.34051055	0.13497359	0.58264330	0.51161877	0.56084727	0.53211544	0.13088268	0.20601410	0.35371660	0.49113319	0.44514930	0.41792655	0.63526164	0.37695908	0.20689464	0.20268852	0.22839598	0.18418713	0.43187188	0.22440852	0.37089255	0.21480710	0.15555244	0.32062003	0.22186961	-0.07176464	0.30959760	0.11040501	0.32159099	0.26423732	0.09280733	0.16055032	0.10813839	0.23716936	-0.03895816	0.18892011	0.18646406	-0.15440355	0.22893850	0.10379398	0.32482382	-0.03571113	0.13032823	0.11324149	0.13401734	0.01732527	0.09340503	-0.03471574	0.17403726	-0.06398775	0.14068846	0.01386974	0.00519779	0.03570379	0.06954802	-0.02347592	0.08617578	0.19213911	0.04037577	0.10911047	0.01646600	0.10170465	0.06603117	-0.01191494	0.07988424	0.04694420	0.11673002	-0.15094264	-0.00100524	0.04380066	0.00343716	-0.05299104	0.09123957	0.01586182	0.33914938	0.21449776	0.11751567	0.12389967	0.09051044	0.24727161	0.20833179	0.17321747	0.30048307	0.29719178	0.32452941	0.27541324	0.32344555	0.37233373	0.29896731	0.35211971	0.14698039	0.19972585	0.08076729	0.11999405	0.08745654	0.17108963	0.13515771	0.08778845	0.17076117	0.23935955	0.33275890	0.27435130	0.27129297	0.30906569	0.24619461	0.29553547
17Networks_LH_DefaultA_PFCm_4	0.06578253	0.18391194	0.09535466	0.13010882	0.02508006	0.01466078	0.00212489	0.09180937	0.17695075	0.14847363	0.20419935	0.15717214	0.14209896	0.06494880	0.20188155	0.09474542	0.00983826	0.25103734	0.04709976	0.03419264	0.21627178	0.24280266	0.12788650	0.00544127	-0.00557943	0.02559796	0.01897566	-0.00557080	0.03078449	-0.12804357	-0.02339022	-0.00882478	-0.04798902	-0.02024578	0.03896266	0.00987743	-0.08916315	0.18301549	0.14302062	-0.05340931	0.00771660	0.14447696	-0.01749823	0.22150478	0.15856087	-0.04530612	-0.05086174	-0.00464080	0.27755050	0.07537166	-0.03549247	0.02445240	-0.05145761	-0.23182282	-0.07290604	-0.00691571	0.12166281	-0.02663757	0.14854719	0.23017142	0.26075246	0.13013984	-0.00362226	-0.03297305	0.21577261	0.05186091	-0.05175579	0.01457230	0.03237852	-0.07376681	-0.15281262	-0.09198128	-0.24723287	-0.07333136	-0.21225277	-0.17985784	-0.10961229	0.02668318	-0.03889826	-0.05652695	0.08361446	0.05674901	0.05622657	-0.05552063	0.03913829	-0.03621309	0.40139320	-0.26351690	-0.15123375	-0.04217338	-0.06102686	-0.14827790	-0.13144748	0.00041770	-0.11796055	-0.10835017	0.11824933	-0.12525051	0.27949782	0.13790274	-0.11634069	0.15078965	-0.13650560	0.01667780	0.31027343	-0.10821710	0.04215536	0.49232945	-0.01794771	0.32347873	0.02440958	0.05896251	0.38949651	-0.14515417	-0.15964539	-0.15723807	-0.14748081	-0.01936437	-0.03601083	0.15908416	-0.10601962	0.05357302	-0.19702737	-0.06348175	-0.12403574	-0.21790122	0.11013166	0.00146989	-0.11969011	-0.07104059	0.21677734	0.26601560	0.06480148	0.15339218	-0.01197417	0.17816200	-0.01630730	-0.16733268	0.32601205	0.25211866	0.29702427	0.27101058	0.49453037	0.16002046	0.06073891	0.11242925	0.03800811	0.14326884	0.46726451	0.17735784	0.44032046	0.48760966	0.47850232	0.41342333	0.45122042	0.34810897	0.20069789	0.24873894	0.43620884	0.43811189	0.54207878	0.38607732	0.54352076	0.91043955	0.19589916	0.51341208	0.19408639	0.24165115	0.16603179	0.43944232	0.19896737	0.37787378	0.33568300	0.42390098	0.50920262	0.42243360	0.45108367	0.42398318	0.21993183	0.23868030	0.35470281	0.29717266	0.43197698	0.18373668	0.45622151	0.40177629	0.28417793	0.00179419	0.20646648	0.28144784	0.13264037	0.13061888	0.34718151	0.03539771	0.34911680	0.23200499	0.35886288	0.03727936	0.06800473	0.34648687	0.22538682	0.16155357	0.22517792	0.19509354	0.16340648	0.00629548	0.23216040	0.00198307	0.18429352	0.08083808	0.19641927	0.21806432	0.22532183	0.09545270	0.18554755	0.20495224	0.13024596	0.23696409	0.17380666	0.13566320	0.21815969	0.10720180	0.16271576	0.13410329	-0.00835352	-0.06746400	-0.02310915	-0.14453645	0.07584516	-0.03019422	0.02306128	-0.01123556	0.04769805	0.05859923	-0.07186928	0.09269905	0.11589471	0.09321278	0.21519050	0.05818836	0.06620316	0.03983990	0.07322506	0.02682217	-0.00547375	-0.02510541	-0.00205765	0.04112177	-0.12329241	-0.06497852	0.01145787	-0.02949104	-0.18535337	-0.09556929	0.02230215	-0.17183972	-0.10116239	-0.05541260	0.18376515	0.19950208	0.22785116	0.11955087	0.33521273	0.13071457	0.15440478	0.09480911	-0.08158925	0.01143101	-0.03791524	-0.17089976	-0.11315111	-0.16528247	-0.13432578	0.05884585	-0.20353713	-0.19550306	-0.13967835	-0.01838099	-0.08150845	0.08743181	0.22538834	-0.09033127	-0.13749831	-0.13870331	-0.19004809	-0.19265867	-0.26047380	0.11652285	0.22742178	-0.22865970	-0.00344635	-0.19710063	-0.19475602	-0.10508873	-0.13062473	-0.08628852	0.04518689	-0.18601296	-0.14543780	-0.27290266	0.01016411	0.07977680	0.22524160	-0.09147696	-0.14139739	-0.03487045	0.22806654	0.06588556	0.24945737	0.07116721	0.52720523	0.20759149	-0.08899471	-0.02145588	0.08691477	0.03455499	0.01411722	0.34557275	-0.16395605	0.01970147	-0.16079131	0.03568999	-0.06257475	0.00004265	-0.11623282	-0.30881189	-0.13109176	-0.05165338	0.37348199	0.11870107	0.27927543	0.11605726	-0.07256059	0.31219147	0.05315938	0.15534915	0.18322317	0.27311466	0.06445098	-0.26184944	-0.15685045	0.04078890	0.19063158	0.23574568	0.30008081	0.23464425	0.20723742	0.03274319	0.24173418	0.19994423	0.07815334	0.08210326	0.39401802	0.25262741	-0.05422071	0.23665618	0.09762094	0.39001786	0.36645352	0.15166993	0.49954927	0.45401079	0.44411324	0.49320887	0.22222833	0.30920512	0.37469818	0.40279948	0.32466424	0.51948455	0.54340427	0.36374438	0.24107091	0.33424087	0.32653135	0.23548909	0.31110207	0.36802243	0.38771103	0.30630749	0.22275925	0.42689889	0.40806407	0.15187500	0.22658277	0.06695815	0.18400670	0.15367731	0.01802443	0.03868284	0.08822248	0.26046677	0.04890790	0.26850906	0.31404219	-0.01574688	0.35173279	0.16841265	0.40263572	0.16748327	0.02865323	0.18115588	0.04485524	-0.07648962	0.18451928	0.00014530	0.17608769	-0.06818108	0.08410437	0.07068830	0.05777590	0.06438331	-0.00368276	-0.06448257	0.18782076	0.18974799	-0.01016749	0.02155404	-0.02625938	0.05077804	0.07215751	-0.04849675	0.12778285	0.12180685	0.16709926	-0.03769162	0.02646034	0.03808684	0.01159078	0.01325996	0.20745349	0.07412895	0.18457670	0.10605292	0.07780051	0.11935057	0.07838180	0.15005929	0.11815580	0.09962963	0.13988973	0.19238302	0.15478236	0.12104903	0.23854117	0.27267657	0.20361360	0.27274334	0.08172971	0.11372404	-0.00213934	0.05908064	-0.02950434	0.12762032	0.06326245	0.13090937	0.05529501	0.18697593	0.22361739	0.15588064	0.13686609	0.23772149	0.11673135	0.22453369
17Networks_LH_DefaultA_PFCm_5	0.41210916	0.31490834	0.33953960	0.42215565	-0.02444405	0.04096170	0.28996558	0.07023896	0.18042680	0.15002892	0.18103590	0.22293507	0.16534731	0.26894019	0.37812506	-0.05777387	-0.00457086	0.26901226	0.06241153	0.15006264	0.16684388	0.19072113	0.08202755	0.10994568	0.01497590	0.06883480	0.11239203	0.16309019	0.12761343	0.13965988	0.12896129	0.12436392	-0.01797475	0.12571944	0.29055687	0.15859153	-0.11132857	0.21648689	0.29440678	0.11202738	0.06824065	0.16607245	0.02780800	0.23608365	0.08852624	0.03596108	0.05237321	-0.00064355	0.13125334	0.10909234	-0.01109216	0.10731842	-0.08041517	-0.07615122	-0.00683252	-0.16050977	0.13300412	-0.03506996	0.23241359	0.31831146	0.15678101	0.15594692	0.17067769	-0.10752445	0.15367028	0.05844057	0.06342048	0.09729287	0.08052306	0.06918730	0.11961785	0.12061714	-0.07836203	0.05546272	-0.05833801	0.06822757	0.04916969	0.00375098	0.11867770	0.03484704	0.17143053	0.10376946	0.18362226	-0.00060032	0.08470908	-0.11061345	0.10035973	-0.09008319	0.03609011	-0.12391820	0.07350029	-0.04673155	0.04283799	0.10264134	0.02741168	0.03832253	0.07302603	0.04425489	0.31210863	0.28021529	0.20764511	0.24090550	0.08135637	0.08974348	0.22872026	-0.00939817	0.28519940	0.36949256	0.08682520	0.28099676	0.05954141	0.09879298	0.30277023	-0.09735516	-0.05371188	-0.07426075	-0.21144442	0.05322015	0.03993568	0.14000037	-0.04636777	0.15531820	0.15767606	0.24714083	0.11128448	0.07000937	0.44124969	0.23639537	0.22519611	0.11300459	0.26598271	0.29955170	0.00358687	0.31871696	0.28033039	0.53157845	0.36874590	0.07195858	0.23565045	0.42643695	0.47423235	0.44120188	0.24578380	0.23159774	0.36323331	0.17851270	0.05909780	0.17454963	0.39432440	0.41114198	0.14439586	0.25587677	0.31388871	0.22704513	0.19688868	0.27313951	0.37927137	0.14291970	0.23516509	0.13482596	0.33491865	0.20874927	0.19588656	0.19589916	0.87957751	0.24315614	0.14856266	0.16280506	0.21784225	0.16752227	0.27174734	0.30574178	0.13806884	0.32344029	0.20206852	0.19703445	0.19202524	0.23163787	0.26225063	0.37054276	0.14565752	0.25664052	0.18266947	0.24424154	0.22865570	0.20909003	0.16020499	0.01762753	0.12972691	0.09752382	0.01081845	0.19525281	0.23413080	0.08023013	0.34834592	0.18316753	0.13772069	0.00460284	-0.03921288	0.07469336	0.19969165	0.27117271	0.26759363	0.38689114	0.25975252	0.18032089	0.41517643	0.03821441	0.16886323	0.11793927	0.18763065	0.26058167	0.23934153	0.07151269	0.18098029	0.29613202	0.11189533	0.21030997	0.13631783	0.18428663	0.17908715	0.18456857	0.14012155	0.11176312	0.06106062	0.09296985	0.13433694	-0.00023441	0.21306946	-0.00797982	0.09649506	0.04469950	0.07686714	0.10216130	0.01655309	0.11565221	0.07423971	0.08508156	0.19018028	0.08636100	0.23310242	0.12410545	0.15640690	0.19778580	0.13184492	0.06602768	0.03062698	0.16169138	0.10502752	-0.06672997	0.03260200	0.03378920	-0.00485308	-0.01332979	-0.00563133	0.07659733	0.07837477	-0.03609945	0.06407461	0.27536225	0.20070080	0.20115606	0.24739355	0.17017223	0.17552475	0.15049954	0.15675828	0.09587559	0.07252607	0.10328613	-0.01185420	-0.04389834	-0.03321719	0.15237011	-0.02895955	-0.02395331	-0.06861950	0.00485213	-0.05859516	0.07439893	0.17112364	0.09962043	0.08261066	0.14203408	-0.05051534	-0.09424453	-0.09452114	0.17960874	0.17727180	-0.06760044	0.01139970	-0.06315428	-0.12047534	-0.05152317	0.02863615	-0.03107106	0.09171819	-0.08338753	0.10966381	-0.02737672	-0.04701652	0.30455979	0.11922515	0.03760881	0.02829916	0.27540031	0.25733509	0.18563560	0.17951493	0.06993926	0.21938727	0.24169756	0.18411704	0.15601561	0.04240947	0.07099403	0.10566455	0.10496517	0.05972588	-0.05713585	0.05313186	-0.00014684	0.07981792	0.03325229	0.05772773	0.06359606	0.09859469	0.12847219	0.42026548	0.36620513	0.31036333	0.27425564	-0.01869688	0.21099271	0.12352801	0.34341842	0.30682339	0.35684842	0.35998696	0.02782080	0.06401464	0.26568587	0.39547747	0.39944833	0.50272442	0.23716155	0.27555989	0.23652211	0.48431793	0.36079180	0.05634013	0.25036598	0.32057752	0.22970082	-0.00811156	0.05034090	0.21151708	0.32595837	0.48981562	0.43046161	0.24683780	0.29646525	0.18540479	0.24753354	0.34843370	0.27675159	0.28489697	0.40630756	0.31983926	0.29242683	0.25207995	0.33719668	0.19890855	0.32304542	0.34554143	0.19687923	0.35109804	0.35116548	0.34257491	0.30880095	0.28016048	0.13711402	0.26317056	0.14514568	0.13150066	0.08584924	0.08613670	-0.01930449	0.11214606	-0.02039585	0.13067880	0.13107477	0.14193240	0.25643987	0.19484176	0.13468389	0.15281705	0.12607978	0.37508827	0.15822355	-0.06882871	-0.00171778	0.09968776	0.03396547	0.06311511	0.03836892	0.08499817	0.01019867	0.19006834	0.16474667	0.01546814	-0.02669346	0.16236050	0.01156622	0.28440486	0.17712943	-0.05448419	0.06245613	0.05820912	0.20485935	0.08000929	-0.04906141	0.15789337	0.13473864	0.16013232	0.06035183	-0.07000344	0.17118186	0.20736578	0.12140664	0.31025307	0.31888789	0.30949317	0.16419315	0.13031166	0.03866256	0.02275728	0.17411900	0.14553217	0.00522167	0.33928292	0.36625912	0.36768177	0.41064138	0.38375519	0.40380674	0.30504485	0.35577999	0.17727958	0.15510391	0.05871866	0.01744003	0.03130384	0.15828069	0.13315435	0.11147252	0.17234954	0.42092589	0.33307561	0.31231798	0.21423285	0.22240911	0.22344677	0.26817707
17Networks_LH_DefaultA_PFCm_6	0.03786154	0.07206436	0.06683052	0.01655665	-0.11289391	0.01121319	-0.11639793	0.02215487	0.07085123	0.07094209	0.00263503	0.05292591	0.08377305	0.03828795	0.06278795	0.04540547	0.05423604	0.09180213	0.10359118	0.07732944	0.14809334	0.25448626	0.04936358	-0.00771828	-0.04320873	-0.04518030	0.05093110	0.01292321	-0.00351959	-0.11185367	-0.02539110	-0.02912644	-0.09650440	0.02644777	0.05765623	-0.07247840	-0.19385831	0.05617745	0.06353754	-0.08735377	-0.06302024	0.13855262	-0.13718387	0.20958331	0.18462008	0.08398162	0.06169686	0.02574764	0.28665199	0.05850469	-0.05688743	0.05960304	-0.03787165	-0.12405592	-0.06223438	0.08512044	0.02363013	-0.01284917	0.09071737	0.17179507	0.18220980	0.07917042	-0.02649165	-0.10748767	0.05829485	0.03875343	-0.10203292	-0.01736708	-0.02401914	-0.17552144	-0.16662814	-0.13988463	-0.06269370	-0.04649971	-0.09617747	-0.18210372	-0.17949025	-0.06291822	-0.09668587	-0.09147359	0.03487353	0.01391397	-0.01493857	-0.12343049	0.04192113	-0.05774868	0.31277606	-0.06781089	0.04778204	0.04796207	0.10955668	-0.06210906	-0.12653679	0.09540063	-0.12234649	-0.10987970	0.08307194	-0.17664299	0.24244899	0.05896419	0.05899653	0.08917325	-0.05309661	0.21662270	0.40677762	-0.07435778	0.10881830	0.51806581	0.04130713	0.33667367	0.12409957	0.02412706	0.20136576	-0.15615571	-0.11006846	-0.09507297	-0.16190987	-0.07995236	0.05872506	0.15675103	-0.14318493	0.04466266	0.05301109	0.02664642	-0.12049361	-0.05294509	0.12871421	0.17854798	0.05152607	0.04436973	0.23629381	0.28333154	0.16128264	0.17877272	0.10480795	0.19846390	0.17032267	-0.06788419	0.20542462	0.35780739	0.27050303	0.26296288	0.39114589	0.17796643	0.06752160	-0.00261351	0.10178715	0.22589422	0.36395756	0.22860996	0.38035568	0.34323352	0.40186166	0.29208188	0.24933072	0.31334829	0.32388385	0.14564987	0.17256846	0.38187681	0.35597734	0.35472186	0.32027926	0.51341208	0.24315614	0.89236128	0.15560760	0.18527983	0.14586498	0.28101408	0.28288468	0.31700899	0.19291865	0.31060216	0.30782884	0.18642621	0.27561778	0.26311068	0.24162549	0.17554368	0.22101369	0.19835292	0.34968764	0.25193427	0.32741171	0.31366290	0.23137850	0.05345607	0.18908766	0.31426356	0.16539355	0.15358513	0.31127774	0.05430939	0.28936926	0.26903468	0.29747899	0.11198355	0.01601898	0.24965575	0.11415906	0.14659001	0.18303178	0.15680185	-0.01484203	-0.02594976	0.14898500	-0.04114708	0.07225543	0.01191619	0.16996078	0.10955366	0.17562294	0.15549130	0.11089719	0.16600737	0.08173974	0.22174893	0.13319576	0.09852096	0.15235567	0.09665418	0.08684457	0.01629533	-0.02240225	-0.09785378	-0.00842678	-0.14829304	0.07740429	-0.06042478	0.02137030	-0.06754546	0.00757644	0.00917738	-0.19782890	0.02047046	0.08854025	0.01988362	0.08801851	-0.03629792	0.01359774	-0.09857216	0.01666349	-0.00752176	0.06391152	-0.08546330	0.06128465	0.07452852	-0.11100736	-0.00750307	0.02137233	-0.00934548	-0.19585590	-0.06061684	-0.02376967	-0.04656425	-0.14551991	-0.08559252	0.13118905	0.12386458	0.06174743	-0.00466719	0.14560769	0.02228322	0.07698303	0.06098810	-0.13647601	-0.09410523	-0.14207168	-0.14007123	-0.23782121	-0.30063240	-0.15477266	0.02268674	-0.10317749	-0.18560819	-0.18869796	-0.09126729	-0.18428107	-0.00090343	0.08333083	-0.15316523	-0.23204853	-0.21201654	-0.18904828	-0.18150070	-0.18394173	0.19201025	0.21561670	-0.13371246	-0.00335686	-0.13886435	-0.12139743	-0.10843039	-0.01246711	-0.13812548	0.09009559	-0.20366701	-0.02057433	-0.28690560	-0.08402010	0.03200043	0.11744698	0.00774104	0.00149291	0.08812747	0.26543654	0.02195001	0.35257183	0.22742788	0.56705637	0.25799038	-0.00853319	0.05869628	0.10938116	0.08793122	-0.02299693	0.14253633	-0.13069297	-0.03366214	-0.09539773	0.03097730	0.00299810	0.05789946	-0.10115835	-0.11370639	0.04298920	-0.08917434	0.28880714	0.19972482	0.29904979	0.17212602	0.04611216	0.27683754	0.13538996	0.13903215	0.16379332	0.29283289	0.22155305	-0.05689028	0.03969204	0.07277546	0.21116802	0.27677731	0.22486736	0.20345466	0.19700459	0.14710991	0.24249354	0.35805972	0.12618532	0.19680951	0.17325356	0.22361897	-0.14429922	0.27131641	0.27443987	0.30383416	0.33011943	0.20971396	0.32336593	0.25177905	0.29720570	0.24758973	0.34236942	0.29378218	0.31651003	0.37712087	0.19795407	0.55196131	0.35682494	0.19196642	0.30354970	0.33337540	0.30399868	0.16147863	0.17576187	0.29956721	0.31473799	0.29242715	0.21907901	0.39020702	0.38027328	0.16152252	0.17578424	0.02600276	0.15842761	0.19210985	0.07033882	0.10887360	0.02728511	0.17818790	0.06537254	0.15369121	0.25070651	0.12098549	0.32930200	0.17279925	0.38243833	0.17033207	-0.03819556	0.13107212	0.07242154	-0.03457088	0.19174353	0.08907260	0.22512861	0.01084232	0.15622847	0.16077022	0.03019610	0.00916460	-0.01358225	-0.05188103	0.19576013	0.25278557	0.00090095	0.05085286	-0.03719713	0.09807282	0.08275761	-0.04279291	0.14698636	0.13192297	0.25394471	0.07392177	-0.06076766	-0.01069220	0.04222837	-0.01731822	0.15693787	0.12161156	0.10206660	0.06569283	0.03751889	-0.03418505	0.03602560	0.03523776	0.03021049	0.03152936	0.01665917	0.16615086	0.08716219	0.14824529	0.09366835	0.13748075	0.07216208	0.19637652	0.07824579	0.04574090	-0.01801063	0.03069294	0.00933764	0.07648785	0.02295950	0.10355557	0.02022804	0.16682082	0.14647442	0.04817480	0.05318818	0.12911616	0.00212156	0.10426153
17Networks_LH_DefaultB_Temp_1	0.20281185	0.01158935	0.08737522	0.07369242	-0.02577446	0.08957659	0.10615546	-0.00509766	0.19864720	0.04181649	0.02989952	0.00449570	-0.05166876	0.13270598	0.05456037	0.02175187	-0.09158789	0.10091555	-0.11465597	-0.00819738	-0.06865534	0.00357297	-0.09483959	-0.02114044	0.13764855	0.09391841	0.10149977	-0.11311838	0.19659204	0.11657381	0.17148170	0.08730969	-0.02700814	0.12751157	0.11194421	0.06712046	-0.02925103	0.15695740	0.17343593	0.06159716	0.07844633	0.10296862	-0.04832697	0.15318468	0.07152652	-0.10731685	0.03156685	0.01062797	0.10496691	-0.01377293	0.04155872	0.07506274	-0.05179707	-0.22597474	-0.06123045	-0.04597330	0.02484131	0.05776068	0.20366279	0.17469891	0.07556695	0.23138867	0.09213556	0.05338323	0.14819637	0.10472375	0.01725873	0.09666248	0.05215658	0.02120097	0.12754048	0.01012991	-0.17185220	-0.04069362	-0.03184161	-0.00937810	0.05239340	0.02047318	-0.01986602	-0.06947841	-0.02711982	0.14476035	0.15218514	-0.00220211	0.02252810	-0.09018830	0.15906921	-0.14376146	-0.03122419	-0.06706595	-0.04080331	-0.03070819	0.03613742	-0.07364192	0.01527067	0.00281866	0.11865828	-0.00567450	0.17389509	0.12560644	-0.12359543	0.02465368	-0.08459142	0.08107097	0.12129799	0.02614104	0.06474619	0.10967579	0.16612260	0.29018500	0.42396221	0.38634372	0.28235800	0.18168470	0.22295550	0.26926033	-0.22188675	0.17552506	0.38948515	0.21432036	-0.03195441	0.19220810	0.01603170	0.17625303	0.08693314	0.05097759	0.13749277	0.13838124	-0.06991658	-0.02337820	0.14239363	-0.05256572	-0.07602770	0.26060831	0.27482372	0.20342877	0.23439073	0.06172857	0.31328606	0.12325799	0.06154514	0.04297543	0.23881872	-0.04296691	0.06100643	0.17780065	0.02326784	0.04143490	0.24505456	0.20324320	0.08582476	0.16259475	0.23325156	0.16267216	0.21257618	0.19917919	0.10730689	0.17352312	0.25506000	0.26394430	0.32835383	0.23461561	0.23632832	0.19408639	0.14856266	0.15560760	0.89357482	0.46437089	0.16365570	0.27317466	0.27081619	0.33076226	0.36570265	0.35128199	0.31684495	0.24195098	0.13355128	0.19588972	0.13803465	0.19864321	0.19994516	0.23209848	0.34982451	0.30286842	0.34209364	0.28297108	0.23078246	0.06415988	0.11281538	0.22486414	0.06226960	-0.03894622	-0.01066729	-0.04754503	0.23079378	0.11680375	0.17007177	0.04177562	0.18621069	0.20850918	0.09145316	0.04776672	0.03386926	0.15543811	0.09874509	0.00222271	0.18817085	0.02202478	0.13076912	0.07204030	0.06437020	0.06887810	0.01206592	-0.05971885	-0.02977404	0.11982210	-0.05964749	-0.00246696	0.14464179	0.03250649	-0.04293490	-0.11753759	-0.03485320	-0.07896371	-0.03776711	0.01347162	0.08782564	0.02747920	0.16157530	0.08733845	0.13876537	0.08067674	0.13106533	0.15574390	0.02540770	0.05796508	0.24255274	0.18423994	0.14011714	-0.09870661	0.05608966	0.02673854	0.13037958	0.06460299	0.02455200	-0.00119332	-0.06968933	0.08705709	-0.16911255	-0.04588581	-0.02537225	-0.00856739	0.06772030	-0.17194009	0.00726384	-0.06337296	0.03683263	0.01962982	0.00198780	0.21934853	0.07500719	0.09156801	0.29366841	0.02632165	0.05994077	0.11860856	0.09459265	0.10183199	0.16307408	0.02840412	0.02339303	-0.04236904	-0.03897555	0.01458828	-0.15850541	-0.03073213	-0.11442773	0.05671592	0.04292482	0.07539679	0.05630496	0.06695268	-0.02450116	-0.07603159	-0.05470731	-0.14159683	-0.16859387	-0.05153459	0.16104403	-0.07565122	-0.06492829	-0.14546382	-0.09799505	-0.02003459	-0.14346318	-0.10695262	0.04721864	-0.05481125	-0.11946981	-0.04074567	0.15048108	0.09261934	0.12127103	-0.08789228	-0.05336878	-0.09971818	0.07071864	0.04070571	0.06085347	-0.06277875	0.09917910	-0.01881240	0.37307978	0.35349222	0.42791299	-0.10151603	0.36276908	0.20060615	0.11496289	0.14615009	0.16477795	0.11914064	0.15499617	0.03154019	0.04482383	-0.11935762	-0.06475707	-0.04812051	0.16056547	0.06257133	0.11514091	0.01039404	-0.11364324	0.15146057	0.05398881	0.15997224	0.16837037	0.15144813	0.03108143	-0.17321309	-0.13795854	-0.06558194	-0.04413632	0.06757453	0.22098903	0.23808605	0.04329621	-0.02340954	0.07207993	0.01009196	-0.05200262	-0.16751340	0.23234255	0.06313544	-0.02716253	0.10000188	0.02373366	0.14618499	0.22506315	0.07487192	0.24722919	0.22866363	0.23708605	0.24155154	0.09651411	0.18559426	0.15851909	0.28824166	0.25777581	0.15004687	0.29578137	0.14731578	0.05621711	0.22398747	0.34812371	0.33922543	0.18675702	0.19132721	0.18064549	0.15826478	0.14169751	0.16959441	0.28339164	0.06318288	0.11146865	0.06635328	0.10984784	0.11431910	0.04133912	0.01449458	0.04534963	0.20152587	0.00259256	0.18517267	0.19789105	0.06825923	0.16791311	0.03681354	0.31908341	0.09841829	0.06726223	0.02052129	0.07227878	0.02650347	0.07861889	0.03771625	0.20338507	0.01076976	0.20180132	-0.00699078	0.04868382	-0.04698786	0.12170261	0.03690157	0.07392822	0.17596077	-0.03926364	0.12482239	0.11558410	0.19076562	-0.06965600	0.09023645	0.18497718	0.05943704	0.15808895	0.02493373	-0.11678984	0.09560129	0.11466739	-0.03444673	-0.01061524	0.03229233	0.22889567	0.02786525	0.07807615	0.01868005	-0.01491850	0.09161283	0.11522011	0.05616479	0.22007896	0.13495978	0.19300336	0.15112052	0.20139658	0.20900969	0.23618469	0.03942794	0.10809195	0.12600403	-0.01493987	-0.15730989	0.01537542	0.08397927	0.05632110	0.00383325	0.04028601	0.29451357	0.19057312	0.18978791	0.23963490	0.29126769	0.18114796	0.17936883
17Networks_LH_DefaultB_Temp_2	0.17936482	0.12651934	0.18166016	0.10517748	0.03949347	0.18147576	0.12136920	0.07444119	0.30813915	0.16969306	0.15654843	0.08348926	0.07910332	0.14244467	0.14731300	0.05951852	-0.09326956	0.20914851	-0.12880955	-0.02970897	-0.00786658	-0.02583282	-0.01811517	-0.07277325	-0.00693291	0.05227311	0.08180824	-0.14070225	0.14426247	0.05377555	0.06128877	-0.04327678	-0.16256845	-0.04557397	0.09812366	-0.02785409	-0.16275449	0.14908848	0.13853344	-0.12504087	0.00993678	0.08568337	-0.12471112	0.22807046	0.07411191	0.05844394	0.06992194	0.04922746	0.26525129	0.09050107	0.02094602	-0.00978597	-0.01925797	-0.19316487	-0.00224684	0.02810536	0.04299912	-0.12759077	0.15706051	0.05912048	0.14847467	0.21260383	0.06871374	0.08569734	0.13540745	0.02328543	-0.08842856	-0.00089093	-0.06598790	-0.06227720	-0.03094270	-0.03229296	-0.17413382	-0.05761819	-0.04765370	-0.06686018	-0.05188377	-0.04743297	-0.06916245	-0.07810615	0.02499884	0.05337159	0.07412034	-0.06024888	-0.01246052	-0.02248264	0.25064958	-0.14723768	0.02392288	0.15457145	-0.02585126	-0.03329861	-0.01617389	-0.02530328	-0.07869240	-0.02528888	0.08845698	-0.07266719	0.15340271	0.06705686	-0.10666076	0.02120250	-0.15458984	0.15740956	0.18237489	0.05746295	0.02682119	0.10620909	0.16578111	0.13542816	0.25352468	0.29575265	0.40776443	0.36955988	0.23172808	0.33115045	0.05776294	0.38456493	0.25461384	0.18310790	0.05873397	0.02479611	-0.02774574	0.06092877	0.04399768	-0.00908591	0.07995212	0.04996721	-0.07720143	0.01275343	0.14191155	0.04462976	0.02340276	0.15799592	0.23716387	0.15351768	0.16326893	0.02970919	0.27194820	0.18461034	0.13596313	0.08067636	0.30276091	-0.04435348	0.01810767	0.15726103	-0.11263056	-0.02861178	0.33010874	0.28243179	0.08327745	0.16789685	0.25499190	0.21299104	0.19975876	0.11891978	0.10685668	-0.02944368	0.24487679	0.22630340	0.30874735	0.14756556	0.26592458	0.24165115	0.16280506	0.18527983	0.46437089	0.99280145	0.42606714	0.30996647	0.39774654	0.34662008	0.33792953	0.41776682	0.33550590	0.29649015	0.21537690	0.17458721	0.09565766	0.12090486	0.25577520	0.21330548	0.30198830	0.26980074	0.42084787	0.30733174	0.22040958	0.03371276	0.02384630	0.14515522	0.00518148	0.01225184	0.16822332	0.09065303	0.11456566	0.13699851	0.21935715	0.11975558	0.22486383	0.30151533	0.06299077	0.04249846	0.06323227	0.12114957	0.20095736	-0.12725224	0.28935440	-0.00109770	0.25316642	0.02752059	0.16966622	0.17967057	0.06994576	0.03042521	-0.01964531	0.08248288	-0.05691663	0.04259727	0.11663509	0.03081358	0.02848923	-0.09158991	-0.01895183	-0.06100554	-0.03031256	-0.07114577	0.00700711	-0.11842024	0.11197775	-0.02689137	0.05820970	-0.00881444	0.10680067	0.05962114	-0.05472348	0.06051498	0.15026514	0.13228621	0.13407212	-0.11689405	0.04609626	0.00136775	0.06257442	-0.01810310	-0.06836478	0.01701000	-0.02916867	-0.03417869	-0.29524618	-0.11145334	-0.04751114	-0.00393100	0.02660296	-0.12739407	-0.10813001	-0.15175450	-0.09031274	-0.08395606	-0.17076387	0.04924049	0.09842785	0.06478314	0.27271053	0.07586944	0.05041624	0.03042033	-0.01383546	0.06571903	0.01931249	-0.03568600	-0.02891074	-0.10719193	0.02728333	-0.03178906	-0.12858875	-0.07709793	-0.15288874	-0.11020748	-0.06192403	0.06994262	0.12272475	0.02095162	-0.04224566	-0.12018430	-0.10033306	-0.13787092	-0.24820243	-0.06618954	0.14071525	-0.16401508	-0.01374011	-0.19317927	-0.17170753	-0.08624282	-0.13556863	-0.12862950	-0.00002094	-0.11976131	-0.12733740	-0.07919948	-0.02009270	0.03354633	0.00514551	-0.06840375	-0.08231095	-0.05641711	0.22888234	0.12328636	0.04694392	-0.05965475	0.15593297	0.01025115	0.28630510	0.22459934	0.45277786	-0.03243274	0.23046247	0.58076104	0.27645723	0.32725341	0.02267025	0.28636841	0.09956033	0.03229170	-0.05851714	-0.13165256	-0.04093783	-0.05146048	0.17401074	0.05262819	0.06551452	0.07308706	-0.19353732	0.14047564	-0.10196103	0.29844733	0.09881991	0.18697658	0.12596668	-0.12820088	-0.05680665	-0.03237381	0.02649817	0.08405946	0.20733512	0.21765386	0.04648490	-0.04547172	0.11392558	0.11383841	-0.00547178	-0.09271021	0.27294789	0.10535131	0.04396685	0.08432609	-0.08882117	0.32641100	0.31313318	0.17215428	0.18562700	0.20747307	0.23036928	0.21401088	0.09181348	0.07958895	0.16937503	0.20377874	0.31735751	0.13098022	0.27759326	0.21178837	0.02723627	0.11619498	0.40051295	0.21983946	0.14465232	0.20882801	0.15010086	0.06665697	0.06182318	0.06806685	0.27234389	0.06052318	0.11342103	0.11929362	0.07582327	0.10835729	-0.02466910	-0.07495940	0.03548507	0.16349350	0.00201560	0.05412251	0.17725522	0.06811248	0.20227422	0.03983225	0.29922219	0.08189566	0.27780292	0.30624488	0.15682432	-0.01839053	0.08410079	0.10940210	0.08985748	-0.08941079	0.27020083	-0.03217687	0.00750660	-0.05167151	0.07805195	0.12323908	0.02050352	0.13122251	0.13867938	0.19308588	0.18669439	0.14804023	-0.05822248	0.00516147	0.06252832	0.05487021	0.09922446	0.05468860	-0.08046830	0.05233950	-0.00084351	-0.10702766	0.02452930	0.03471442	0.14309320	0.13318333	0.07697190	0.22345406	0.09685092	0.13199041	0.10636188	0.15070442	0.21990925	0.24357565	0.22528716	0.16668856	0.17480392	0.29553838	0.45335300	0.29567872	0.12814956	0.13893586	-0.08163089	-0.24498527	0.01105052	0.01846065	-0.02621007	0.02895080	-0.10285466	0.19545501	0.11266351	0.25642947	0.16509410	0.35331500	0.28771913	0.35065769
17Networks_LH_DefaultB_Temp_3	0.15014165	0.07720343	0.20968345	0.12084702	-0.02047681	0.19682519	0.10094415	0.07348059	0.21984287	0.19707490	0.07902818	-0.02571349	-0.00376644	0.03983694	0.13666239	0.00598000	-0.03772291	0.10859302	-0.17410505	-0.03661258	-0.01837504	0.00835785	-0.05725680	-0.03160320	0.05096990	-0.00129243	0.02074768	-0.11624149	0.15544657	-0.00045236	0.08925467	-0.03193625	-0.17655560	-0.18494106	0.00441559	-0.00377056	-0.18288689	0.03889238	0.01847968	-0.19907060	-0.03844040	0.01547648	-0.17317496	0.17160997	0.17369309	0.12921860	0.11585958	0.03766601	0.16743226	0.19751415	-0.01186116	0.02449982	-0.01560547	-0.05072855	-0.04427741	0.02152033	0.12335637	-0.15314494	0.16287079	0.00291453	-0.01219114	0.05903146	0.04674906	0.08182045	-0.01095431	0.04944175	-0.14794429	-0.14609728	-0.17019865	-0.10921726	-0.09246907	-0.14406844	-0.07767663	-0.10024452	-0.08029333	-0.09706630	-0.18001853	-0.16128984	-0.10163735	-0.09779251	-0.06607991	0.08818519	0.02754658	-0.11092014	-0.00503908	0.01226440	0.12411175	-0.00128832	0.03885481	0.24608305	0.02339339	0.12517880	-0.02175042	0.08768026	-0.07589235	-0.09931422	0.00658716	-0.09107564	0.17864943	0.00805428	-0.06069548	-0.00986923	-0.13901091	0.06029156	0.11916312	-0.03158937	-0.08462776	0.08479011	0.03418982	0.07711159	0.08961711	0.19062668	0.31782010	0.37267746	0.17537091	0.27327148	0.21719814	0.40568549	0.08153767	0.01410171	0.10825047	-0.10799560	-0.03844989	-0.00462101	-0.01206640	-0.02966428	0.18708652	0.11944277	-0.03640075	0.03625032	0.19655312	0.11674519	-0.02343758	0.20155234	0.19148583	0.22936075	0.13393200	-0.04897406	0.21613644	0.17479728	0.23660563	0.10527944	0.28375018	0.05612114	0.02363643	0.06692026	-0.06455985	-0.05059737	0.32143403	0.23661330	0.09373824	0.21719095	0.21089867	0.17885319	0.19301093	0.06145040	0.06613234	-0.05063181	0.22619414	0.11398223	0.17879414	-0.00023093	0.15505898	0.16603179	0.21784225	0.14586498	0.16365570	0.42606714	0.94703321	0.18967279	0.32955054	0.28710616	0.19051277	0.38273199	0.18143410	0.18855457	0.14808385	0.14710980	0.14739071	0.09238795	0.26429864	0.22449509	0.09357969	0.06212729	0.28835971	0.19136929	0.20389924	0.04290873	-0.06336643	0.04556713	-0.05981917	0.03788757	0.15784539	0.02658155	0.05037566	0.19824596	0.27297967	0.14176790	0.20452153	0.24500298	0.00415709	0.06014710	0.04609867	0.13957684	0.25214826	-0.04947525	0.31445889	0.06592477	0.17396869	0.07609464	0.09113947	0.13240381	0.02644596	-0.03322866	-0.00003486	-0.00375829	-0.11970337	-0.01860217	0.04831628	-0.00864301	0.02652656	-0.11750776	-0.04226501	-0.02214629	-0.02525737	-0.03328201	-0.07701352	-0.09881125	0.01909896	-0.12988906	0.02411707	-0.08916496	-0.02650777	-0.00776430	-0.14750594	-0.01383502	-0.00644657	0.08205356	0.05867166	-0.16664966	0.08221211	-0.07801139	-0.05338433	0.02685093	-0.04029309	-0.01708589	0.02253317	-0.03539059	-0.09441413	-0.06170172	-0.02637154	0.00062103	0.03486973	-0.10029334	-0.10057968	-0.06827736	-0.01702322	-0.09490096	-0.09985777	0.05795110	0.10397912	0.01857032	0.15191341	0.10602450	0.01578841	0.06523082	-0.04965576	-0.01881983	-0.14100131	-0.05896639	-0.16272023	-0.17396802	0.05264277	0.03306530	-0.09882621	-0.11439473	-0.12467080	-0.10574173	-0.17847547	-0.01715682	0.03779174	0.01213222	-0.03862037	-0.09180869	0.00952481	-0.04678033	-0.11228608	0.01515236	0.25851768	-0.06828686	0.11493558	-0.06697423	-0.13306105	0.00178878	0.07640071	-0.14408761	-0.08085126	-0.15099036	-0.02196902	-0.08419497	-0.16178843	0.02784975	-0.02407347	0.04415267	0.03229976	0.07117112	0.18615837	-0.03897222	0.06698154	-0.06315973	0.09313497	0.04277634	0.21468058	0.11117224	0.29643575	0.15452852	0.04728741	0.40955789	0.26351260	0.27726258	-0.02238301	0.35075421	0.10024709	0.00497793	-0.06358826	-0.09536659	-0.02275762	-0.02255331	0.18341171	0.22411714	0.20058524	0.15585728	-0.03635611	0.12890997	-0.08369601	0.26518323	0.19016165	0.23555125	0.23903212	-0.01179656	-0.00497158	0.01921556	0.15202445	0.18301801	0.26363528	0.18300437	0.17803044	0.05431907	0.18279876	0.19691819	0.07138737	0.03122483	0.21439464	0.07771506	0.02033025	0.11246571	-0.07412542	0.30265605	0.29038631	0.21958215	0.10502248	0.11597710	0.12773068	0.19839081	0.07702743	-0.01085745	0.09770680	0.10983421	0.21109082	0.06512250	0.15655051	0.23502983	-0.07378272	0.18566280	0.30522213	0.15129519	0.09976451	0.18039912	0.20318043	0.08838946	0.10017871	0.07251345	0.19915062	0.16841660	0.13506073	0.10293656	-0.01138789	-0.02133692	0.01904218	-0.02229187	0.15040167	0.15154978	0.05684483	0.08968761	0.09935277	0.04064232	0.14245173	0.13804580	0.22880548	0.09020353	0.29646371	0.19293826	0.09883003	0.06364284	0.00256126	0.19490169	0.08770898	-0.06743656	0.09832193	-0.02507082	0.05843925	0.07163492	0.08920004	0.09109980	0.11177594	0.08891067	0.18429736	-0.04119435	0.21772971	0.10356021	0.04952568	0.10209891	0.12557625	0.07157884	0.03741630	-0.00732341	-0.00170196	0.07268434	0.09404791	0.01878603	0.08002645	-0.01876366	0.06640047	0.04550698	-0.04737770	0.27020411	0.15561457	-0.01084931	-0.00325688	0.16933296	0.16720722	0.24053565	0.12361974	0.06706568	0.14035424	0.25198852	0.48491223	0.34005122	0.04462541	0.10095878	-0.09113088	-0.12368854	0.01391244	0.00429339	-0.01106750	-0.04614443	-0.00623812	0.13665555	0.16388884	0.30272013	0.14433526	0.26217382	0.32104198	0.48342284
17Networks_LH_DefaultB_Temp_4	0.21205221	0.11467809	0.19963284	0.19637697	-0.05265145	0.08960883	0.05804961	0.08187755	0.32937670	0.06595705	0.20674861	0.03050007	0.09507188	0.05612469	0.20199604	0.02539391	-0.12694627	0.16594488	-0.17408839	-0.11320114	0.03994575	0.06290145	-0.07831565	-0.20057378	-0.04188001	-0.03066260	0.07797733	-0.06820347	0.08250034	0.00925031	0.06581524	0.01210751	-0.05429765	0.03592180	0.05318816	0.05989842	-0.01664687	0.37497389	0.25158575	-0.04363282	0.14021772	0.15640285	0.02125316	0.08090098	-0.03008052	0.04077614	-0.05989567	-0.07883295	0.18094300	-0.11855621	-0.12893966	0.05628528	-0.19396903	-0.26908984	-0.10181519	-0.06635519	0.07315219	0.01044012	0.17841021	0.28450898	0.17570834	0.15362369	0.00619358	0.04320451	0.08604103	0.07508516	-0.09585333	0.01187211	-0.04019453	0.00338721	-0.11042094	0.00309450	-0.34601078	-0.07580054	-0.18298532	-0.05330145	-0.03403533	0.02802730	-0.00657929	-0.00595681	0.24908749	0.18723713	0.07963702	-0.04884631	0.07565726	-0.02946193	0.46222219	-0.27935541	-0.32240132	-0.13168977	-0.12588691	-0.14369016	-0.06485973	0.16035278	-0.14235175	-0.20316616	0.00716017	-0.14324059	0.26262954	0.22742758	-0.29241752	0.00014478	-0.23875907	0.01636441	0.39635350	-0.15371991	-0.18007429	0.24644065	0.01701758	0.33686554	0.00459974	0.11586261	0.43643898	-0.07400893	-0.05234310	-0.09520075	-0.15406024	0.04652801	-0.04980512	0.14113020	-0.08496526	0.08048415	-0.26071804	-0.03509555	-0.06014441	-0.17548936	0.11644464	0.16369535	-0.12561160	-0.03675174	0.42245309	0.26404046	-0.09749037	0.19886629	-0.04134319	0.28926156	0.06173078	-0.08568978	0.35339596	0.33383541	0.37209836	0.09725186	0.51566509	-0.00317066	-0.04117602	0.17826295	-0.14340837	0.01816255	0.56709060	0.25614415	0.21604140	0.37451708	0.48929844	0.42428319	0.53072610	0.33123524	0.07378970	0.20761230	0.48087365	0.41267185	0.49630519	0.35631712	0.42474989	0.43944232	0.16752227	0.28101408	0.27317466	0.30996647	0.18967279	0.97637435	0.24633287	0.59555458	0.45808617	0.52873181	0.50183645	0.42240765	0.32656506	0.34426044	0.20843333	0.25076920	0.36406837	0.44329648	0.49470210	0.24907086	0.62954938	0.53722467	0.44146249	-0.04583103	0.12523304	0.24625313	0.10873209	0.17403725	0.18763678	-0.10425937	0.34845024	0.20309958	0.31190811	-0.00578264	0.11956161	0.46898773	0.23500414	0.10803774	0.11758971	0.23911821	0.18177243	0.05358468	0.28134506	-0.00632777	0.13998578	0.08431690	0.11393113	0.16841520	0.08928017	-0.09035274	0.11861046	0.04980347	-0.04966422	0.05634388	0.07008464	-0.07825203	0.03877586	-0.19148768	-0.02771657	0.08141052	-0.08974924	-0.09260960	0.06229733	-0.12075465	0.11191581	0.01729471	0.03831579	0.04727146	0.09565892	0.08396027	-0.03573760	0.21679956	0.15903041	0.09574734	0.19899736	0.07734596	0.14157653	0.05992136	0.15912253	-0.15055021	-0.22138239	-0.10096781	-0.05545388	0.11529906	-0.32800756	-0.04178073	-0.09657590	-0.07232565	-0.05026907	-0.16287644	-0.03590187	-0.20934981	-0.06446151	-0.03741009	0.05775098	0.19136723	0.13912973	0.10564213	0.39766730	0.08239405	-0.00369550	-0.03337435	-0.08898738	0.07630712	0.01160114	-0.03153414	0.01396784	-0.04916786	-0.14830317	-0.01581164	-0.22565208	-0.13189514	-0.03053306	0.01741512	-0.07556786	0.09798244	0.26139300	-0.08287660	-0.09506386	-0.15741120	-0.17656388	-0.26571509	-0.31068466	0.00872769	0.14317159	-0.31631374	-0.15955066	-0.25397102	-0.21109688	-0.12330693	-0.10843842	-0.16137371	0.03414782	-0.26734216	-0.18735257	-0.27034667	-0.06419946	0.07069804	0.18042334	-0.08935066	-0.20167686	-0.17101966	0.05301229	0.00319382	0.04894639	-0.10863630	0.22161985	-0.04686502	-0.02780827	-0.02861927	0.12694162	0.02630957	0.00891997	0.35757923	-0.02974245	0.03352991	-0.02125930	0.13484177	-0.04119922	0.09113228	-0.09880767	-0.28449831	-0.17186693	0.00413942	0.29886479	0.16914567	0.36131878	0.05650039	-0.11174709	0.40365690	-0.14088770	0.16168462	0.10230211	0.31127233	0.09526022	-0.32271968	-0.19258005	-0.13341409	0.03400632	0.22228362	0.25773458	0.27560515	0.21720695	-0.07056511	0.08889972	0.12146471	-0.11142063	-0.14624972	0.42025977	0.12206887	0.03786482	0.13203643	-0.12961652	0.40714614	0.34777687	0.15912754	0.48939305	0.43278048	0.45537192	0.52615470	0.08291440	0.11956091	0.25766619	0.37839911	0.38566933	0.27536025	0.49598007	0.31003228	0.08883762	0.27964944	0.43893294	0.21402064	0.30702923	0.27537319	0.34598448	0.31875348	0.14275127	0.36800771	0.41568731	0.21868217	0.20152189	-0.07085143	0.18135316	0.14736882	-0.04319721	0.03210686	0.06212360	0.18305965	-0.03736083	0.23517291	0.34187682	-0.14364911	0.30174453	0.03807896	0.41722910	0.15241822	0.18130684	0.08534367	0.12257598	-0.02184596	0.07374936	0.11647999	0.20095410	-0.09416375	0.09706870	-0.03386392	0.11911217	-0.00187906	0.04242278	-0.02004914	0.07632466	0.21756413	0.08582801	0.00672374	0.02459932	0.16978052	-0.00600551	0.03376979	0.17789445	0.10870509	0.09517486	-0.08520264	0.01436820	0.02934462	0.00694170	0.05324024	0.17943067	0.09371751	0.22143970	0.18695528	0.06930158	0.17244079	0.05365003	0.13002949	0.11202245	0.18760427	0.22849149	0.23268825	0.21277442	0.16246289	0.27529580	0.27974364	0.27649831	0.29367787	0.13653518	0.12296001	0.01238463	0.14609983	0.07382956	0.07069408	0.08951024	0.06918342	0.11816587	0.17427102	0.27575041	0.22378651	0.24562873	0.27037552	0.20308541	0.18379459
17Networks_LH_DefaultB_Temp_5	0.41050956	0.31929204	0.37116264	0.34197394	-0.01556274	0.29525034	0.23096811	0.08392325	0.30121092	0.32064355	0.24671079	0.11481883	0.18647343	0.25715933	0.33915418	-0.04627825	0.09051927	0.27696009	0.09157549	0.11728488	0.19649924	0.07905912	0.07979658	0.10309723	-0.06587453	0.03184874	0.16220259	-0.00881557	0.06046930	0.09981173	-0.01543692	-0.08018808	-0.12912553	0.00976517	0.10779142	0.10738285	-0.19371386	0.19998331	0.16966839	-0.09322252	-0.12458750	0.16624596	-0.11724074	0.26530070	0.03261510	0.10414854	0.20481060	-0.08914355	0.39535709	0.10672903	-0.07939999	-0.07599950	-0.12433890	0.02984831	-0.01266841	0.01505925	-0.00105238	-0.14641636	0.14862060	0.25286221	0.23525825	0.44055618	0.24646009	-0.06121189	0.15965733	0.10044939	0.00383669	0.00552960	0.06813292	-0.11566970	0.02992890	0.00231645	0.04862458	-0.03634348	-0.00992397	-0.09011286	-0.10567386	-0.07143791	0.03855779	0.01197755	0.14263448	0.38785743	0.02236702	0.06213090	0.03454782	0.09149095	0.39888181	0.10663705	0.13894277	0.10944597	-0.02451946	0.06583382	0.13458477	0.29983277	-0.01683666	0.08368726	0.14689511	-0.11582112	0.29131236	0.16030817	-0.05482707	0.13002626	-0.13845606	0.02408133	0.25047242	-0.20523091	0.13217271	0.18293318	0.00270467	0.25515754	0.15156093	0.06834208	0.39418129	0.20122063	0.07766259	0.15165830	-0.01704203	0.18144120	0.02303040	0.17979207	0.08873265	0.15233078	0.14281771	0.26295820	0.00869088	0.14211184	0.29471646	0.42911928	0.05597051	0.09688996	0.33567447	0.08478351	0.08195145	0.28278817	0.49084070	0.29906151	0.50247062	0.11790648	0.28660799	0.37441006	0.20600120	0.10753195	0.53206083	-0.15895012	0.10530749	0.07259815	-0.14463242	-0.05950092	0.25970572	0.38525503	0.20335569	0.21043076	0.30108651	0.21608515	0.18343171	0.16177976	0.25273441	0.11421119	0.26223575	0.28684041	0.28753519	0.18960749	0.19273733	0.19896737	0.27174734	0.28288468	0.27081619	0.39774654	0.32955054	0.24633287	1.10547328	0.51329967	0.22666627	0.45879185	0.38335201	0.34260276	0.27016771	0.24386193	0.30006109	0.32051119	0.37727906	0.43919330	0.29122372	0.34794370	0.52053478	0.51306518	0.50537567	0.21277194	0.17725535	0.19168406	0.05134737	0.18326897	0.33158559	0.03913852	0.32714144	0.42246142	0.56751774	0.52300022	0.20550177	0.42089206	0.19832694	0.40794570	0.34669784	0.40911955	0.26396543	0.20437986	0.44983762	0.17986515	0.32135717	0.21040854	0.46598697	0.34852952	0.24682815	0.03555184	0.20933694	0.17392460	0.07000150	0.23065875	0.21852115	0.19005546	0.25455937	-0.09935980	0.12797543	-0.08472125	0.01110967	0.02971426	0.01202720	-0.15264283	0.12474252	-0.07716955	0.02176993	-0.04533758	-0.01655049	-0.09578912	-0.03729548	0.12022907	0.14034655	0.00212458	0.17032888	-0.07220158	0.12252528	0.06409348	0.07320457	0.19118962	0.11355509	-0.02092972	0.19710147	0.08626823	-0.12368666	0.03519305	0.02706548	-0.00347233	-0.06197384	-0.09001142	-0.00316205	0.02832079	-0.09054833	0.00613422	0.00503986	0.30689249	0.31612498	0.08313067	0.13642958	0.28832654	0.25352808	0.30083217	-0.02496793	0.13349832	0.06894384	0.05033745	-0.02948311	-0.12938153	0.11284168	0.07410631	0.05520978	0.01930795	-0.12037566	-0.14337895	-0.02580058	0.13370042	0.14073800	0.05690464	-0.05402571	-0.06591213	-0.01305384	-0.03733813	-0.11279284	0.16296741	0.31962241	-0.09975105	0.09338135	-0.04213358	-0.19010363	0.05173168	-0.06867413	-0.08548973	0.04350176	-0.10018741	-0.08406207	-0.03692095	-0.13583546	0.10270569	-0.00598513	-0.01582708	0.03138761	0.02779066	0.23918751	0.15326298	0.01308656	-0.15394475	0.17694440	0.10099979	0.19242238	0.26354820	0.17810523	-0.01339488	-0.00280942	0.31234245	0.23589348	0.17843515	0.05564329	0.23167041	0.12381696	0.10898369	0.14247410	-0.02700007	0.08086139	-0.00690615	0.21242158	0.23322690	0.21488172	0.09858146	0.05335093	0.23765314	0.11474478	0.27050930	0.35660620	0.27086542	0.31722957	-0.00252341	0.13752693	-0.02034899	0.00722726	0.14098614	0.29916452	0.23582114	0.11748707	0.04005797	0.15755036	0.21466096	-0.10142220	-0.09311286	0.18128361	0.08278675	-0.02595135	-0.01312886	0.00654364	0.28026387	0.24330880	0.26696507	0.15636890	0.13070677	0.19890345	0.18015605	0.06204348	0.09809006	0.03179415	0.20457073	0.22986796	0.19088932	0.19882129	0.28020983	0.05125059	0.37712496	0.49115520	0.22517358	0.06899156	0.23961550	0.19173012	0.17323594	0.16070304	0.19579221	0.27912467	0.04049046	0.11208115	0.17215593	0.25605958	0.15035235	0.19850450	0.11934417	0.11731810	0.15907072	0.18059776	0.26539279	0.19363446	0.11012587	0.25192195	0.09755149	0.36599618	0.13195962	0.15335636	0.19290012	0.21609600	-0.06150644	0.17196285	0.06790764	0.15724881	-0.09846788	0.17832366	0.00977857	-0.03265128	-0.11552058	-0.03141174	-0.00191691	0.08490812	0.26001834	0.10151701	0.13450727	0.13622841	0.17101673	0.11115123	-0.16328983	0.03452771	0.03995913	0.09424145	0.04393582	0.00337122	0.01866982	0.07923861	0.11155356	0.21464488	0.26169994	0.20151378	0.10095323	-0.00131515	0.15086665	0.14082830	0.09888231	0.04659144	0.15334143	0.30181892	0.35591011	0.37041487	0.31298965	0.38152118	0.38321385	0.41390554	0.42565114	0.33837780	0.17179016	-0.02731891	-0.08577632	0.05018389	0.02866704	0.02820303	-0.01641150	0.18164761	0.34354163	0.38098778	0.41334528	0.41955614	0.40918392	0.41216672	0.41439065
17Networks_LH_DefaultB_Temp_6	0.32509622	0.17494020	0.24950818	0.28153564	-0.05446306	0.18441311	0.16491113	0.07140172	0.37763510	0.18571095	0.22572478	0.09539878	0.17355786	0.10142747	0.30887626	-0.11673748	-0.05645837	0.24969592	-0.16449127	-0.03142103	0.06895578	0.04448262	-0.05390244	-0.08790346	-0.00187789	-0.00381033	0.13561407	0.00718302	0.07210657	0.03786854	0.10325613	0.02867280	-0.09206611	0.10126471	0.15942367	0.06809256	-0.00713264	0.28591396	0.25228879	-0.04376455	0.10395836	0.18813739	-0.04697578	0.19159051	-0.02036346	0.10189924	0.02466083	-0.06849484	0.25806719	-0.04468162	-0.13074891	0.03536413	-0.16261333	-0.29119272	-0.06464990	-0.09703492	0.09395946	-0.04248900	0.30401360	0.38591002	0.20952144	0.24164210	0.13835024	-0.06120525	0.12285182	0.07224093	-0.13009718	-0.04590402	-0.08015355	-0.03443411	-0.19307595	-0.03221954	-0.31778493	-0.04073692	-0.20772616	-0.05005749	-0.03344805	0.04809923	-0.04898055	-0.05403451	0.19228891	0.27974357	0.01559120	0.03580250	0.07257851	-0.01806861	0.50690152	-0.28290632	-0.24028002	-0.09452679	-0.09993445	-0.09585564	-0.02187742	0.31488839	-0.12292228	-0.21285499	-0.02794357	-0.16905674	0.36248970	0.31690700	-0.27880541	0.02025777	-0.33940711	-0.01433565	0.45143358	-0.13077197	-0.05059641	0.34801708	-0.02458234	0.37753611	0.08583412	0.15054043	0.52711574	0.04087165	-0.02628962	-0.02703828	-0.14092441	0.06069393	-0.08842797	0.18274357	-0.11971133	0.12616526	-0.18172790	0.09303216	-0.02281043	-0.10109237	0.21816459	0.29381739	-0.13986524	-0.02090519	0.53822588	0.26723188	-0.10309495	0.31772150	0.13679872	0.37751262	0.28347167	-0.02106528	0.34360952	0.47704709	0.43721053	0.19104480	0.69192575	-0.00000129	0.05592425	0.06149748	-0.14093751	0.11051271	0.60629543	0.29576539	0.19118317	0.39423107	0.53619946	0.41662695	0.43907021	0.34470905	0.25199048	0.21765122	0.45698231	0.38350531	0.46948336	0.26714421	0.31745563	0.37787378	0.30574178	0.31700899	0.33076226	0.34662008	0.28710616	0.59555458	0.51329967	1.10721461	0.43220993	0.63639010	0.50516815	0.42350831	0.33077113	0.33392226	0.26732264	0.38340467	0.41565759	0.62764121	0.56153180	0.28670242	0.73007563	0.67827018	0.68721489	-0.06567963	0.12757673	0.24420131	0.08656543	0.11074694	0.26622821	-0.10077670	0.49334671	0.51344643	0.56085291	0.20452642	0.14971925	0.51784670	0.21717839	0.21967878	0.23287304	0.39208698	0.19131882	0.16580136	0.44707837	0.18073841	0.29062402	0.20314665	0.16663157	0.23466832	0.18317712	0.00288033	0.14430479	0.19997539	-0.00785694	0.10911898	0.15460592	-0.00323632	0.06392905	-0.14594243	-0.00657608	0.08174897	-0.08049866	-0.07961538	0.11771706	-0.14728151	0.20607894	0.00228035	0.10163384	0.08559848	0.13582694	0.10028319	-0.10221883	0.18641030	0.09471525	0.09103878	0.27831239	0.08587035	0.15135755	0.07576931	0.17166684	-0.08571933	-0.17479028	0.03828842	0.04000777	0.13280894	-0.29108882	-0.00850741	-0.08371123	0.01220107	-0.10762664	-0.21772071	0.00936218	-0.14187262	-0.09820671	-0.11985431	0.10506887	0.29558908	0.21548021	0.14916276	0.32883701	0.18342210	0.06420657	0.15379044	-0.12315083	0.03298688	-0.07148463	-0.07687241	-0.10242415	-0.17279169	-0.09112662	0.03951902	-0.15142183	-0.12768571	-0.10995592	-0.01820716	-0.19265487	0.06490727	0.21911265	-0.12125712	-0.16815417	-0.23770360	-0.20034333	-0.27583541	-0.30115428	0.16534982	0.26244736	-0.28835602	-0.09642712	-0.20800666	-0.15136487	-0.13233355	-0.05619792	-0.18124346	-0.00233166	-0.29340512	-0.18240357	-0.26897556	-0.10713371	0.13388599	0.21057830	-0.10282934	-0.10658592	-0.15814831	0.10916914	-0.05674973	0.11021088	-0.08184026	0.27920207	0.04887721	0.06644371	0.12543717	0.16193446	0.05811373	0.05898116	0.31387749	0.01792605	0.01998273	0.03895807	0.15784511	-0.07631335	0.08695446	-0.05179469	-0.26244484	-0.09300366	-0.02983297	0.35665690	0.37060101	0.47522902	0.18455131	0.03457848	0.53440385	-0.06644378	0.28394264	0.24077993	0.33227200	0.26516576	-0.31140980	-0.11413448	-0.21543231	0.11537602	0.35863807	0.38361248	0.28596526	0.29354254	-0.03433063	0.19242576	0.26094540	-0.11320997	-0.07442413	0.40276815	0.07709388	-0.12533075	0.11217325	0.04629835	0.41816097	0.41972355	0.29260650	0.43051925	0.40827174	0.40671849	0.49468907	0.16906446	0.18679618	0.27181103	0.33731624	0.31283646	0.26432182	0.40974383	0.35066542	0.16541707	0.41505088	0.62252169	0.32224698	0.26521011	0.30707474	0.42593165	0.42772457	0.16357987	0.44541474	0.53490789	0.28385586	0.13237433	-0.06666660	0.26385900	0.12129826	0.02154198	0.03477589	0.18325256	0.22915659	0.07833347	0.33934587	0.45133570	0.03473740	0.37006451	0.08988269	0.53666941	0.21267787	0.19754627	0.10002321	0.08731641	-0.02542560	0.10513410	0.09756679	0.30590186	-0.03833241	0.10896070	0.04771607	0.11282509	0.04452831	-0.01487355	-0.05504321	0.20404180	0.24219541	0.10784434	0.03288063	0.08227356	0.13284822	0.04120018	0.09424203	0.21655765	0.20139556	0.21200158	-0.01093543	0.09845638	0.10334542	0.08932858	0.11662993	0.26322591	0.18517936	0.26574346	0.17351377	0.11087765	0.26536485	0.12939604	0.15999070	0.12444225	0.22778747	0.29498182	0.32735196	0.34052110	0.29070862	0.38560532	0.44077778	0.40170842	0.40163304	0.23328868	0.21557429	0.08245702	0.17905607	0.11375109	0.18245069	0.15295873	0.12448456	0.25934988	0.26686468	0.45016666	0.37230447	0.41829288	0.42181699	0.36946758	0.34042479
17Networks_LH_DefaultB_IPL_1	0.30348009	0.18172532	0.17250046	0.22705448	0.11402466	0.15592973	0.19598879	0.24035526	0.24687203	0.17781573	0.12190598	0.12435037	0.17738300	0.13637312	0.18389535	-0.02154494	-0.05580153	0.19003008	-0.15326460	-0.01731404	-0.02947206	0.04558395	-0.00607655	-0.05187515	0.13183967	0.08028878	0.19187811	0.05190130	0.28909323	0.06098715	0.21124947	0.16500056	0.14516286	0.21698717	0.18043076	0.22705627	0.12011340	0.34705496	0.32651548	0.12340724	0.23181057	0.17156019	0.12761177	0.11444100	0.05523364	-0.04886511	-0.00144398	0.13543838	0.12248874	0.05874220	0.06842075	0.17749943	-0.09991101	-0.26810652	0.05439817	-0.04669576	0.13422341	0.15675527	0.26114484	0.40755527	0.25147124	0.35904171	0.26723001	0.20671548	0.23770347	0.20016747	0.08301347	0.09817742	0.19770836	0.13973265	-0.02225503	0.06444866	-0.29422861	0.07150490	-0.04889859	0.12242599	0.22121175	0.11642461	0.01058505	0.00044696	0.20577423	0.24492307	0.21126107	0.01582817	0.14560942	-0.02736621	0.30678053	-0.32718377	-0.20744400	-0.13827446	-0.00356332	-0.00372344	-0.05533597	0.07176088	0.00772956	-0.18606961	0.07102793	0.02445496	0.28353283	0.35752444	-0.26341962	0.09357650	-0.19431380	-0.02897874	0.30350789	-0.07302707	-0.10199920	0.21610736	-0.05354883	0.26551997	0.08074685	0.21607877	0.37473282	0.09705218	0.09293783	0.02467062	-0.06832376	0.11365154	0.03445785	0.05926300	0.03458365	0.25173010	-0.22126029	0.06984002	0.13610992	-0.07260730	0.23888024	0.02461932	-0.24179672	0.04328638	0.25555452	0.07739900	-0.06701263	0.27336321	0.07210083	0.18329856	0.09542439	0.02735718	0.50127241	0.09680173	0.24734527	0.15470512	0.42144666	-0.09768903	0.05839791	0.20900968	-0.08391850	-0.02285927	0.48256258	0.18142420	0.27035506	0.33836150	0.42136099	0.42352728	0.51512931	0.23844281	0.04433760	0.25643176	0.54815367	0.35946780	0.46435348	0.21723237	0.47541574	0.33568300	0.13806884	0.19291865	0.36570265	0.33792953	0.19051277	0.45808617	0.22666627	0.43220993	0.94966238	0.52506752	0.56947225	0.48602829	0.32409538	0.44447750	0.27295273	0.32373783	0.34009701	0.35044537	0.40725243	0.14478648	0.43581751	0.40047862	0.37280464	0.04453711	0.14680030	0.23194505	0.08639461	0.01068463	0.06130466	-0.13186563	0.27925218	0.15507249	0.32229248	0.07367051	0.31173603	0.35080851	0.36133930	0.19002093	0.13777143	0.30056332	0.26648722	0.12732106	0.33901085	0.16790822	0.20509751	0.31468912	0.09390344	0.22325586	0.11013013	-0.07244146	0.10274004	0.10249718	-0.03687369	0.02390273	0.10930056	0.05863768	-0.02465266	-0.12832469	-0.04182162	0.13470214	0.09540201	0.06268882	0.22711095	0.03980683	0.33699004	0.19022958	0.22132471	0.17954722	0.27741754	0.22223574	0.10559946	0.15858954	0.14655084	0.13935678	0.17169575	0.10836796	0.23134268	0.18125338	0.26135399	-0.09441791	-0.11776030	-0.06197994	-0.08138060	0.11134342	-0.20531095	0.00756159	0.04559345	-0.03623679	0.05555528	-0.08936019	0.07778647	-0.01480251	0.16787459	0.09333307	0.14922559	0.27166636	0.20725047	0.26943429	0.41946177	0.12933466	0.12078921	0.20876977	0.02023654	0.19420480	0.15766188	0.04015469	0.03874748	-0.03332665	-0.05241409	0.05440369	-0.11808741	0.03205862	0.03575416	0.11627060	-0.02785581	0.08848467	0.19758256	-0.00846920	-0.00127169	-0.05360177	-0.19662716	-0.17572348	-0.28110246	-0.00291427	0.08473195	-0.28479141	-0.10485897	-0.17581035	-0.08565372	-0.11823405	-0.18370512	-0.11052427	0.11938258	-0.11884972	-0.17828753	-0.13005501	0.07697155	0.14836750	0.21917356	-0.21534609	-0.18882272	-0.16964867	-0.01467444	0.05851625	0.13464357	-0.08091782	0.21397465	0.00743614	0.00536983	0.11569171	0.13320152	-0.11876474	0.19242621	0.25395450	-0.00223561	0.07521377	0.06625392	0.18238006	-0.04310718	0.05350911	0.07392953	-0.17980035	-0.12708546	0.09459906	0.28500459	0.03073895	0.13722938	0.01334118	-0.05902981	0.23541067	0.03351538	0.19003447	0.10620062	0.13798903	-0.04866533	-0.31082844	-0.17980139	-0.01915154	-0.03403391	0.01586906	0.33003227	0.17232169	0.08847329	-0.14820548	0.12060284	0.04433871	-0.13426437	-0.21778189	0.45113802	0.12381878	0.05834195	0.23635798	-0.00465239	0.36917878	0.29990596	0.09999162	0.53388883	0.45537022	0.51998583	0.47136856	0.01386976	0.12320888	0.20445684	0.34279016	0.31708527	0.20509976	0.48142237	0.32413242	0.04003811	0.15084053	0.30845532	0.19505819	0.38774795	0.26055800	0.39656139	0.28056671	0.18520520	0.35247325	0.30106708	0.03744084	0.18808247	-0.02576552	0.16048210	0.12077208	-0.03758083	0.04562196	0.02142877	0.20288947	-0.00023689	0.19320778	0.29412822	-0.08815031	0.15670194	0.00325687	0.36132197	0.02716604	0.13994494	0.06458726	0.09173416	0.00832418	0.13174392	0.08231288	0.23679708	0.03876801	0.23628961	0.02265444	0.11926901	0.10665858	0.11435150	0.00439443	0.09323654	0.18579959	0.04458251	0.01265431	0.05726589	0.08844618	0.05788539	0.07257835	0.14351654	0.03942418	0.31655201	-0.00205739	0.01931934	0.05879896	0.07494146	-0.02401929	0.12498814	0.06166305	0.36937031	0.20794475	0.22686425	0.23015210	0.06010615	0.22045339	0.17031879	0.21611105	0.25193889	0.29350925	0.29998804	0.23845196	0.30647414	0.39795243	0.35674806	0.31615241	0.21678381	0.21651834	0.19446663	0.08527985	0.13992025	0.18082759	0.08791433	0.05764186	0.16421107	0.27358262	0.32567756	0.28034016	0.35914202	0.43563406	0.31260483	0.33069013
17Networks_LH_DefaultB_IPL_2	0.33729246	0.26152698	0.19844931	0.31179522	0.09854840	0.11239116	0.18710639	0.11629613	0.29868811	0.18893589	0.26845952	0.13876996	0.22640490	0.20120864	0.34562909	0.05489433	0.13325799	0.30017399	-0.04229100	0.05165855	0.15309767	0.14069943	0.13537350	0.06479012	0.05931928	0.12289330	0.15114954	0.02654775	0.13683827	0.06693643	0.15169134	-0.00361507	-0.06898979	0.07236869	0.18264932	0.09808924	-0.11484639	0.34742275	0.32747291	0.03947113	0.10316144	0.24836796	-0.01588519	0.16771711	0.05465641	0.02664446	0.00319311	0.00629419	0.26896336	0.05196285	-0.07533119	0.04116226	-0.17248120	-0.24176736	-0.10728827	-0.02075576	0.10826314	-0.08973787	0.28262875	0.38522062	0.27301993	0.29578766	0.16067049	0.00651733	0.10631243	0.04032075	-0.08120788	-0.06177319	-0.01182926	-0.04995242	-0.10354390	-0.03845298	-0.30326362	-0.15957007	-0.20147138	-0.08282190	-0.03841193	0.03476101	0.05397794	0.01074927	0.25211128	0.30060624	0.08266275	0.01467524	0.09500200	-0.00533388	0.49331190	-0.21934896	-0.23145032	-0.05733821	-0.11226489	-0.02796945	-0.00371320	0.24756714	-0.18008081	-0.16562298	0.03596703	-0.09232362	0.31729171	0.34773566	-0.24257013	0.11771734	-0.28434609	-0.10246411	0.30086819	-0.13690541	-0.03710402	0.31739149	-0.12764970	0.23871965	0.01410667	0.13402217	0.51314171	0.10095763	0.00667734	-0.03341462	-0.05569783	0.17379324	-0.04363142	0.13709731	-0.05966394	0.07883752	-0.14763495	0.08976839	0.00206782	-0.15216089	0.37362270	0.22427731	-0.12148013	-0.02148729	0.37531251	0.22150654	-0.11831591	0.30875557	0.16865870	0.42209330	0.27739502	-0.06618543	0.55034870	0.32968121	0.36419068	0.21855740	0.70637671	-0.04997380	0.06169870	0.15676320	-0.16456745	0.02365761	0.58373804	0.34137671	0.26101385	0.61280527	0.48724958	0.39821453	0.47977670	0.23971798	0.21424047	0.25786766	0.57267387	0.29617137	0.47666594	0.17743095	0.37071935	0.42390098	0.32344029	0.31060216	0.35128199	0.41776682	0.38273199	0.52873181	0.45879185	0.63639010	0.52506752	1.06821675	0.56873601	0.59049244	0.52349600	0.59224187	0.43066219	0.52745690	0.66017375	0.65354895	0.45704373	0.20066310	0.65913718	0.62639602	0.59136464	-0.11059962	0.10709278	0.12408159	-0.06089002	0.15789694	0.30146633	0.02958499	0.36915382	0.34672699	0.46819228	0.18825266	0.22643545	0.48113850	0.32023114	0.21597165	0.26186379	0.30970292	0.24116397	0.09021636	0.42979491	0.14360704	0.21263416	0.23383762	0.17265738	0.30552048	0.23502925	-0.02717077	0.17493780	0.27741562	0.07902234	0.18453875	0.24212947	0.20570975	0.16645699	-0.05925817	0.09432884	0.12454514	0.11570424	0.05892238	0.10849965	-0.09850811	0.19141218	0.02486911	0.13400239	0.07721374	0.11612637	0.10777085	-0.01077562	0.28226609	0.16250151	0.18465841	0.26840438	0.10076477	0.24638330	0.18170572	0.28174217	0.00232162	-0.04345686	0.02538602	0.01971218	0.04927615	-0.24721174	-0.01025915	-0.02302144	-0.07552076	-0.05474564	-0.17008089	-0.02712050	-0.07878098	-0.05959093	-0.06083487	0.16411888	0.33141887	0.28959186	0.19847368	0.34862300	0.23304965	0.13540983	0.19368453	-0.08104875	0.09907107	0.01884200	-0.01773114	-0.02453007	-0.07532674	-0.05960092	0.09441400	-0.12823789	-0.10338412	-0.06612240	0.02944596	-0.05130354	0.17540987	0.32990246	-0.00446601	-0.10864829	-0.08645903	-0.16008599	-0.19379270	-0.24122564	0.05864949	0.21714295	-0.26075020	-0.01009626	-0.16220257	-0.18931943	-0.10106441	-0.04832683	-0.10000065	0.13667867	-0.23860659	-0.17090533	-0.17930687	-0.02363984	0.24187587	0.32565851	-0.04991954	-0.10304995	-0.09059303	0.26869072	0.03948881	0.19174136	-0.14317367	0.29268470	0.05155862	0.09383532	0.12377463	0.11487711	-0.04295920	-0.05371282	0.41846176	0.03164249	0.06942152	0.01363573	0.12665117	0.00484919	0.02766449	0.01913538	-0.25425468	-0.11642681	0.02530002	0.36712519	0.22363911	0.31365917	0.19216308	-0.05066873	0.42001082	0.01113469	0.25937047	0.23422768	0.42036482	0.27139418	-0.22914218	-0.10703166	-0.10551946	0.17511392	0.29435133	0.48535768	0.16809061	0.19185676	-0.00970451	0.19598947	0.17890252	-0.15833005	-0.10374859	0.45318772	0.07559052	-0.01091449	0.06632246	-0.06582400	0.38498531	0.47647869	0.26014871	0.44310307	0.44405902	0.37283332	0.49762010	0.05506526	0.23236838	0.26608170	0.33202549	0.27840670	0.26385880	0.41078326	0.50004714	0.06233646	0.37806760	0.49814063	0.29705111	0.38587199	0.45583960	0.43022903	0.46744716	0.37906655	0.41785275	0.44238703	0.24274496	0.08036943	-0.03984160	0.13668859	-0.00394314	0.01252863	0.00506494	0.15751150	0.20484267	0.17683986	0.34988565	0.36960954	-0.04231516	0.21172083	0.04837705	0.55606935	0.24998197	0.12022621	0.10283082	0.11921945	-0.05110844	0.17081871	0.05714174	0.16722962	-0.04541121	0.15690571	-0.06012011	0.13339750	-0.01402200	-0.08627570	-0.07520960	0.14094404	0.26404124	0.09430229	-0.00028180	0.15254657	0.16433675	0.06136328	-0.08552082	0.08685491	0.10436761	0.13561833	-0.07162731	0.15358262	0.13792016	-0.01685098	0.05832223	0.22002907	0.16319309	0.31096586	0.26217084	0.11460794	0.26535942	-0.00545300	0.21307295	0.18090462	0.12187787	0.31582942	0.30100767	0.34377942	0.24675907	0.41391310	0.46464585	0.38008745	0.38245262	0.20664991	0.20743767	0.02580468	0.02308163	0.06289015	0.13285119	0.14481779	-0.00907693	0.20217725	0.38473950	0.41908745	0.37557097	0.36843979	0.48832507	0.32579497	0.38133733
17Networks_LH_DefaultB_PFCd_1	0.39209436	0.34329534	0.37425018	0.38503104	0.13789184	0.10972487	0.32810299	0.20269990	0.30138714	0.26012854	0.29216925	0.19460000	0.21253832	0.21698401	0.36266423	-0.02492990	0.00983501	0.32071883	-0.04623809	0.02294161	0.12469491	0.04088078	0.06498400	0.00917851	0.06454059	0.15278367	0.19934647	0.02435729	0.16254176	0.01751400	0.03918033	0.06569642	0.08934935	0.16009227	0.14656185	0.22970764	-0.06164599	0.42180945	0.42300552	0.13656947	0.05657298	0.25269034	0.07548461	0.33983300	0.22404011	0.00201306	0.09678192	0.05728930	0.33271141	0.13054606	0.09899307	0.18289383	-0.08944517	-0.19394336	0.04190948	-0.04072246	0.20146150	0.05014455	0.32260264	0.39679497	0.35834687	0.48792677	0.26370278	0.09217593	0.27884908	0.13118973	0.05325539	0.06612603	0.15373745	-0.03017333	-0.02640451	0.06441242	-0.22687700	0.04303638	-0.14127863	-0.02938169	0.07549069	0.06725283	0.15594429	0.08551456	0.30207168	0.34536209	0.13540927	0.12371103	0.14991991	0.09719842	0.44594500	-0.29268161	-0.17172103	-0.03390993	-0.03102480	-0.02357498	0.06278350	0.16873843	-0.07250972	-0.14169891	0.18469098	0.00343141	0.40056893	0.44101058	-0.28622953	0.09505944	-0.25643234	-0.05293637	0.27877120	-0.19418275	0.02286579	0.28927232	-0.13624704	0.33853611	0.00467564	0.12690680	0.55040723	-0.04283826	-0.14929513	-0.10940186	-0.14407940	0.14944879	-0.10585577	0.14099596	0.01662690	0.23452499	-0.25420374	0.06128022	-0.02911457	-0.13796011	0.25370700	0.11439521	-0.22779953	0.03242607	0.32754588	0.09369329	-0.03129474	0.37600038	0.16542387	0.20588567	0.03621877	-0.04200535	0.54317270	0.25456351	0.33913954	0.18114598	0.68727706	-0.16576116	-0.00114150	0.17395122	-0.19742203	-0.06041534	0.48202903	0.15202998	0.31896319	0.47597097	0.46216338	0.42288767	0.53804456	0.24068727	0.00931317	0.35401947	0.62110523	0.34238655	0.62220017	0.31263856	0.58258171	0.50920262	0.20206852	0.30782884	0.31684495	0.33550590	0.18143410	0.50183645	0.38335201	0.50516815	0.56947225	0.56873601	1.05363344	0.73625085	0.55444275	0.63322485	0.37480989	0.53902051	0.44639282	0.50802561	0.53469005	0.30739399	0.64554213	0.57995335	0.54373016	0.04862903	0.23699130	0.25559888	0.08691573	0.12576727	0.33347699	-0.03823337	0.46427466	0.40672399	0.47010365	0.15845623	0.23251462	0.41940358	0.49556674	0.35828835	0.34393896	0.49584588	0.38865089	0.22332670	0.46976437	0.16274443	0.28330710	0.31681088	0.21665913	0.36418285	0.30020240	0.03199289	0.31951071	0.23668818	0.06757716	0.15641925	0.21604759	0.12749069	0.15708951	-0.08598152	0.07795897	0.23566688	0.12439602	0.08006612	0.08767174	-0.03343610	0.25386506	0.07089815	0.14858475	0.12889658	0.15892148	0.11070127	0.08542092	0.25607039	0.13844474	0.14305658	0.28831551	0.13798055	0.33555664	0.29091342	0.28511874	0.02196023	0.02340128	0.08923167	0.11662030	0.17659724	-0.07755160	0.02422253	0.07151228	0.04018343	0.02537178	-0.06359199	0.16992940	-0.11610920	0.09044793	0.12317866	0.15602322	0.39775286	0.38904395	0.27918579	0.49210647	0.22056412	0.20217817	0.26684306	-0.05466608	0.16348015	0.10083398	-0.07975628	-0.03154047	-0.06299895	-0.05373080	0.18617238	-0.10473906	-0.11695497	0.00326064	0.01598219	0.01803955	0.16168664	0.37253229	-0.00492459	-0.02475840	-0.04236203	-0.14306407	-0.08693847	-0.28629780	0.05429817	0.17381223	-0.27333746	-0.02594932	-0.21934754	-0.09008635	-0.10894908	-0.28446969	-0.01298636	0.12967643	-0.24724508	-0.21255767	-0.15661971	0.00943480	0.24201060	0.31166471	-0.22349862	-0.24163381	-0.16638288	0.14008867	0.11531058	0.12390203	-0.13369351	0.37882132	0.11269255	-0.02271389	0.08480883	0.03625850	-0.13553201	0.06677747	0.38375826	-0.01691920	0.05611289	-0.03260574	0.17443687	-0.06764386	-0.02530231	0.05416313	-0.34714213	-0.18968101	0.03907719	0.40128277	0.12797314	0.21342885	0.06162835	-0.00639833	0.36483037	0.05870353	0.24887009	0.26981075	0.25008063	0.02300334	-0.35292029	-0.18776966	0.00527296	0.06667676	0.11108775	0.43503747	0.26313175	0.11118289	-0.11945461	0.19883307	0.09782032	-0.15242109	-0.19311632	0.45546562	0.11810426	-0.04883597	0.13808528	-0.06561857	0.38036154	0.34281202	0.11163124	0.63989839	0.56048532	0.49003981	0.56298093	-0.02668238	0.19076214	0.19511796	0.43677304	0.42071008	0.35181841	0.64747109	0.54125817	0.21428579	0.31536511	0.41621346	0.21910588	0.47949388	0.36310430	0.55376799	0.33780813	0.25525044	0.37392573	0.42462026	0.11329009	0.21049956	0.03338690	0.19664121	0.11037940	0.12087090	-0.01430814	0.09904782	0.27347801	0.13984833	0.37908774	0.35190837	-0.02269973	0.26876505	0.17140896	0.46618126	0.13949646	0.05710724	0.10056396	0.13808930	-0.04570765	0.16390009	-0.00646921	0.26984030	0.00104407	0.28976685	0.06550932	0.12386416	0.00856041	0.09358705	0.05671944	0.24085607	0.35301711	-0.03330870	-0.02205036	0.03797931	0.18557831	0.08058664	-0.11284344	0.15724455	0.13719667	0.25066200	-0.01110083	0.05459736	0.09748043	0.09997474	0.06151757	0.26207384	0.23879509	0.40730863	0.21277693	0.18825099	0.24189198	-0.05466905	0.30091960	0.20138488	0.13560350	0.26912085	0.34783937	0.34276092	0.32537099	0.49075950	0.54119377	0.44480205	0.41593037	0.28475822	0.23734723	0.14694344	0.04268018	0.04056452	0.20626269	0.17835274	0.06655690	0.19971621	0.44621162	0.48961467	0.52438488	0.47115308	0.57290716	0.47553838	0.44881543
17Networks_LH_DefaultB_PFCd_2	0.37498641	0.37841746	0.29054260	0.35876000	0.15646588	0.08208013	0.25778283	0.26203850	0.21846995	0.28145531	0.33967967	0.23629011	0.26600670	0.25286834	0.41860445	0.06903552	0.08400374	0.34325568	0.00824243	0.03797806	0.18143270	0.09881141	0.18586102	0.09952666	0.05985261	0.21038650	0.23546496	0.03134361	0.12033425	0.04731180	0.04360289	-0.09828011	0.03977449	0.11776608	0.12337893	0.17216000	-0.13190025	0.35994245	0.38091162	0.10677598	0.05364452	0.26719828	0.01794512	0.27424930	0.17611971	0.00809797	0.08867175	0.11116457	0.26901951	0.17128901	0.08982749	0.07097620	-0.10778240	-0.18231166	0.09589630	-0.00578844	0.21699535	-0.05322676	0.27808310	0.44309609	0.39258278	0.46671091	0.27327187	0.03679608	0.25055782	0.09277222	0.07417331	0.07323831	0.10568640	-0.01417354	-0.01808028	0.04158868	-0.25243816	-0.06768108	-0.16453143	-0.05104021	0.03626356	0.08875003	0.12302221	0.12087462	0.26832024	0.36062892	0.08218290	0.09204899	0.20216202	0.11356923	0.38481294	-0.32302033	-0.15882169	-0.01223288	-0.06574814	-0.02125712	0.05557722	0.13839271	-0.09375667	-0.13816759	0.19901326	-0.02209219	0.32347002	0.39508128	-0.26459737	0.15238132	-0.28750016	-0.12939441	0.16272423	-0.25025767	0.04849391	0.24731382	-0.24272473	0.25490461	-0.05685415	0.01571399	0.59511589	-0.02340985	-0.11129475	-0.09756115	-0.04112805	0.20141835	-0.10726048	0.06467273	0.02785384	0.18193758	-0.27359231	0.05596764	-0.04578939	-0.16186841	0.28155348	0.07313889	-0.24456387	0.01439435	0.29378637	0.15076958	-0.08412564	0.32283021	0.15584023	0.17641753	0.01130087	-0.04043853	0.56658854	0.20791287	0.33591036	0.21093681	0.67447693	-0.14769798	0.00904397	0.11775273	-0.19975052	-0.12010837	0.40742027	0.12150060	0.26640512	0.55081067	0.42041000	0.36942280	0.51591979	0.13616799	-0.01133532	0.30778153	0.58188662	0.18369899	0.51181571	0.15991326	0.46008532	0.42243360	0.19703445	0.18642621	0.24195098	0.29649015	0.18855457	0.42240765	0.34260276	0.42350831	0.48602829	0.59049244	0.73625085	1.07352371	0.65955237	0.70145426	0.46304048	0.55653437	0.58872761	0.57285261	0.43242272	0.21368077	0.58585933	0.53192735	0.50833640	-0.02688345	0.11118320	0.12761271	-0.01669502	0.12264349	0.32532980	0.02282409	0.27107752	0.30040999	0.38928762	0.11214938	0.16496755	0.32597207	0.55533484	0.38699532	0.42253839	0.41319931	0.39098475	0.17640862	0.45527720	0.21769733	0.26426168	0.34920661	0.24625410	0.46790319	0.35997170	0.03583946	0.30951498	0.26034263	0.08452722	0.19124950	0.22156420	0.21846255	0.22447351	-0.07268708	0.18552946	0.27064295	0.26590247	0.18985582	0.09533669	-0.09848925	0.19264750	0.04035527	0.10831437	0.14758194	0.11357238	0.04990841	0.06331206	0.27005487	0.10953203	0.18648692	0.30904676	0.13692396	0.30041588	0.29640162	0.32225994	0.03140074	0.05243592	0.13755326	0.12422080	0.16420737	-0.08231604	0.01515337	0.09229223	0.01396218	0.03783912	-0.03491222	0.12324398	-0.07175804	0.05629730	0.11191605	0.17202913	0.42422351	0.43814756	0.32056172	0.35644317	0.33980084	0.27400961	0.30534482	-0.04576803	0.18486450	0.07536510	-0.07272100	-0.01914278	-0.01308626	0.02073214	0.18995423	-0.10502143	-0.11114063	0.00426055	-0.00351312	0.03827924	0.18854513	0.35431109	0.01718218	-0.02242619	-0.03365761	-0.15654397	-0.05703771	-0.23083048	0.07396696	0.18006297	-0.24226922	0.00341023	-0.16824681	-0.08481479	-0.08509702	-0.21713675	0.04102354	0.13086550	-0.21361604	-0.19488809	-0.13449406	-0.02291219	0.24324943	0.36252505	-0.21496264	-0.23644347	-0.17290239	0.16237880	0.08110171	0.10105350	-0.11590602	0.26363778	0.08712175	-0.05671478	0.08340276	0.00730974	-0.14436114	-0.03727306	0.38552645	0.01499359	0.09598207	-0.05132131	0.15997902	-0.02530586	-0.05424410	0.10027413	-0.37077368	-0.15704518	0.06604649	0.35688368	0.11855569	0.20321393	0.09725628	-0.03770949	0.27043577	-0.00719177	0.22158303	0.19461855	0.24521024	0.01890226	-0.32212158	-0.12764821	-0.04916312	0.11384715	0.15330975	0.46399600	0.20276821	0.08069642	-0.14072605	0.15928095	0.05393740	-0.14653686	-0.14965672	0.39811014	0.01748667	-0.06163906	0.02749810	-0.16403129	0.32400497	0.30194040	0.10546889	0.51853262	0.51660510	0.34761816	0.49637506	-0.13184625	0.11441304	0.14864718	0.24882397	0.30119006	0.23552193	0.48578445	0.54766857	0.13635405	0.21014450	0.30112266	0.18106760	0.43710005	0.42327936	0.41172597	0.40181418	0.33956871	0.32808628	0.34931169	0.09323869	0.09398130	0.00596847	0.11613668	0.03552776	0.05355340	-0.03275499	0.01797637	0.14641015	0.13511659	0.31122593	0.23665364	-0.14521727	0.16124537	0.04943781	0.36970370	0.09485538	-0.01506770	0.09673944	0.12408107	-0.07236430	0.14655112	-0.06187503	0.12589615	-0.03216798	0.21098251	0.02393592	0.11334465	-0.06100022	0.05062473	0.10370465	0.17271513	0.29104827	-0.03652881	-0.06210763	0.06744980	0.13332236	0.06082532	-0.20308636	0.08175179	0.05080412	0.15029356	-0.06375361	0.16125369	0.10861231	0.03176400	0.10450414	0.22206859	0.16445128	0.39978010	0.24006842	0.20007746	0.32141726	-0.07433707	0.35014035	0.25125830	0.11806862	0.29170141	0.32324749	0.36179157	0.32419108	0.53045728	0.59335909	0.44038599	0.45079797	0.26685057	0.24320977	0.11075270	0.03461046	0.03108770	0.21297028	0.19546363	0.07363319	0.24676791	0.51969270	0.51906934	0.55987621	0.44549881	0.59148653	0.49078954	0.48888165
17Networks_LH_DefaultB_PFCd_3	0.23708222	0.35718162	0.21387283	0.29803068	0.14252134	-0.03991743	0.18034787	0.22011029	0.14827071	0.19207521	0.26241969	0.17143463	0.22156785	0.25756715	0.36148746	0.13100420	0.18953072	0.29069546	0.14290390	0.09734352	0.25295068	0.20021503	0.21293455	0.12423969	-0.01320585	0.14093015	0.09571869	0.06832676	-0.00326263	-0.00236412	-0.01247196	-0.06078931	0.05358725	0.11508225	0.16349778	0.21537318	-0.15791844	0.24546788	0.26644646	0.14766457	-0.00855235	0.19156493	-0.00544012	0.29126963	0.18399713	0.03633362	-0.02300076	0.05736434	0.35350711	0.13157620	0.07243344	0.01922180	-0.05480985	-0.10843443	-0.05377459	-0.05826127	0.12199962	-0.08744012	0.13239537	0.28586841	0.32336396	0.30784823	0.13563652	0.02349686	0.21666887	0.05427424	0.06053423	0.10416941	0.11936446	-0.04324852	0.00312882	0.05670977	-0.13808208	-0.07493966	-0.10401390	-0.06747002	-0.02725234	0.08617118	0.15192331	0.08727767	0.19893908	0.30615205	0.09999892	0.12749785	0.17805426	0.12680419	0.44064279	-0.14460147	-0.12175393	0.00917147	-0.01400779	-0.03985376	-0.00253324	0.11035367	-0.09078149	-0.02916909	0.17033659	-0.05296603	0.36729604	0.38260912	-0.13272674	0.42053463	-0.11407872	-0.06255893	0.18017170	-0.07950906	0.16913578	0.40688362	-0.20785022	0.18867281	-0.11536632	-0.03258803	0.50180583	-0.04861884	-0.14670336	-0.16810759	-0.06693362	0.10582448	-0.12631718	0.10726613	0.03815581	0.13289837	-0.14119349	0.07153082	0.00580994	-0.13219353	0.26051177	0.06606889	-0.12082178	0.02583929	0.20301823	0.21864916	-0.02139613	0.14530507	0.16004091	0.22452197	0.06422150	-0.00416143	0.45131835	0.17579757	0.33432804	0.38157664	0.65464360	-0.02133322	0.06619290	0.16718830	-0.06699544	-0.01434488	0.32084024	0.12160996	0.34675343	0.56957985	0.30625996	0.29831979	0.35135346	0.15492354	0.03981559	0.28729111	0.44377653	0.15403711	0.39146009	0.13993302	0.38980604	0.45108367	0.19202524	0.27561778	0.13355128	0.21537690	0.14808385	0.32656506	0.27016771	0.33077113	0.32409538	0.52349600	0.55444275	0.65955237	0.97666725	0.62255812	0.37641456	0.54338373	0.60007673	0.56260444	0.37390885	0.11070090	0.45637531	0.50761076	0.42533523	-0.02378054	0.10904144	0.09918030	-0.04276193	0.12658704	0.31206816	0.04535666	0.20938341	0.31356580	0.34410818	0.12965566	0.18436534	0.27622685	0.46637308	0.33274504	0.38879805	0.28418750	0.20855678	0.07340778	0.36491024	0.14455479	0.21112149	0.24545928	0.23457741	0.38035757	0.32526082	0.07681560	0.29319488	0.29762419	0.11426116	0.25303371	0.22342345	0.26489419	0.27246988	0.04603454	0.20063275	0.18658189	0.11927378	0.07776481	0.07455254	-0.13971407	0.10858796	0.02123781	0.06405356	0.04498932	0.04426165	0.02981913	0.05222927	0.17494556	0.04289945	0.05725827	0.20371266	0.17600231	0.17781594	0.16283757	0.19739322	0.08364912	0.08766348	0.04408495	0.07615992	0.09944494	-0.08506934	-0.07209038	0.03841977	0.02125306	-0.09849979	-0.05153835	0.03865847	-0.05405281	-0.07215249	0.03769585	0.20011043	0.38536819	0.39159724	0.23093683	0.20474624	0.25179321	0.30042423	0.28753688	-0.09361563	0.12664483	0.04485676	-0.05595963	-0.02044022	-0.02120928	0.05671567	0.12076080	-0.02010355	-0.04948510	-0.03797444	-0.05036539	0.04572892	0.16967161	0.28220677	0.01406238	-0.04866812	-0.00214337	-0.12219468	-0.03483455	-0.06973691	0.10060837	0.21595749	-0.16792147	0.02857264	-0.14504265	-0.09198623	-0.05819212	-0.15198588	0.01390400	0.05565922	-0.16872743	-0.09424942	-0.16416719	-0.02772461	0.28523293	0.36857785	-0.08354549	-0.12409145	0.03275803	0.34488769	0.26098895	0.18393959	-0.01293664	0.41575984	0.28271490	-0.09130861	0.02280063	-0.07676936	-0.06870662	-0.14006417	0.35709622	-0.07304226	0.07558047	-0.12317391	0.05028152	-0.13522948	-0.00379456	0.01691269	-0.23710110	-0.17533213	0.07819032	0.32007024	0.03944686	0.15996864	0.10639477	-0.06116963	0.26205483	0.00303657	0.13649539	0.20352717	0.27624132	0.05681795	-0.20546579	-0.09894070	0.06384686	0.16150746	0.12513431	0.33728745	0.08562450	0.18316005	0.01130295	0.22741532	0.08285498	-0.07523857	-0.05602082	0.29609212	0.06599484	-0.05470947	0.05089567	-0.06510353	0.26813700	0.25833835	0.03680636	0.43537173	0.37385026	0.21166180	0.34954501	-0.08327150	0.24655420	0.14530257	0.15484073	0.07825198	0.27953692	0.33667726	0.51874273	0.13891149	0.19497744	0.22415095	0.22219263	0.31565091	0.34102154	0.34012370	0.34715769	0.42292422	0.36664261	0.33111388	0.18450444	0.00602678	0.02120930	0.09289361	-0.00753599	0.06527755	0.03154852	0.05500171	0.11935473	0.18550705	0.28933240	0.20918772	-0.01511526	0.16463375	0.06610960	0.33367113	0.20652495	-0.07826812	0.11902323	0.03875394	-0.13278977	0.20879932	-0.09207800	0.12228175	0.04229814	0.09491902	0.02379889	0.08275595	-0.06166939	-0.07957324	-0.06979774	0.17637582	0.26962562	-0.08802077	-0.05117315	-0.07437836	0.00863477	0.06219533	-0.18323479	0.05212509	0.07847853	0.04395174	-0.05428239	0.17255480	0.07185471	-0.04598757	-0.01176420	0.26271201	0.16837282	0.32559642	0.23039446	0.11101822	0.20289287	0.00895515	0.27748753	0.22716913	0.13267283	0.22925255	0.29932650	0.30205520	0.28186835	0.41167942	0.48002600	0.34875061	0.32392808	0.20198950	0.23434682	0.08460075	0.04717724	0.04369451	0.17908546	0.15714177	0.12851277	0.23080985	0.44601433	0.45248282	0.41930324	0.36608196	0.52040221	0.35833943	0.38842156
17Networks_LH_DefaultB_PFCd_4	0.31202950	0.34974875	0.25811914	0.42524775	0.22437064	0.01503590	0.28406048	0.24940046	0.18677194	0.16798196	0.22422545	0.14525434	0.20110241	0.32794252	0.41587181	0.07765735	0.12693459	0.30457977	0.09716347	0.08772159	0.22020651	0.18409375	0.22499409	0.11600773	0.12513667	0.26974053	0.11206140	0.11978395	0.11172141	0.06807567	0.06491886	0.00922236	0.12667493	0.19125878	0.19077343	0.21506122	-0.11977827	0.29848826	0.38675626	0.20606642	0.01613203	0.25983965	0.01061071	0.15131323	0.14214237	-0.04969541	0.02983273	0.04416812	0.24402613	0.13343167	0.10694368	0.12715097	-0.08651755	-0.15505722	-0.06739086	-0.05408552	0.12764075	-0.01198820	0.16493080	0.47268057	0.33087369	0.43562659	0.19265857	0.03869174	0.15145641	0.10397915	0.12420487	0.07266969	0.14574264	-0.06087437	0.02207571	0.13005195	-0.17363124	-0.06869652	-0.14266480	0.00495334	0.03905273	0.11849056	0.12712276	0.15850015	0.27137565	0.34224658	0.14440146	0.06896825	0.15889208	0.05252084	0.34021681	-0.20192989	-0.24542750	-0.06984158	-0.05072040	-0.10081085	-0.02645576	0.13983613	-0.11981859	-0.14582885	0.18383090	-0.01396557	0.35239781	0.41876970	-0.18953704	0.17517719	-0.16055723	-0.05183526	0.14840324	-0.19273088	0.07828289	0.36232730	-0.24457404	0.23318240	-0.12480154	0.04238432	0.42257655	-0.16482713	-0.24726729	-0.24333043	-0.03506221	0.10578271	-0.10137200	0.08974557	-0.01179086	0.13881363	-0.13698894	0.11232770	0.04293061	-0.16659185	0.39184997	0.08066898	-0.13647178	0.03645856	0.23000879	0.13603245	-0.07130517	0.39470703	0.28647362	0.32894971	0.11960080	-0.06996680	0.61878351	0.23099386	0.30901992	0.21697520	0.62931576	-0.03615634	0.07211530	0.14829517	-0.06626021	0.02039752	0.39741472	0.20773850	0.33514505	0.69341071	0.46614244	0.36310493	0.43331782	0.14549426	0.09901579	0.31949704	0.52260109	0.17924501	0.49514204	0.18395387	0.42378943	0.42398318	0.23163787	0.26311068	0.19588972	0.17458721	0.14710980	0.34426044	0.24386193	0.33392226	0.44447750	0.59224187	0.63322485	0.70145426	0.62255812	1.11254085	0.62855197	0.59548681	0.65213474	0.55537115	0.44326217	0.14889014	0.48138335	0.41988069	0.39775294	0.01415673	0.16751895	0.10410455	0.00559651	0.20705150	0.29391495	0.01615678	0.30444259	0.29077466	0.29339227	0.05886738	0.15026092	0.34348223	0.44190311	0.30927890	0.30591502	0.36100092	0.30620192	0.19002167	0.38820308	0.10766847	0.20573456	0.26589747	0.13093839	0.30792793	0.25135667	-0.02460526	0.36347358	0.31039220	0.09168586	0.25088376	0.24444517	0.23231183	0.22171421	0.03220841	0.15818090	0.24477676	0.24072660	0.15454717	0.16755849	-0.03777626	0.22192948	0.13726476	0.20896108	0.16950487	0.11834675	0.15816658	0.13635808	0.28058069	0.09505694	0.11831850	0.18663163	0.12894776	0.38137930	0.35979315	0.43432031	0.05900149	0.10555218	0.03258977	0.01141521	0.05245496	-0.07053643	-0.03579075	0.05463270	0.01690258	-0.05982307	-0.03150408	0.13253539	0.04436504	0.03488790	0.13244602	0.29408378	0.43678686	0.42187559	0.31727204	0.41074625	0.20141055	0.19808869	0.23094045	-0.03048348	0.07500491	0.05761096	-0.07753947	0.00645004	0.02899370	-0.02177216	0.13251086	-0.03602938	-0.05333265	0.02777574	0.06275908	0.04909895	0.22683886	0.37496362	0.07123276	0.01454436	0.04809684	-0.13295930	-0.06018644	-0.13092944	0.19156106	0.05145702	-0.15854335	0.02067346	-0.15023860	-0.11395013	-0.11524425	-0.08449253	0.00256490	0.06582158	-0.19044166	-0.05728857	-0.11859107	0.04978910	0.35937109	0.47252555	-0.06198588	-0.11148770	-0.05682252	0.27142082	0.17220858	0.24076728	-0.01276979	0.37732223	0.18352596	0.03216433	0.10812913	-0.06700367	-0.13060324	-0.14176835	0.23517314	-0.14630679	-0.06689124	0.07937492	-0.04313827	-0.03730945	-0.04881362	0.05264241	-0.25919086	-0.09630575	0.07858475	0.40808100	0.19419150	0.29224285	0.20970388	0.06362076	0.27806101	-0.01289351	0.23587848	0.36870962	0.37243780	0.14791597	-0.17252206	-0.11330656	0.07560979	0.26417271	0.27205306	0.58600235	0.21358870	0.16651414	0.00742919	0.23439051	0.17323131	-0.07339635	-0.03427581	0.45163787	0.08753522	0.02499762	0.17316199	0.03559958	0.28254225	0.40866783	0.19947060	0.54084283	0.52356283	0.37247817	0.46885032	0.00939121	0.26469733	0.21294428	0.35172035	0.25381014	0.29929749	0.46030858	0.60013133	0.12706765	0.29029452	0.29748480	0.28671011	0.53462222	0.51117897	0.48754819	0.61835806	0.56837286	0.42552902	0.37536736	0.13721332	0.16340167	0.03394964	0.08298741	0.06581345	0.16469124	0.04067701	0.00609814	0.10514233	0.16295065	0.32169266	0.24001798	-0.09136915	0.21797925	0.06567911	0.50034901	0.20913452	-0.18498909	0.04829305	0.02597098	-0.15611352	0.12035928	-0.09206667	0.09751517	0.00479458	0.15967437	-0.06344231	0.07786408	-0.08331309	-0.06428437	-0.04646410	0.12129122	0.21356115	-0.13162297	-0.01923024	-0.04988316	0.09914626	0.12837682	-0.20502193	0.11363211	0.11780774	0.07575376	-0.09525767	0.07446508	0.09955104	-0.06283862	0.00088285	0.19874568	0.11461367	0.45102597	0.33450931	0.19254770	0.30544499	-0.04340034	0.39574996	0.34803596	0.13134349	0.41015131	0.39527169	0.40040278	0.34538202	0.54191908	0.56095433	0.34638075	0.42787370	0.26614345	0.24100491	0.16130552	0.13482301	0.12683147	0.28595828	0.36279171	0.15641150	0.26921159	0.52879887	0.51046939	0.47026903	0.42986376	0.49649856	0.34375813	0.39017547
17Networks_LH_DefaultB_PFCd_5	0.32556483	0.33514555	0.25050065	0.38813357	0.18939176	0.02129241	0.20340646	0.11357385	0.14405689	0.08315002	0.18857660	0.11232800	0.08142402	0.20553268	0.32703477	0.00614922	0.10156786	0.27857271	0.15652144	0.07838936	0.24855548	0.24283207	0.21751377	0.10176909	-0.02406981	0.19293540	0.13207854	0.08289151	0.01629139	0.03514807	-0.04899081	-0.09817353	0.01020095	0.11659711	0.14010834	0.04783397	-0.26321290	0.27802638	0.30912926	0.08457141	-0.10850718	0.17796808	-0.07574356	0.09664965	0.07673649	-0.11483989	0.07447505	-0.02829083	0.21607117	0.16857074	0.01582745	0.00782518	-0.11543044	0.02497642	0.00926830	-0.05169432	0.02308137	-0.00499967	0.06918081	0.32920972	0.12667953	0.35258293	0.20882706	-0.09632712	0.04293537	0.03369811	0.03749929	-0.07707280	-0.09120455	-0.16207711	-0.08403275	0.03218694	0.01280655	-0.10946521	-0.04303928	-0.07613146	-0.11206942	-0.09428963	0.15863278	0.07090183	0.25155675	0.23170209	-0.13392166	-0.05005629	0.05753557	0.04718109	0.16750631	-0.06370563	-0.04855582	-0.06352692	-0.04950192	-0.00022992	0.02688130	0.13658258	-0.18254040	-0.19308230	0.08455706	-0.14005765	0.20067665	0.27546031	-0.06476980	0.05481271	-0.15237539	-0.02199028	0.13663289	-0.19948871	0.15990479	0.28591084	-0.21613575	0.21756101	-0.06257731	0.02785816	0.27469990	-0.15702870	-0.19141487	-0.12729666	0.02091209	0.03376548	-0.10938836	0.07642947	-0.08050975	-0.00268709	-0.02666057	0.12319931	-0.02286398	-0.13035067	0.41755507	0.24305586	-0.02348495	0.12941528	0.21082747	0.09903007	-0.08677684	0.34740288	0.30669290	0.31974072	0.23392209	-0.07748878	0.59692033	0.22939140	0.28347847	0.16932739	0.41634724	-0.09474898	0.06279370	-0.00057031	-0.08339787	-0.00044497	0.30941240	0.19095878	0.25508326	0.51540866	0.42043180	0.30906747	0.27138076	0.13876791	0.15389031	0.14655928	0.32694070	0.07606910	0.37390582	0.13713381	0.24890487	0.21993183	0.26225063	0.24162549	0.13803465	0.09565766	0.14739071	0.20843333	0.30006109	0.26732264	0.27295273	0.43066219	0.37480989	0.46304048	0.37641456	0.62855197	1.05640828	0.49907654	0.55510059	0.44976428	0.29586257	0.23866544	0.35885391	0.34582448	0.34862782	-0.02696729	0.15294442	0.12961983	-0.01535804	0.17942425	0.24816348	-0.01918698	0.30305927	0.24182833	0.24176713	0.06691970	0.09810580	0.28772811	0.22250958	0.29082335	0.29098509	0.36509705	0.20097670	0.20992739	0.31190807	0.00444618	0.11280300	0.07350339	0.23376878	0.25824299	0.10711754	-0.00381943	0.25270305	0.28336369	0.05240729	0.25388254	0.17318539	0.23649012	0.27393887	-0.00366003	0.19915875	0.05998027	0.13504165	0.05329813	0.08632400	-0.10993392	0.10930321	0.06705018	0.10483334	0.03950763	0.04029712	0.02671929	-0.04251737	0.33636711	-0.10018041	0.06715008	0.18962275	0.06005453	0.32135471	0.19644912	0.46348311	0.03725890	0.04992904	-0.07343838	-0.07946229	0.04102052	-0.08960920	-0.00665333	-0.01887982	-0.02256862	-0.08008105	-0.06296943	0.03803608	0.11538626	-0.04408172	-0.03262799	0.12256809	0.27711920	0.22940845	0.08584805	0.25581258	0.15540178	0.10253785	0.07960681	-0.11574203	-0.03963617	-0.08452448	-0.12786591	-0.07697288	-0.05188942	-0.09431222	0.09945772	0.00894210	-0.10399690	-0.01976893	-0.02069667	-0.00692726	0.19751979	0.37936698	-0.00621744	-0.18737038	-0.05532675	-0.07370383	-0.01738779	-0.05825527	0.14425904	0.02968441	-0.05422327	-0.00105212	-0.02990312	-0.01943423	-0.02055102	-0.08189366	-0.07205565	0.07224258	-0.25783905	-0.04283869	-0.11077349	0.00775806	0.22296571	0.42891522	-0.04078029	0.01840545	-0.02883292	0.14889322	0.07639460	0.20705705	-0.03017263	0.18070135	0.01662082	0.10541437	0.18110588	-0.07158637	-0.06764909	-0.15036013	0.03738215	-0.17666319	-0.13862908	0.05208424	-0.09515698	-0.07939203	-0.05918451	-0.02534373	-0.05783205	-0.00511264	-0.02756488	0.28268733	0.20496518	0.22968633	0.17463843	0.12134643	0.17456610	-0.05704650	0.15394740	0.28941428	0.19788956	0.16912468	-0.09282103	-0.02143751	0.01856145	0.17590011	0.21761858	0.50481586	0.21471682	0.05598884	0.00281696	0.15390209	0.10229524	-0.12398559	-0.08108148	0.26005156	-0.02276011	-0.12514740	0.14143611	0.02268716	0.11943949	0.30408403	0.20967156	0.34994596	0.32767789	0.18226725	0.24236940	-0.01010270	0.07395038	0.08319653	0.27062053	0.13761132	0.18224301	0.24211987	0.32807452	0.00362536	0.19186073	0.23206732	0.10735206	0.34975042	0.38226703	0.28330604	0.52655734	0.50475926	0.29948783	0.26655311	0.06293723	0.09916027	-0.08475568	0.09771928	0.07094629	0.16334589	0.04601375	0.01045957	0.11393411	0.12473475	0.22276823	0.20528133	-0.17791813	0.13867129	-0.01914955	0.28790559	0.09284820	-0.21898899	0.00147517	0.05254270	-0.04984338	-0.04314485	-0.09035968	0.03788488	0.01594000	0.07129517	-0.01002348	0.02442276	-0.11722346	-0.05044388	-0.00088970	0.01018261	0.22728371	-0.18902419	0.05972207	-0.00738240	0.03578329	0.12877001	-0.16642588	0.05020311	0.03283462	0.07572450	-0.09402396	-0.02392044	0.11985608	0.00938757	0.05295221	0.08186632	0.11799710	0.32477444	0.26406845	0.09344855	0.22506533	-0.08559701	0.26617475	0.24198110	0.08920890	0.35391236	0.32554779	0.36179382	0.26928739	0.38118972	0.42628743	0.25965128	0.35321647	0.21922582	0.06103680	0.09225074	0.08756212	0.01513861	0.13874628	0.26810317	0.09477480	0.23211904	0.47615161	0.39108209	0.38729253	0.35047272	0.37887283	0.27436664	0.30857782
17Networks_LH_DefaultB_PFCd_6	0.50302079	0.47696898	0.44084404	0.55471428	0.12971036	0.01314690	0.39293031	0.20908350	0.21492799	0.21205682	0.28694992	0.22429221	0.28803832	0.46665863	0.50509792	0.03108472	0.21935061	0.33559823	0.18540946	0.24155348	0.26370002	0.16956038	0.25757999	0.27982007	0.11870340	0.23175059	0.22154254	0.24194653	0.12466551	0.19599638	0.12873075	0.17092555	0.20202673	0.31848405	0.30908100	0.41827428	-0.09656096	0.38950401	0.52346645	0.43692333	0.05687072	0.30485527	0.17355721	0.32737541	0.14381851	-0.04074256	0.08018948	-0.02195529	0.18838164	0.14957047	0.15582719	0.26832800	-0.05087811	-0.01074018	0.03496148	-0.14282859	0.17117578	0.09543615	0.32311105	0.44271383	0.30979235	0.43402514	0.31764764	0.02369778	0.28633812	0.09831802	0.22858302	0.22268978	0.21821935	0.08136736	0.24465194	0.26257819	-0.03615113	0.04914164	-0.04482089	0.10345550	0.17682801	0.14872576	0.30162960	0.21892347	0.33962610	0.42268050	0.20928101	0.23723165	0.23434389	0.11505723	0.34902746	-0.07187684	-0.08487950	-0.19147870	0.03655845	0.09547708	0.21903158	0.37786156	0.05655017	0.08666966	0.18047517	0.13302453	0.49935771	0.67028277	-0.07235946	0.34937523	-0.07094235	0.02563532	0.20004765	0.01011977	0.21217860	0.42826410	-0.17223185	0.30762543	-0.01411908	-0.00792057	0.39958115	-0.09672550	-0.17424142	-0.24534052	-0.20786074	0.05358307	-0.15264210	0.11617147	0.05036026	0.26810353	-0.00468890	0.26560756	0.12291239	0.00871848	0.52907972	0.34232694	0.01715097	0.18052781	0.32292269	0.20150511	-0.00467190	0.41914754	0.32299795	0.40926908	0.29751383	0.08692467	0.45541910	0.33073460	0.38967698	0.37823400	0.59750927	-0.06835579	0.16904029	0.12145581	-0.11319235	-0.02310677	0.34740664	0.20784295	0.16363004	0.47048412	0.28915454	0.21845285	0.24482310	0.09557278	0.06230468	0.33458343	0.40212928	0.08045492	0.40178383	0.11839508	0.27842393	0.23868030	0.37054276	0.17554368	0.19864321	0.12090486	0.09238795	0.25076920	0.32051119	0.38340467	0.32373783	0.52745690	0.53902051	0.55653437	0.54338373	0.59548681	0.49907654	1.03764654	0.48334425	0.61842950	0.36345603	0.17343408	0.45427777	0.56617173	0.56947165	0.06464633	0.21627387	0.08148892	-0.06497056	0.12401026	0.29093159	0.03786681	0.45487370	0.41626200	0.32357304	0.11709195	0.10693918	0.20411493	0.53176609	0.41902919	0.46342665	0.54435911	0.31951171	0.35918262	0.51060894	0.25729163	0.22603088	0.34992307	0.23750587	0.40478610	0.38174030	-0.01109619	0.43109494	0.45523788	0.13258613	0.31202051	0.30472765	0.34326226	0.28884698	0.13725265	0.20400454	0.37319742	0.20511063	0.20588361	0.23754223	0.06977405	0.30529622	0.17523238	0.26528502	0.26686653	0.20441948	0.19374681	0.25116181	0.34335695	0.14784054	0.12214745	0.29338084	0.31154601	0.44268415	0.42119525	0.38721636	0.14330660	0.13758932	0.12059305	0.09801723	0.12937180	0.02997534	0.01653005	0.09984866	0.07304542	0.03759612	-0.01903918	0.16373843	0.12353376	0.14530308	0.17065037	0.28122502	0.51999771	0.44351272	0.32698630	0.22842651	0.25701355	0.29937004	0.33663657	0.08962875	0.22737592	0.22746333	0.12721301	0.10583439	0.09975815	0.10662979	0.24783408	0.11986445	0.12133291	0.16563268	0.09030978	0.14299331	0.24775135	0.30708532	0.12305177	0.17747547	0.22274790	-0.06682678	0.06025489	0.01475969	0.19839822	0.12011226	-0.07738259	0.03939234	-0.11682196	0.02854523	0.02487839	-0.13917528	0.13128307	0.10979688	-0.05573317	0.03401359	0.00769927	0.13566653	0.54734979	0.43199981	-0.08801754	0.00095801	0.09651551	0.18228058	0.25738646	0.17043607	-0.04416941	0.22809412	0.26678254	0.05131316	0.16162662	-0.10677616	-0.04813172	-0.03877546	0.11283827	-0.00608858	-0.08148381	0.07152817	-0.00932842	-0.15399682	-0.01332413	0.18942372	-0.05563173	0.01018247	0.21843834	0.33879412	0.25659681	0.23741336	0.26440027	0.04355914	0.28886583	0.12839933	0.23931043	0.38440871	0.32744298	0.19951032	-0.11167434	-0.02086787	0.11514509	0.21607630	0.23097810	0.47966269	0.12933632	0.22334006	0.10866037	0.26419603	0.15374209	-0.20100974	-0.04934209	0.26813742	0.00883055	-0.00244869	0.00665748	0.01095089	0.15739859	0.31051767	0.18176987	0.40038600	0.36508903	0.18867516	0.28947468	-0.09445570	0.19839987	0.04606541	0.23912866	0.12006622	0.16310532	0.30866442	0.54661785	0.15228259	0.29466285	0.26963676	0.24015268	0.39804961	0.27998682	0.42261172	0.42312232	0.48882339	0.25831256	0.32034308	0.16056698	-0.00832638	-0.02767877	0.13938291	-0.05641548	0.12913203	0.00925181	0.06024309	0.06172865	0.21662532	0.40035124	0.21913358	0.03926723	0.03124006	-0.00624776	0.38509467	0.13916254	-0.19229823	0.05389938	0.06500977	-0.09984004	0.21646889	-0.03756263	0.20927966	0.14722909	0.17767601	0.12439973	0.09027077	-0.04010516	0.03220610	-0.03472464	0.33847343	0.44198393	-0.17453729	-0.03303369	-0.04976978	0.12712173	0.07244224	-0.14449293	0.15733833	0.14940679	0.16629078	0.01220469	0.10209363	0.24471337	0.14597731	0.12547656	0.38298290	0.41086838	0.46465639	0.37921287	0.30353268	0.19383519	-0.04832815	0.39296698	0.29269849	0.10920039	0.34971762	0.44293599	0.46251910	0.44994785	0.50321646	0.53691206	0.34740978	0.38898992	0.38669706	0.39067566	0.32180288	0.08709752	0.14188818	0.35144579	0.26830049	0.17769528	0.36089780	0.60754432	0.62272701	0.51379014	0.50748307	0.53938224	0.44540643	0.39494140
17Networks_LH_DefaultB_PFCl_1	0.21905426	0.27266750	0.12152897	0.20080362	0.11507097	0.13582198	0.09863491	0.19057343	0.24668487	0.24215283	0.23595535	0.18753270	0.25371367	0.23055335	0.30779837	0.13606763	0.18004769	0.21987480	0.03826858	0.08177926	0.18901827	0.20271649	0.22669261	0.19958162	0.09005638	0.20830985	0.20633020	0.06961027	0.06184550	0.05761477	0.07226779	-0.14067224	0.03864615	0.06330713	0.12362205	0.08723611	-0.17134930	0.20878111	0.25875156	0.03815520	-0.00157009	0.20533482	-0.02853197	0.08823690	0.05518208	-0.01758730	0.01722757	0.04704486	0.29239134	0.19527056	0.02131833	-0.08373541	-0.01919723	-0.17158513	-0.03715840	0.00830931	0.05717066	-0.04734819	0.14980267	0.22892725	0.26639186	0.23139314	0.13409630	0.04448944	0.07155886	0.10155207	0.03698726	-0.02508382	0.02552987	-0.11820721	-0.09049301	-0.01526226	-0.18353882	-0.20609588	-0.17606130	-0.10546563	-0.07879264	0.06144628	0.04599719	-0.03051562	0.13606337	0.38078515	-0.09522707	0.06569280	0.13094043	0.12244233	0.41044814	-0.08675262	-0.17078722	0.07102275	-0.13146243	-0.02312998	0.04978989	0.11238476	-0.06533166	-0.12575306	0.11447156	-0.07138558	0.26989686	0.23826529	-0.26509729	0.13015723	-0.26163451	-0.16939398	0.10586387	-0.14475188	-0.01024585	0.24193463	-0.28746526	0.09914306	-0.06799233	0.00239095	0.48612458	0.06774095	-0.10580044	-0.08585266	-0.02757941	0.11007538	-0.16094617	0.11172457	-0.00044420	0.02443522	-0.14927915	0.08368721	-0.01828938	-0.24260146	0.31302191	0.15126612	-0.15019719	-0.05871517	0.21391073	0.12471355	-0.08762257	0.18404035	0.14763499	0.28928649	0.14635808	-0.10292965	0.53230235	0.19205528	0.29589058	0.13063538	0.71582939	-0.13165971	0.00993034	0.05291915	-0.11200672	-0.04949773	0.38230517	0.17131213	0.26420988	0.64183813	0.38150024	0.30970066	0.40181412	0.10975895	0.08805464	0.20307618	0.47370085	0.15274791	0.34589171	0.06083356	0.26387282	0.35470281	0.14565752	0.22101369	0.19994516	0.25577520	0.26429864	0.36406837	0.37727906	0.41565759	0.34009701	0.66017375	0.44639282	0.58872761	0.60007673	0.65213474	0.55510059	0.48334425	1.10269716	0.69247594	0.37914265	0.03727559	0.55805417	0.54474000	0.49813663	-0.10307939	0.06551654	0.07320830	-0.11520661	0.11994660	0.34035027	0.17065234	0.14202182	0.31376946	0.35287739	0.19496972	0.23673392	0.38941127	0.33499143	0.17373229	0.29933183	0.21561620	0.12142427	0.06457344	0.35656975	0.14368974	0.21673719	0.23359794	0.22145156	0.32786807	0.29884849	0.03173294	0.18266444	0.26374670	0.13638766	0.17435956	0.30687039	0.29829229	0.18302681	0.01304345	0.18948132	0.03791262	0.23165884	0.19129997	0.12507973	-0.12359762	0.17603831	0.12105599	0.12855565	0.10697118	0.11342258	0.11292516	0.02606153	0.22360285	0.03239005	0.12155101	0.21759048	0.08059168	0.20565414	0.20892343	0.28986823	0.07041166	0.04466985	0.03089897	0.05614744	0.05405882	-0.12363884	-0.06016030	0.04049011	-0.03015183	-0.06719375	-0.05676239	-0.00714847	-0.08619373	-0.09307605	-0.00778797	0.15550448	0.27337789	0.30826865	0.21426034	0.21457778	0.29037508	0.21972458	0.22337640	-0.10391261	0.12745774	0.00046478	-0.06854181	-0.02042657	-0.01946274	0.00641169	0.09571620	-0.06032586	-0.06348977	-0.03406729	-0.01914511	0.02360569	0.17328036	0.24737099	0.08371146	-0.13389387	-0.03953798	0.00492620	-0.02525988	-0.06585638	0.03352050	0.27901875	-0.07933654	0.07304633	-0.01204744	-0.11344355	-0.02935645	0.01404035	0.03060273	0.03789984	-0.16176119	-0.17454592	-0.15689612	0.06191193	0.23862599	0.45713269	-0.02200035	-0.07745025	-0.04743336	0.33042072	0.10937794	0.23415157	-0.09845058	0.26315426	0.11065882	-0.00304055	0.09528331	-0.03001443	-0.06331611	-0.18166934	0.29201700	-0.09837734	0.11498545	-0.03710785	-0.01015188	-0.06315377	0.03077139	0.06638136	-0.21665001	-0.17008003	0.04969185	0.28938561	0.14920027	0.18920614	0.17987425	-0.05286249	0.32078102	-0.11349786	0.14415280	0.24573431	0.32649092	0.20564215	-0.14236674	-0.13556268	-0.09389491	0.19922618	0.23386662	0.41814776	0.02242813	0.10829025	0.01635260	0.13724998	0.08797381	-0.14536684	-0.12156052	0.28304742	0.01065042	-0.02687610	0.09620221	-0.13122276	0.26714523	0.26193915	0.08636999	0.37503069	0.36163088	0.23509864	0.36302828	-0.10791926	0.15054226	0.12901678	0.13575235	0.09022364	0.15037643	0.26106991	0.44320504	-0.01065186	0.28911649	0.30943810	0.29677251	0.26627199	0.42511559	0.24384304	0.53495634	0.46210789	0.38244260	0.35610154	0.27561633	0.00279238	-0.02020547	0.07248453	0.00546062	0.02881872	0.06724402	0.08818761	0.23196960	0.21859581	0.36719113	0.27290700	-0.11876338	0.15079039	0.07705394	0.36574120	0.23673357	-0.07200771	0.09028036	0.06342250	-0.15734136	0.09791912	-0.11892650	0.07373907	0.02164746	-0.00516656	-0.07160731	0.09472968	-0.02749057	-0.05999853	-0.02865056	0.09776123	0.28305982	0.03809282	-0.04935104	0.02049609	0.00106557	0.08383730	-0.14855785	0.09833835	0.03390890	-0.02939865	-0.02521112	0.22030616	0.17101326	-0.01767112	0.09128000	0.25866618	0.17422281	0.31721700	0.19956672	0.12679052	0.37158023	-0.01206317	0.30039924	0.19240269	0.17493861	0.31869522	0.27682710	0.30033142	0.20003547	0.36873730	0.44187476	0.38900405	0.37558898	0.22583529	0.24315469	0.11198571	-0.00761472	0.06969603	0.18249082	0.18107124	0.04728145	0.23060244	0.44626383	0.44341029	0.40562203	0.39869240	0.52619314	0.33689749	0.39697732
17Networks_LH_DefaultB_PFCl_2	0.41087901	0.38186601	0.32296556	0.42546309	0.06476310	0.08303843	0.26529595	0.20841257	0.29934811	0.30097012	0.29902824	0.18200853	0.29050449	0.34752777	0.47316130	0.04139145	0.13122237	0.32233382	0.08406134	0.13712803	0.26691953	0.18330493	0.19559197	0.18045587	0.09557567	0.20151014	0.27537246	0.12028822	0.10820183	0.12517359	0.04976117	-0.10138188	0.05225746	0.16293547	0.22729820	0.28155353	-0.07455820	0.32296588	0.37604209	0.14703697	0.10476607	0.30781143	0.07827673	0.25904015	0.15659649	0.07640639	0.05322910	-0.01112677	0.26549740	0.15209995	0.02507124	0.03351867	-0.02630694	-0.13472051	-0.01273195	-0.04640337	0.12908911	-0.08014955	0.32074382	0.38266194	0.29678556	0.37222689	0.23826515	-0.01236642	0.16185078	0.08977107	0.05389604	0.09731421	0.05701454	-0.04519265	0.04502152	0.09829490	-0.17608984	-0.03125139	-0.14667303	-0.00875090	-0.01458347	0.14693814	0.15471446	0.07822274	0.26403758	0.48782222	0.05018016	0.18025184	0.24146416	0.14227014	0.53027299	-0.16820649	-0.21382436	-0.02384691	-0.14458040	-0.02410059	0.15350514	0.32316910	-0.06303502	-0.04206552	0.10429544	-0.05646840	0.42913886	0.48654182	-0.27119051	0.17021189	-0.28580848	-0.12654346	0.23034613	-0.11555690	-0.03699985	0.32977106	-0.26485731	0.26072925	-0.06110563	-0.01113433	0.51135590	0.01544092	-0.07100450	-0.15106688	-0.09561123	0.08101503	-0.18407537	0.13318740	0.03396133	0.14781794	-0.12642862	0.25160897	0.02769471	-0.02011942	0.39735690	0.31916447	-0.15411838	0.04105303	0.49174518	0.25696992	-0.13102707	0.31114832	0.24939917	0.41730463	0.26485520	0.03953691	0.46415685	0.38516537	0.40547079	0.22653250	0.75663721	-0.04215766	0.11419236	0.15323043	-0.16839351	-0.01910912	0.45437738	0.26850714	0.20878261	0.50647122	0.41033551	0.30737711	0.43274738	0.16368484	0.03959923	0.30188145	0.52975836	0.22603851	0.37223340	0.06943197	0.29602530	0.29717266	0.25664052	0.19835292	0.23209848	0.21330548	0.22449509	0.44329648	0.43919330	0.62764121	0.35044537	0.65354895	0.50802561	0.57285261	0.56260444	0.55537115	0.44976428	0.61842950	0.69247594	1.08794016	0.44341808	0.08727826	0.61759144	0.65890810	0.67871215	-0.02600109	0.11438629	0.14025735	-0.02219545	0.16976154	0.32664501	0.04971316	0.33222704	0.48601972	0.51123944	0.19226333	0.23234765	0.42587960	0.43078693	0.32223633	0.47409446	0.45510313	0.28001755	0.25848236	0.47829057	0.21754743	0.20424459	0.31457188	0.22841162	0.41660879	0.34253064	0.12160310	0.35814012	0.35502135	0.07139613	0.27896095	0.28478233	0.25171683	0.23874166	0.03330707	0.18053256	0.19218819	0.16367940	0.14380346	0.16751165	-0.11782053	0.21891147	0.07875055	0.18360935	0.16936015	0.09489331	0.10233517	0.11210450	0.27753132	0.09449722	0.14811107	0.33363495	0.18730715	0.33987254	0.26107393	0.28657041	0.12878137	0.09798320	0.11190904	0.16827813	0.16170328	-0.05031440	-0.06948690	0.09572909	0.06434722	-0.04823390	-0.02895838	0.11571559	-0.02225087	-0.02226688	0.05646462	0.25783911	0.46340246	0.44006141	0.24746215	0.21588867	0.34150841	0.28442587	0.28568383	0.02360781	0.22216647	0.12616520	0.06309321	0.02326520	0.00165648	0.10482494	0.20776721	0.05050201	0.03530479	0.04275188	0.00687088	0.05082376	0.21038326	0.27538199	0.06658579	0.02760689	-0.02129290	-0.08576785	-0.03249882	-0.08908117	0.14651927	0.27567092	-0.19619397	0.03985753	-0.10265897	-0.07097889	-0.02563924	-0.02598321	-0.00741472	0.03215557	-0.14956580	-0.10967744	-0.14156461	0.04835809	0.30921086	0.38057041	-0.04433437	-0.04881885	-0.03025093	0.13504336	0.06956599	0.13806488	-0.12181834	0.19978370	0.09852222	0.04272854	0.15083626	-0.06102056	-0.00301244	-0.11060827	0.22354338	0.01989588	0.05512909	0.03266652	0.06539475	-0.06856889	0.12589024	0.16560810	-0.23135021	-0.04807017	0.11326548	0.33968208	0.31948429	0.32570889	0.23397993	0.01646024	0.38318969	-0.01522596	0.20600380	0.31582594	0.38026399	0.25913758	-0.20366811	-0.02375254	-0.10175362	0.15338170	0.30758534	0.43125653	0.09426201	0.28406080	0.05379042	0.17050482	0.17613836	-0.15244300	-0.04113943	0.33334037	0.00884032	0.00568969	0.01989232	-0.06047069	0.28643721	0.30271936	0.19503253	0.39356717	0.38626698	0.28484006	0.44310379	-0.08649467	0.15789717	0.08630375	0.15613471	0.10193744	0.11806794	0.30805839	0.48680393	0.05209195	0.40737842	0.36896573	0.30430506	0.28183325	0.25866521	0.34203259	0.49314194	0.39348569	0.40105335	0.38193330	0.24070971	0.01020383	-0.04044719	0.19180669	0.03025220	0.07066992	0.10942814	0.12460455	0.12480147	0.17352060	0.41010975	0.22479717	-0.02611628	0.15870363	0.03074473	0.42408882	0.17241588	0.03794675	0.03350162	0.10139291	-0.04166796	0.15619831	-0.05065267	0.19017678	-0.01702870	0.05280267	-0.02087951	0.12843470	-0.05083594	-0.03952388	-0.02727649	0.23895441	0.36227625	0.06088948	-0.08313293	0.09539977	0.13482620	0.05441560	-0.10030767	0.17940998	0.14388109	0.06426160	-0.03650162	0.26924919	0.16665394	0.04517448	0.09378736	0.34425759	0.26721925	0.40512816	0.27055530	0.16028438	0.31686283	0.05479764	0.31620516	0.24047686	0.24251868	0.36157322	0.38209069	0.40532268	0.35911111	0.45792252	0.52202101	0.38993776	0.46168249	0.31784519	0.37412535	0.21858661	0.17418628	0.16834214	0.26411287	0.28339708	0.13585418	0.41914270	0.46941300	0.62188516	0.50915326	0.54633386	0.54707489	0.45289632	0.42573025
17Networks_LH_DefaultB_PFCv_1	0.24194079	0.18234843	0.17066547	0.21431851	0.09047818	0.05964961	0.10617889	0.11822454	0.28366100	0.07394562	0.16803969	0.09159202	0.20745506	0.17196099	0.23607399	0.07471281	0.03042216	0.20985530	-0.01871170	0.11325757	0.09455479	0.16873881	0.04825056	-0.00192027	0.14365001	0.13939858	0.20456942	0.14235456	0.20458454	0.07108036	0.22341046	0.13272894	0.11507776	0.26579183	0.26680375	0.11934324	0.09080399	0.28121811	0.38109536	0.13041570	0.23084683	0.32867403	0.06698451	0.22495622	0.06192745	0.00513612	-0.02641704	0.11451801	0.24088143	0.05057354	-0.03385944	0.11697937	-0.01620560	-0.34078191	-0.03150901	-0.11157542	0.08404154	0.11164906	0.26416922	0.32411564	0.34783659	0.26396998	0.11739382	-0.03633945	0.23364644	0.09787335	0.01413677	0.05798451	0.06399537	0.00861144	-0.07657813	0.08170904	-0.26222185	0.01145191	-0.17502711	0.01549152	0.09054979	0.17347378	0.03133769	0.05277253	0.19004004	0.21691094	0.07958172	0.03353946	0.13118646	0.01887566	0.41466113	-0.23426436	-0.14429603	-0.09732091	0.03543994	-0.02936743	0.03315849	0.11735933	0.03892939	-0.07632806	0.15103946	0.00460096	0.33835463	0.34969523	-0.26159826	0.10160675	-0.21877187	0.12573495	0.43191334	-0.00990693	0.02899345	0.41931493	-0.05585401	0.52751506	0.08650485	0.12598152	0.31430625	-0.00866380	-0.01210704	-0.08541899	-0.24430428	0.07678960	-0.03177041	0.21686494	-0.10052293	0.27737176	-0.20669516	0.08183397	-0.00492645	-0.16097038	0.09750309	0.09893998	-0.20116086	-0.03916633	0.28056357	0.07593587	0.08390797	0.20387275	0.08510497	0.20879053	0.10647576	-0.03769514	0.42222556	0.27620314	0.20574891	0.14450174	0.52001438	0.02106223	0.04266549	0.15180953	0.01644210	0.13910059	0.44441806	0.18237359	0.19880236	0.30428989	0.40276363	0.37355400	0.39746494	0.32598301	0.18231139	0.40327581	0.41325509	0.33309143	0.47021244	0.40824251	0.35263964	0.43197698	0.18266947	0.34968764	0.34982451	0.30198830	0.09357969	0.49470210	0.29122372	0.56153180	0.40725243	0.45704373	0.53469005	0.43242272	0.37390885	0.44326217	0.29586257	0.36345603	0.37914265	0.44341808	1.05613803	0.33894474	0.62270446	0.61434499	0.54616751	-0.01834139	0.18743738	0.30305436	0.14243461	0.13144045	0.17534501	0.01364326	0.43480896	0.30805692	0.36650036	0.06564161	0.14148731	0.36767160	0.26437888	0.12750592	0.19423949	0.23997196	0.01262049	0.02624971	0.26429044	0.02618898	0.14787003	0.13799396	0.13440434	0.16089676	0.19560497	0.05465266	0.21752568	0.30521138	0.12376217	0.19461175	0.26627603	0.09879663	0.08896127	-0.04872118	0.08359028	0.05672582	0.00186802	0.02938264	0.25233100	0.03215590	0.28444253	0.17493425	0.34257903	0.25177961	0.27062442	0.24745648	0.06099651	0.14231116	0.27057799	0.23081274	0.30492872	0.18040868	0.23292471	0.16302391	0.22274703	0.05265399	0.01922582	0.18104618	0.00996250	0.16787981	-0.23849615	0.06539570	0.04687831	0.00321514	-0.00202319	-0.05545815	0.16267898	-0.13227021	-0.01606996	0.10464831	0.21294338	0.29140297	0.13999375	0.17897427	0.38735514	0.12725220	0.06289686	0.22598699	-0.02563820	0.12793888	0.05656769	0.01311716	0.02429829	-0.02097968	-0.11997173	-0.00825532	-0.15013558	-0.03882544	-0.03247849	0.13767984	-0.00467772	0.18847975	0.28341578	-0.03370175	-0.05583164	-0.12234632	-0.12045765	-0.18949220	-0.26404612	0.08706458	0.23447107	-0.13916355	-0.08777108	-0.19303096	-0.02765080	-0.08437004	-0.20626421	-0.01286285	0.08111205	-0.16912788	-0.13196940	-0.16644265	0.11451106	0.17400863	0.35405225	-0.16853691	-0.14841635	-0.20033355	0.14266707	0.09048045	0.28768585	0.00868957	0.38574584	0.24777960	0.04402600	0.21660022	0.08380448	0.02755720	0.07877064	0.21727439	-0.06082267	0.03022489	0.08631095	0.07550305	-0.10433604	-0.02774753	0.03204099	-0.24860887	-0.12060604	0.02481356	0.32989488	0.16366271	0.29969076	0.05458545	-0.04585097	0.44969471	0.09921354	0.15712792	0.21469663	0.22688234	0.00049210	-0.33767464	-0.16424229	-0.10385271	-0.02754345	0.19588893	0.32716936	0.35556111	0.21439670	-0.04574433	0.11915413	0.05258735	-0.03748115	-0.08666891	0.37576475	0.09334939	-0.05553950	0.24493987	0.12298836	0.30456564	0.29114569	0.12453571	0.51063496	0.45750882	0.41164996	0.46032394	0.11686360	0.33819481	0.23736112	0.33166198	0.27451885	0.34773420	0.45406571	0.30207037	0.27156030	0.33032018	0.40999292	0.36085346	0.31227794	0.34028083	0.34844190	0.47196922	0.22844264	0.55828099	0.57119477	0.27796358	0.15311575	-0.07030739	0.21099144	0.21092420	0.13855677	0.04995929	0.10613188	0.30143936	0.21059960	0.30902617	0.45016626	-0.02095778	0.37391894	0.15082197	0.44785303	0.17395019	0.01647723	0.18395581	0.12555546	-0.02855257	0.25718824	0.04689270	0.33228793	0.13986649	0.07729266	0.07507309	0.19085307	0.05121690	0.08846898	0.07396049	0.16083864	0.22592321	-0.01218266	0.04256445	-0.00747074	0.17765264	0.15729170	0.00777678	0.33774582	0.26858022	0.28241053	0.03945739	0.14993144	0.18146907	0.03382928	0.13070367	0.14182380	0.15890556	0.32161476	0.15721244	0.23476761	0.25743506	0.01895430	0.25716450	0.22054491	0.18088928	0.21271358	0.25438261	0.25399173	0.23260650	0.35338326	0.37578663	0.28458663	0.29318214	0.22270061	0.24810133	0.22562284	0.16173878	0.14768259	0.26540125	0.23971645	0.20065650	0.17167410	0.27258221	0.41988997	0.23309498	0.32706846	0.29575459	0.20873955	0.22766782
17Networks_LH_DefaultB_PFCv_2	0.22729335	0.15625006	0.25717339	0.26421862	0.04909514	-0.05223161	0.18918813	-0.12874764	0.09516323	-0.05603919	0.10707808	0.03136807	-0.04086254	0.08162697	0.17961815	0.00085105	-0.09377594	0.19416751	0.05255912	0.01047877	0.10901271	0.11100627	0.03828397	-0.05775432	-0.14108460	0.05413084	0.04086395	-0.03979681	0.06804499	0.00122495	0.02039337	-0.08086236	-0.15006359	0.05212625	0.10240726	-0.01650367	-0.19988124	0.29649713	0.22599864	-0.00347930	-0.03657523	0.17244363	-0.09281713	0.23823913	0.03464777	0.02903819	-0.01437273	-0.05824976	0.16403216	-0.05907379	-0.11167355	0.02369233	-0.10798579	-0.02312632	-0.11347781	-0.12919844	-0.05710890	-0.03567409	0.09285437	0.20300456	0.07295198	0.25720629	0.10064895	-0.18627393	0.07041437	-0.03697548	-0.11986795	-0.03983777	-0.13061925	-0.19448463	-0.04077301	0.01410601	0.02959192	-0.05204703	-0.03747193	-0.12482041	-0.09275238	-0.10194836	0.14555057	0.05504755	0.22996207	0.02510692	0.01984011	-0.11316008	-0.07130889	-0.00068113	0.10478923	-0.03773710	0.06107020	-0.07169527	0.07125582	-0.02357123	0.01888443	0.09369451	-0.07421708	-0.04356904	0.18900794	-0.17341637	0.11442312	0.12822764	0.04853114	0.02219370	0.01180863	0.16334335	0.34945102	-0.07796915	0.26924292	0.18776907	0.17306875	0.34143858	0.15703131	0.17557739	0.19382527	-0.10952007	-0.02013320	0.03861532	-0.12993200	0.07463821	0.16993843	0.20035924	-0.10446066	0.02300379	0.04134274	0.08233715	-0.05838316	0.04093888	0.21493625	0.24394406	0.09043664	0.06896070	0.20139651	0.11429718	0.08366416	0.35529000	0.27412486	0.19968315	0.25406660	0.00331030	0.28498928	0.29486810	0.20945925	0.11594798	0.14276042	-0.04439357	0.05465662	0.12000766	-0.08127273	0.08798322	0.31297811	0.28669253	0.20997124	0.04581654	0.37907559	0.27528357	0.25311031	0.23197424	0.22278815	0.05887177	0.19008605	0.25770435	0.33789857	0.36291051	0.25704837	0.18373668	0.24424154	0.25193427	0.30286842	0.26980074	0.06212729	0.24907086	0.34794370	0.28670242	0.14478648	0.20066310	0.30739399	0.21368077	0.11070090	0.14889014	0.23866544	0.17343408	0.03727559	0.08727826	0.33894474	0.94931113	0.33520180	0.26332807	0.21014740	0.12414207	0.23864671	0.34875121	0.18948750	0.17148375	0.15031922	-0.07876652	0.35051950	0.13372657	0.16628871	0.02552434	-0.07536336	0.15866033	0.04294972	0.20037321	0.10754190	0.28537345	0.02717348	0.04079891	0.18831722	-0.15300484	0.00400298	-0.11516622	0.19218352	0.08957866	0.05522622	0.04985603	0.08500127	0.17882043	0.05378923	0.15078157	0.14163881	0.07995768	0.17272988	-0.07048541	0.11892207	-0.06188391	-0.09751500	-0.12655919	-0.04100312	-0.13677643	0.06807459	-0.08038779	0.01628869	-0.03190299	0.00440530	-0.05206755	-0.14594293	0.25279974	0.14918306	0.14678777	0.21480711	-0.06826702	0.14720777	0.02163584	0.21539268	0.00473065	0.02074116	0.02844005	0.01104287	0.09292398	-0.09537273	0.02412641	-0.09263609	-0.00512337	0.01842983	-0.11469186	-0.04683762	-0.06393743	-0.11989081	-0.09306580	-0.03198599	0.12585621	-0.06985301	-0.07774152	0.30210360	-0.02116251	0.00118136	-0.05295967	-0.05777375	-0.06391452	-0.06964858	-0.05026226	-0.07886590	-0.13099043	-0.17824157	-0.02971326	-0.12734431	-0.20271834	-0.18716468	-0.09351513	-0.03248521	0.10689468	0.30626696	-0.05659709	-0.18053661	-0.12304498	-0.08640010	-0.10313026	-0.21236523	0.07382971	0.09025843	-0.03331145	-0.05144729	-0.12202251	-0.03315338	-0.06377898	-0.22199274	-0.14373814	0.08454501	-0.19921052	-0.05068303	-0.10417476	-0.06843724	-0.03729103	0.01481057	-0.10679100	-0.03619720	-0.04245484	0.07144959	0.06921363	0.02867687	-0.03987649	0.09964390	0.03521994	0.12331083	0.22841589	0.15487303	-0.05601296	0.20571542	0.07004260	0.02510401	-0.05354062	0.16128182	0.04696325	0.03906185	0.05604501	-0.12228445	-0.07392527	0.01107281	-0.20772904	0.24540397	0.16086607	0.23377814	0.07084249	-0.05659281	0.20597644	0.15599582	0.18879979	0.13229699	0.09635357	0.08429877	-0.14410492	-0.02803996	0.05870858	0.01886562	0.16367820	0.28378107	0.42355311	-0.03320079	-0.02523481	0.19111988	0.06270199	0.00492005	-0.09406481	0.25683170	0.13402467	-0.10536551	0.05905952	0.05035292	0.10356936	0.27840402	0.21692156	0.28802553	0.25416736	0.25506832	0.23571684	0.15235483	0.13012059	0.17427487	0.36613391	0.35833221	0.22904485	0.30276831	0.09794745	0.23492714	0.16975212	0.35571637	0.14242334	0.19690259	0.15319564	0.14847034	0.13109431	0.08349336	0.14635675	0.29217119	-0.02107507	0.19986936	0.06002387	0.25802176	0.26223462	0.23873438	0.08061993	-0.00476417	0.14913746	0.11455818	0.03886861	0.22311759	0.01646434	0.25719434	0.06219332	0.24827826	0.00633534	-0.00588247	0.09750652	0.20222215	0.06573819	0.00668429	0.08460422	0.14381759	0.02947406	0.22240054	0.05140511	-0.02644674	-0.14496504	0.05305868	0.12701657	0.00931716	0.16742091	-0.05617507	0.20239260	0.02496774	0.26012832	0.05905382	0.00445418	0.02956304	0.06893911	0.09243238	-0.03657300	-0.13959955	-0.10597206	0.07083239	0.08720419	-0.02969385	0.11033295	0.18770038	0.07707445	-0.03369089	-0.05224541	-0.06065086	0.09731345	0.09035562	-0.02798577	0.14724985	0.18607283	0.25063099	0.24127908	0.22824726	0.22150057	0.13514936	0.14864306	0.09166268	-0.00405234	-0.08997747	-0.04171895	-0.10171953	0.02239971	0.05270036	0.01100528	-0.02818955	0.27842912	0.20856355	0.22582338	0.13321541	0.14118458	0.13513860	0.04099050
17Networks_LH_DefaultB_PFCv_3	0.23685583	0.20464775	0.30078511	0.29971132	-0.07047894	0.16506837	0.21432974	0.09042406	0.39156304	0.21398461	0.25040591	0.14223337	0.12458532	0.10679775	0.33161101	-0.10131335	-0.07039714	0.24781051	-0.14955412	-0.02942079	0.08457085	0.04605882	-0.03892178	-0.04774033	-0.01057248	0.02329320	0.16769201	-0.06700899	0.03796144	0.04844896	0.10323181	-0.03630694	-0.09554828	0.08424423	0.06160001	0.04423239	-0.15171608	0.33534490	0.32061138	-0.03885187	0.00207710	0.21046140	-0.05189307	0.28944087	0.04753618	-0.01446319	0.03196843	-0.07264550	0.32152805	0.04520898	-0.12633971	0.00701205	-0.15894410	-0.27133516	-0.02973269	-0.07917362	0.06169463	-0.02388064	0.28900924	0.26867576	0.20389899	0.25744508	0.11899670	-0.02465601	0.15751267	0.06763069	-0.10700863	-0.06982982	-0.07857054	-0.11503524	-0.20756470	-0.06790315	-0.32590702	-0.14382869	-0.26329877	-0.16131511	-0.09098504	-0.00210746	-0.00044813	-0.05478296	0.19615486	0.31120885	-0.02953258	-0.04645168	0.07857338	0.03939192	0.53167659	-0.23264488	-0.20670777	-0.05724093	-0.00534433	-0.05076857	0.08633005	0.34806528	-0.13789098	-0.17281485	0.09889651	-0.11042772	0.42630463	0.27862665	-0.37609613	0.00464617	-0.32518063	0.08562194	0.44361667	-0.19216877	-0.09609958	0.32167444	-0.06152606	0.34643797	0.08304355	0.12070002	0.58881700	0.04795337	-0.10024536	-0.02512340	-0.15238728	0.15590537	-0.06872953	0.15861014	-0.10150290	0.10462216	-0.27306811	0.02213884	-0.12552090	-0.20377949	0.18209537	0.33323048	-0.19886606	-0.00840301	0.50215717	0.19267232	-0.02178310	0.30657792	0.14308400	0.27995405	0.14650130	-0.15111710	0.43150296	0.48568723	0.41511615	0.09488839	0.79241665	-0.13503905	-0.03748082	0.06754280	-0.22199202	-0.00516462	0.55402219	0.23188064	0.21905560	0.44880052	0.51596741	0.45531748	0.49275583	0.25815032	0.13321207	0.26462302	0.53013436	0.36416546	0.51673193	0.28904388	0.36046423	0.45622151	0.22865570	0.32741171	0.34209364	0.42084787	0.28835971	0.62954938	0.52053478	0.73007563	0.43581751	0.65913718	0.64554213	0.58585933	0.45637531	0.48138335	0.35885391	0.45427777	0.55805417	0.61759144	0.62270446	0.33520180	1.12322800	0.80505108	0.71926371	-0.02559792	0.10683316	0.24180190	0.07066712	0.15838680	0.34800119	-0.03113322	0.43190512	0.43462787	0.51800021	0.20441968	0.10011655	0.52889889	0.30987244	0.16343516	0.22376906	0.40734494	0.20794680	0.13092330	0.46242182	0.13170695	0.29576204	0.17312198	0.19594303	0.31367634	0.16789155	-0.01090791	0.17036411	0.15169339	-0.00736450	0.10359418	0.22521107	0.07759279	0.12332762	-0.15787285	0.07067178	0.02665317	0.00268869	-0.01841756	0.03552828	-0.08581165	0.17703654	-0.00368380	0.07590155	0.06748906	0.14482806	0.10261830	-0.08344312	0.25791447	0.15255186	0.14625027	0.29658354	0.07399776	0.21330516	0.15874055	0.27490587	-0.05182440	-0.13696344	0.06303558	0.02500372	0.16442700	-0.27478259	-0.04259767	-0.05895381	-0.06097118	0.02328109	-0.19096527	-0.01356980	-0.19274342	-0.09048728	-0.04407097	0.00706327	0.25549597	0.24310438	0.14536453	0.36758095	0.21664785	0.08861759	0.14017515	-0.11847953	0.07720060	-0.00810919	-0.15483590	-0.12550706	-0.16750319	-0.08318714	0.02766713	-0.23893221	-0.16502686	-0.09447442	-0.04835956	-0.09402097	0.07206842	0.28290968	-0.06657778	-0.12508331	-0.15014167	-0.14818284	-0.20782738	-0.31769363	0.07637698	0.30649554	-0.19245304	-0.00344648	-0.25545401	-0.17713474	-0.08160396	-0.14019532	-0.08457536	0.00189503	-0.26703853	-0.21211447	-0.24413411	-0.03564782	0.17862425	0.27775679	-0.12611551	-0.16701923	-0.19956220	0.16944792	0.00256639	0.09542614	-0.15912739	0.25302501	0.06731228	0.03604160	0.08462741	0.12151317	-0.05607729	0.02447620	0.40561689	0.02813175	0.09142775	-0.10769606	0.16560900	-0.12959571	0.02846411	-0.02991389	-0.37132280	-0.18708948	-0.08590904	0.34277134	0.30850155	0.41566157	0.11457757	0.00399773	0.49270947	-0.04490051	0.29851212	0.27616145	0.31480360	0.18539824	-0.33454200	-0.19608063	-0.17472103	0.09370882	0.29140377	0.38092351	0.30638891	0.16667413	-0.09068301	0.12814777	0.18759591	-0.13573224	-0.18910607	0.45054504	0.10466547	-0.05668425	0.12900998	-0.13824486	0.37963153	0.37004119	0.20934537	0.50521393	0.41352857	0.41865944	0.50571934	0.02792398	0.11349328	0.16881928	0.32056825	0.37558170	0.23423508	0.46994954	0.39978041	0.14052328	0.40482488	0.65523166	0.23468956	0.26171594	0.37657888	0.40926235	0.38490431	0.21890923	0.34688792	0.57236278	0.31414215	0.14641540	-0.01396749	0.19330276	0.16287611	0.08693821	-0.07713387	0.13645379	0.30788801	0.19111719	0.37964443	0.45292551	0.02289207	0.36128587	0.11629538	0.47814838	0.18463694	0.14656935	0.12338129	0.13472688	-0.09463528	0.14059729	0.08319945	0.30601634	-0.03070404	0.15161536	-0.00585068	0.14600625	-0.01675802	0.05880417	0.07041165	0.21961704	0.37302528	0.06125663	-0.01624655	0.09182672	0.18533932	0.05745061	-0.07646927	0.22877660	0.18009363	0.17038316	0.01320082	0.05571041	0.11048483	0.09957861	0.15573164	0.29780267	0.30299274	0.26531067	0.16816455	0.11466931	0.25417882	-0.01556938	0.21686642	0.11702924	0.14646119	0.26551678	0.34293373	0.30343216	0.26953775	0.42754496	0.48664901	0.45077495	0.43950530	0.26345891	0.21493013	0.05801073	0.05542774	0.07887926	0.15891428	0.12767202	0.08259379	0.19584345	0.34836717	0.43331898	0.42625468	0.40061932	0.49791119	0.42066325	0.38600203
17Networks_LH_DefaultB_PFCv_4	0.29997264	0.26687735	0.30244013	0.32200842	0.01395436	0.11394222	0.18866390	0.13150463	0.31962617	0.22384205	0.26229784	0.14143085	0.20585957	0.23039365	0.33394592	0.00179391	0.09360636	0.26071621	-0.05503437	0.06484038	0.09909513	0.07884262	0.04591396	0.06026534	0.03306730	0.07274175	0.25174697	0.08626710	0.08050453	0.09523838	0.13971356	0.03085979	0.05024681	0.20656861	0.18263956	0.15113976	-0.11543438	0.35249527	0.40506853	0.14316876	0.07486324	0.31417379	0.05202239	0.27952827	-0.01313967	-0.03670480	-0.03813296	-0.06822432	0.36673560	0.05608359	-0.11796896	0.06596613	-0.10517358	-0.18843441	-0.02923022	-0.03398843	0.07058394	0.12420539	0.30768125	0.30811141	0.28296772	0.28832562	0.14514032	-0.02763777	0.23845357	0.09110057	-0.02571768	0.02746495	0.00875031	-0.04581050	-0.10813483	0.03160741	-0.25091847	-0.09793706	-0.20702037	-0.13677761	-0.01067631	0.08936212	0.11650225	0.01977472	0.24541092	0.37857201	-0.04864540	0.01719580	0.10205114	0.10092105	0.59968620	-0.09607382	-0.15116963	-0.10767652	0.02637861	0.09675283	0.15481219	0.40480695	-0.01940899	-0.07446396	0.12994089	-0.02005919	0.43796984	0.42831299	-0.29088352	0.17332239	-0.29321642	0.05467490	0.44180269	-0.05325503	0.00058085	0.39082006	-0.14062141	0.36890660	0.07095013	0.01113437	0.46125836	0.01299844	-0.08214755	-0.11528832	-0.19602651	0.06337084	-0.18982024	0.13580143	-0.08738607	0.21958989	-0.16292190	0.06720787	-0.07991459	-0.15551569	0.18191109	0.39148658	-0.13927660	0.00420783	0.45552944	0.19365608	0.05033991	0.27774754	0.15278797	0.26857062	0.21229694	-0.09818363	0.39794002	0.39300325	0.31245744	0.18366523	0.75441301	-0.13796322	-0.00461879	0.04511237	-0.19448732	-0.00283724	0.42630439	0.14441217	0.18842046	0.35627002	0.36540474	0.34267923	0.37308547	0.20023807	0.10451723	0.35369090	0.44261550	0.28137738	0.40467547	0.25282581	0.28344846	0.40177629	0.20909003	0.31366290	0.28297108	0.30733174	0.19136929	0.53722467	0.51306518	0.67827018	0.40047862	0.62639602	0.57995335	0.53192735	0.50761076	0.41988069	0.34582448	0.56617173	0.54474000	0.65890810	0.61434499	0.26332807	0.80505108	1.12156018	0.83374852	-0.02882541	0.09082121	0.18345062	-0.00633466	0.16989158	0.26100319	-0.06543607	0.43155952	0.50625113	0.55943568	0.31786413	0.16611419	0.45210598	0.44161296	0.26764422	0.32178166	0.41361067	0.16256943	0.16771483	0.44327118	0.20665169	0.25367824	0.27051809	0.25546892	0.34608053	0.27803381	-0.00291494	0.25516215	0.28983966	0.05035514	0.17275363	0.23216522	0.17106665	0.15068187	-0.11636646	0.13958997	0.07886861	0.09801696	0.09332646	0.15262931	-0.03791536	0.25420041	0.09699925	0.15503560	0.15226945	0.20987420	0.13706254	0.00245079	0.27110104	0.15985499	0.16816000	0.33948891	0.19544403	0.26170543	0.19401649	0.29071167	0.00247267	-0.10156234	0.09151182	0.01821081	0.13941649	-0.19138601	0.07852996	0.03193464	-0.05939392	0.06094517	-0.15396809	0.03067576	-0.14610733	-0.05254968	0.04738437	0.14427729	0.35820280	0.28634749	0.21080832	0.22941126	0.24933661	0.19808933	0.27045835	-0.09834045	0.12590193	0.02359780	-0.07516679	-0.05779662	-0.09784968	-0.02215742	0.03003022	-0.15176498	-0.08477505	-0.05718591	-0.01743588	-0.04560646	0.13074195	0.30777128	-0.05779495	-0.15048756	-0.08773303	-0.09254271	-0.15091932	-0.22342154	0.09944346	0.32535094	-0.17111101	0.01589783	-0.23095950	-0.07492044	0.02525277	-0.18096783	0.01733630	0.08554516	-0.18574617	-0.22629425	-0.18668350	0.02901627	0.25528506	0.33155342	-0.14417612	-0.11817845	-0.16060901	0.17619508	0.14003177	0.18134793	-0.12545659	0.30257281	0.19211367	-0.04178071	0.12081732	0.01530851	-0.04355127	-0.03386539	0.30781940	-0.04063173	0.04877289	-0.08364987	0.06563798	-0.20581499	-0.00525941	0.02368048	-0.27191609	-0.20055264	-0.00009282	0.25772073	0.18874998	0.27212352	0.06166989	-0.05295809	0.46695775	0.00555586	0.14809951	0.24381004	0.24324301	0.09904745	-0.32226885	-0.17470855	-0.15970856	-0.01061427	0.19010001	0.28557774	0.20696250	0.18905618	-0.07274892	0.08772914	0.06590592	-0.24357806	-0.22642107	0.30656418	0.01344527	-0.09097042	0.08598838	-0.08205010	0.30365630	0.23455313	0.09174035	0.44423411	0.33936939	0.31785966	0.39285409	-0.08066352	0.15301308	0.05444875	0.21438157	0.15974033	0.22842890	0.36961737	0.35538679	0.14324226	0.39386558	0.52531434	0.22483391	0.19691589	0.27183312	0.32816892	0.35577436	0.23582698	0.43895217	0.54132375	0.35926445	-0.00680846	-0.10995916	0.16428491	0.04000354	0.07364012	-0.03391926	0.11954532	0.25194021	0.28990442	0.42751027	0.45957851	0.00054377	0.26949930	0.08073191	0.41187733	0.20874222	0.03729587	0.13609612	0.10663590	-0.10760168	0.19366275	0.04647844	0.33336710	0.04237722	0.11956874	0.11901609	0.19431598	0.04827088	0.06375199	0.04150784	0.25643402	0.43361479	-0.03621150	-0.05699130	-0.01299906	0.14074888	0.02684407	-0.07814657	0.18987082	0.12292693	0.22462665	0.06075158	0.17947627	0.11719651	0.14996676	0.21472818	0.35901637	0.35762685	0.30413970	0.22495943	0.20383164	0.26640741	0.00338669	0.25106197	0.13683796	0.19090269	0.23331570	0.32152920	0.30738010	0.29018818	0.41870837	0.43644063	0.37223483	0.37075397	0.30845504	0.27828840	0.18534098	0.09036933	0.10914300	0.22578265	0.06402800	0.15483258	0.23917972	0.36481497	0.50031069	0.36103617	0.43562706	0.50076574	0.40184903	0.37141453
17Networks_LH_DefaultB_PFCv_5	0.37303934	0.28217250	0.27159144	0.35621948	0.02873498	0.09665806	0.24140045	0.10094463	0.26386592	0.24013291	0.20710667	0.08050791	0.23043785	0.21844689	0.35831107	0.01918347	0.13763337	0.24667630	0.00705492	0.12158209	0.13309008	0.06360912	0.11513923	0.11484534	0.05001995	0.12422440	0.27540025	0.07620796	0.09348012	0.14306151	0.10680949	0.02974199	0.03609573	0.16400468	0.14951021	0.17284992	-0.05505316	0.32887306	0.39011397	0.13259731	0.09423209	0.32429641	0.03389313	0.28136776	0.08844972	0.01899460	0.02370845	-0.01817818	0.32134665	0.01179677	-0.07864607	0.13882209	-0.07525592	-0.07512335	0.04347302	-0.00338323	0.15600547	0.06322686	0.34931422	0.36421876	0.28035868	0.35924470	0.21251174	-0.06114217	0.22611145	0.09194522	-0.02539641	-0.01775988	0.00005934	-0.07033906	-0.13128118	-0.00251080	-0.18788379	-0.06409216	-0.19074988	-0.16029665	-0.02008697	0.08903194	0.11036286	0.10374919	0.29469982	0.43190463	-0.05765181	0.12146322	0.07576774	0.12496613	0.56127470	-0.06991514	-0.13876282	-0.07658814	0.02537582	0.13783036	0.19785282	0.51711787	-0.06698979	-0.07207652	0.19339257	-0.02653413	0.42259760	0.47599853	-0.32952512	0.09513019	-0.31346220	0.00493685	0.35659828	-0.06978594	0.00871006	0.31357956	-0.23845783	0.31973050	0.04833522	-0.04439363	0.41442944	0.06496215	-0.04784377	-0.10883122	-0.11638775	0.03298024	-0.21780891	0.08075175	-0.09829860	0.23535958	-0.12542562	0.10196707	-0.10493886	-0.08207875	0.20583262	0.42739904	-0.16030648	0.02559681	0.52286118	0.13899432	-0.03960895	0.30120056	0.18667656	0.22162167	0.24906345	-0.09176990	0.36614764	0.34355808	0.24363271	0.12385828	0.73213582	-0.18940066	-0.00601773	0.01163536	-0.22312294	-0.09924268	0.35288911	0.13687830	0.12465565	0.31276475	0.31758257	0.27660680	0.31885503	0.13678255	0.05468705	0.30376705	0.40002905	0.20527933	0.33313678	0.16388068	0.21676403	0.28417793	0.16020499	0.23137850	0.23078246	0.22040958	0.20389924	0.44146249	0.50537567	0.68721489	0.37280464	0.59136464	0.54373016	0.50833640	0.42533523	0.39775294	0.34862782	0.56947165	0.49813663	0.67871215	0.54616751	0.21014740	0.71926371	0.83374852	1.14036477	0.00774495	0.09718693	0.16826403	0.00262257	0.12464730	0.29114401	-0.01379715	0.50244208	0.55487818	0.66916585	0.38426200	0.23206737	0.44578582	0.38889979	0.27952545	0.35182100	0.42609737	0.19824250	0.17859406	0.43032040	0.25654198	0.20404712	0.27782045	0.19378947	0.31771573	0.31108609	0.00254989	0.30322411	0.26895772	0.10944650	0.20677243	0.28690382	0.19134112	0.18349853	-0.10470395	0.14932763	0.15515030	0.12568640	0.11117914	0.13969014	-0.04529175	0.20915934	0.04267015	0.20568193	0.17890915	0.14677072	0.05930056	-0.00700710	0.33650412	0.14684496	0.16784118	0.37831986	0.23733607	0.27676906	0.18453449	0.22402135	0.02121140	-0.04775416	0.09315482	0.10907145	0.12926175	-0.17197502	0.10524449	0.03778671	0.00142239	0.07360545	-0.11320030	0.12208554	-0.04930894	-0.01366561	0.03593693	0.13946582	0.37157808	0.27324429	0.18298041	0.17789104	0.26166560	0.15946526	0.31149406	-0.08703284	0.09596793	-0.00147762	-0.03219308	-0.02457031	-0.12128122	0.00905538	0.10410604	-0.08029567	-0.05342546	-0.03890069	0.00315568	-0.01109569	0.17578973	0.27488110	-0.03048133	-0.10065385	-0.11217176	-0.04779320	-0.07638809	-0.17056534	0.17273240	0.32439945	-0.20207820	0.06009944	-0.15092451	0.02454954	0.07782615	-0.10497786	0.04267646	0.08950620	-0.19228200	-0.15219019	-0.15077252	0.00137035	0.26548377	0.28706503	-0.12381000	-0.04627586	-0.16547407	0.10527345	0.04838040	0.13662542	-0.16817417	0.24779753	0.13238027	-0.08266127	0.13811732	-0.00172581	-0.02233634	-0.06342137	0.23410102	-0.01192079	0.02632078	-0.06246678	0.12420859	-0.17146694	0.05080429	0.11252649	-0.24233504	-0.11574412	-0.00923093	0.24440207	0.24303723	0.30656846	0.10772749	0.10249991	0.49462298	0.06118243	0.13999210	0.23213967	0.24894457	0.13496620	-0.27794822	-0.07348342	-0.17124515	-0.03626161	0.16614149	0.27754806	0.17483169	0.18655592	-0.08139723	0.08054931	0.06279360	-0.21850391	-0.22249913	0.22023437	-0.05790705	-0.09432602	0.02946558	-0.10385799	0.17726779	0.16387111	0.10863750	0.36477194	0.28451904	0.26306349	0.32027187	-0.14366706	0.08582001	0.01908096	0.15194087	0.09850016	0.14044903	0.30485214	0.34770380	0.07527323	0.41083494	0.47546750	0.17162527	0.18976426	0.21508353	0.32202104	0.37889592	0.20492365	0.40336939	0.49211031	0.33979765	-0.01687195	-0.10273082	0.19674998	0.05807356	0.07498030	0.03938449	0.19757448	0.25660985	0.31494367	0.42355562	0.47816520	-0.00343748	0.26383797	0.12976965	0.38511639	0.17403658	0.05671437	0.08162242	0.07152723	-0.06977446	0.15980631	0.01946064	0.29566296	0.02039499	0.06164817	0.07149542	0.16967532	0.12528402	0.00231746	-0.01486872	0.24212039	0.38418855	-0.00523310	-0.06873910	0.05031154	0.09187921	0.05053736	-0.05337961	0.17860137	0.16331009	0.20808767	-0.01803214	0.22949598	0.06333557	0.10962277	0.19017407	0.35786307	0.31191162	0.24427177	0.16920715	0.17185932	0.23404867	0.02162556	0.21860491	0.09821533	0.19921432	0.24207436	0.33663506	0.33924764	0.33720056	0.44787647	0.44569604	0.34260326	0.40616456	0.31432814	0.25922628	0.18727726	0.18619360	0.09702815	0.22403618	0.09521401	0.09684262	0.32606665	0.33689357	0.54366091	0.44110041	0.50848829	0.54151712	0.44571508	0.40685550
17Networks_LH_DefaultC_IPL_1	0.18082277	0.18583895	0.25074950	0.17370475	-0.09570475	-0.06997598	0.11915728	0.08767744	0.02401455	0.17597768	-0.07004521	-0.02015000	0.02636744	0.12799835	0.11558514	0.02589295	0.09695334	0.03639124	0.14754973	0.13711104	0.09264503	0.09189264	-0.00199476	0.10201416	0.15945026	-0.00635582	0.00546393	0.04471911	0.15146005	0.21640751	0.10111940	0.05367401	0.12976137	0.03853069	0.06503603	0.32664732	0.09190322	0.08409537	0.14314975	0.06196609	0.15194442	0.11857511	0.18063853	0.11777149	0.00655353	0.01145879	0.12563617	0.02159613	0.03894961	-0.00131652	0.13628224	0.03985623	0.12127074	0.23684695	0.00774761	-0.05806899	-0.11218459	0.01637380	-0.07167256	0.13099674	0.09618075	0.19451854	0.14323578	0.11181855	0.18110790	0.12326051	0.24122401	0.25800043	0.26153509	0.12689703	0.31488136	0.19467500	0.23332551	0.16094972	0.29141652	0.09204305	0.07653429	0.10203597	0.19729434	0.28844194	0.06540313	0.19792979	0.31691136	0.18729776	0.12369845	0.11443730	0.15698803	0.27023089	0.21286861	-0.04206771	0.13407071	0.07096267	0.15227705	0.10372438	0.21125201	0.38147225	0.37803518	0.21757774	0.22815556	0.15229832	0.09000927	0.18343284	0.27472429	0.13494800	-0.06685372	0.00281810	-0.02431549	0.05295153	0.03088167	0.20638858	0.11619723	-0.03196603	-0.11581356	-0.00320667	0.04290381	-0.04439130	0.00533677	0.05205505	0.06195347	0.05976955	0.30009344	0.22557894	0.22435073	0.22699849	0.07404627	0.31100227	0.16581502	0.17856870	0.02798053	0.13105169	0.07928664	-0.03244816	0.21591928	0.13825611	0.41584046	0.07196253	0.21604393	0.17481924	-0.01996813	-0.01720129	-0.07996600	0.00438389	-0.04656900	0.08404243	0.18043956	0.19218894	0.12591692	-0.02375556	-0.05243700	0.20575650	0.20588371	-0.14418745	-0.04108098	0.09805294	-0.00511099	0.07665836	0.12534729	0.17744565	-0.03160000	0.22874388	0.08191442	0.10072745	0.13735693	0.00179419	0.01762753	0.05345607	0.06415988	0.03371276	0.04290873	-0.04583103	0.21277194	-0.06567963	0.04453711	-0.11059962	0.04862903	-0.02688345	-0.02378054	0.01415673	-0.02696729	0.06464633	-0.10307939	-0.02600109	-0.01834139	0.12414207	-0.02559792	-0.02882541	0.00774495	0.94319153	0.23303863	0.24403842	0.26938453	0.07543616	0.10931951	0.03026234	0.10114495	0.11330085	0.12907899	0.18025439	0.11419180	0.08233989	0.06088352	0.14976806	0.05356052	0.09133729	0.03884912	0.08084307	0.03699157	-0.03604618	-0.04408147	0.01945446	0.04857310	0.01641905	0.00559309	0.01348134	0.18075496	-0.00235627	-0.07069135	0.15313853	0.05548573	0.06813621	0.13610356	0.06772524	0.03571559	0.08407635	-0.03275704	0.10801336	0.03074606	0.20517243	0.04534903	0.08453082	0.05867369	0.00865568	-0.04392653	0.02964061	0.21423530	0.06645609	0.19652520	0.03141565	0.04404896	0.04173561	0.17558027	0.06604015	-0.01470910	0.18358694	0.11405729	0.01026441	0.05030673	0.03553107	0.18109371	-0.12260305	0.15014012	0.14191655	0.05678241	0.17650926	0.07434464	0.25358328	0.14006338	0.22619255	0.12619777	0.20511904	0.12396691	0.07317163	0.04184902	0.06247102	0.20157803	0.22473905	0.24352441	0.17504828	0.27527021	0.22620348	0.16038017	0.16326849	0.24861212	-0.03135084	0.19315561	0.28225556	0.15753728	0.02573267	0.28878421	0.19471985	-0.01183308	0.30178008	0.34675348	0.19672749	0.19524255	0.21039816	0.15721806	0.18278799	0.07589939	0.12413715	0.07399495	-0.06387228	0.04556302	0.15871805	-0.02905411	0.13410709	-0.01987743	0.26479482	0.16348877	0.27726407	0.14574942	0.03848235	-0.11015992	0.01489600	0.10417139	0.10866894	-0.10127765	0.19055189	-0.11644407	-0.01717547	-0.06898873	0.15432947	0.03828195	0.08460251	-0.01190872	-0.00248972	0.07182460	-0.09708224	0.08327816	0.06138120	0.09656107	-0.00567068	-0.06085057	0.13406721	0.26590185	0.18972116	0.22949821	0.10640495	0.00327094	0.02315380	0.02045772	-0.09502556	0.08143492	-0.10645369	0.29069310	0.00202940	0.19449760	-0.03814146	-0.09196003	0.12562582	0.09735989	0.23321747	-0.21585630	-0.17837714	-0.03237438	0.08522688	0.01931025	0.03492860	0.03857819	-0.01929284	0.16434730	0.01368908	-0.00533086	0.18305348	0.27553253	0.06520020	0.14199242	-0.16107998	-0.14182988	0.02873518	0.02525192	-0.07341664	0.09105854	-0.02396958	0.02006537	0.00247963	-0.10798420	0.09144381	0.13049407	0.01917537	0.08622390	-0.03525738	-0.01007328	0.10123399	0.04348246	-0.05355342	-0.05473342	-0.11525889	-0.11853878	-0.10445528	-0.09143789	-0.03694873	-0.07118600	-0.11773767	0.20046257	0.32202232	0.18281111	0.27380215	0.19733343	0.32361804	0.01731967	-0.01393040	-0.01663095	0.01232699	-0.11215342	0.12948855	0.10488301	0.10435191	-0.01279668	-0.08022377	-0.07934957	0.02117699	0.05904493	-0.09168402	0.03497796	-0.00419075	0.04215641	0.01543274	0.08211361	-0.05838752	-0.17441883	-0.02744266	0.09440328	-0.02860537	-0.01056297	0.03251415	-0.02344772	0.14347798	-0.10518636	0.06146577	0.00314004	0.01112369	0.01148710	-0.09687421	0.05826193	0.02813667	-0.07433955	-0.15337658	0.08360347	0.01912952	-0.03581870	-0.00277211	0.13562337	0.07121905	0.02049748	-0.06227898	0.30015019	0.07959800	0.01022690	0.17084354	0.14965919	0.32835250	0.22326211	0.25500759	0.16123201	0.06425828	0.06436197	0.14844054	0.17134234	0.06759098	-0.03851696	0.04020434	0.11805866	0.05399661	0.02181819	0.12270648	0.17316660	0.01758706	0.10204636	0.04935406	0.10131064	0.06018589	0.07494879	0.10620543
17Networks_LH_DefaultC_Rsp_1	0.23172056	0.27690646	0.08614374	0.23744484	0.07720830	-0.11021875	0.14128177	-0.04022757	-0.04333581	0.03170501	0.16276536	0.11552082	0.21483094	0.33947359	0.25343400	0.22053341	0.32867930	0.27678174	0.39550418	0.39654561	0.41424510	0.41983677	0.26117307	0.34971766	0.04596133	0.18153079	0.17225403	0.26382898	0.11104088	0.17198056	-0.00270856	0.04276052	0.17659858	0.13698909	0.17583075	0.28911982	0.14323450	0.20049021	0.21109547	0.20255654	0.11877877	0.17062384	0.21378967	0.09776918	0.10352663	0.07727605	0.09384055	-0.00808362	0.17033610	0.00609773	0.14418281	0.14241780	0.16944499	0.09953531	0.07430324	-0.04021926	0.09736150	0.03455173	0.09434595	0.34482743	0.31923008	0.23405838	0.06864257	0.00548142	0.16175701	-0.00793770	0.20869714	0.16899147	0.21543943	0.04930641	0.27362654	0.23409066	0.07553857	0.02621536	0.03212877	0.02657442	0.17267509	0.20466403	0.25991952	0.25278529	0.23628911	0.13656006	0.23355152	0.23235729	0.01265367	0.12492395	0.16543385	0.06805990	0.03973772	-0.10316525	-0.08320015	-0.08132402	0.07704320	0.03694567	0.04913921	0.17748415	0.36960703	0.08905953	0.15787303	0.28133003	0.07278510	0.26631367	0.24406103	-0.13049778	0.11236294	-0.06158184	0.11941548	0.24825967	0.10201017	0.28161232	0.03755757	0.03961442	-0.01002370	-0.14233185	-0.07670960	-0.14736802	-0.17132438	-0.08963637	0.03111603	0.15755171	0.04411535	0.07611352	0.08267343	0.22747962	0.08568066	0.17430670	0.27448182	0.09957292	0.06841544	0.08565485	0.14221564	0.06795276	0.09684304	0.13023565	0.22067037	0.19656256	0.17043067	0.13699763	0.19753796	0.12211307	0.17962509	0.17312655	0.14099643	0.08306779	0.22014686	0.30996067	0.06139687	0.11908988	0.23645151	0.29041795	0.42019357	0.17138351	0.27548634	0.36117333	0.24439900	0.37223614	0.18698056	0.15671620	0.21335190	0.40186221	0.38809809	0.37466490	0.35500855	0.20646648	0.12972691	0.18908766	0.11281538	0.02384630	-0.06336643	0.12523304	0.17725535	0.12757673	0.14680030	0.10709278	0.23699130	0.11118320	0.10904144	0.16751895	0.15294442	0.21627387	0.06551654	0.11438629	0.18743738	0.23864671	0.10683316	0.09082121	0.09718693	0.23303863	0.94013358	0.55429806	0.40934984	0.21060449	0.28469770	0.12332417	0.31778917	0.16659255	0.18187372	0.05308937	0.08145843	0.16609916	0.18801923	0.16252614	0.25165920	0.19219233	0.01783595	0.06746992	0.09736862	-0.13972345	-0.11833896	-0.00681999	0.18835733	0.14827018	0.23216903	0.14127490	0.38614252	0.31677423	0.34260779	0.42427253	0.34121996	0.35092197	0.43449056	0.32641068	0.25535379	0.20281588	0.07109759	0.08896218	0.13691455	-0.03537927	0.12486016	0.09948113	0.22374864	0.13295145	0.09180532	-0.03187354	0.23648178	0.20204476	0.18513142	0.08026597	0.19446563	0.16622739	0.15144618	0.17713900	0.11475304	0.20503317	0.16912041	0.02494396	-0.03379445	0.01388997	0.08324645	-0.03218045	0.09503534	0.10566691	-0.01826890	0.11384583	0.11899179	0.02462244	-0.01645547	0.03714339	0.30215306	0.20105477	0.10556270	0.09727833	0.16576513	0.12265157	0.20441575	0.05437523	0.19073523	0.15562834	0.23692864	0.14552882	0.22381951	0.15625904	0.01700349	0.08821143	0.07428291	0.14281693	0.02418011	0.16930879	0.25852283	0.25751714	0.15515367	0.16109779	0.17153282	0.10231495	-0.00606955	0.11513969	0.00150537	0.10882947	0.11178549	-0.04480453	0.04484961	-0.08531010	0.01255244	-0.08572920	-0.13849280	0.05768489	0.12419041	0.14059573	0.03001913	0.12748337	0.20901907	0.13439930	0.05848400	-0.10339676	-0.01660253	0.07764623	0.01033303	0.20325831	-0.07005107	-0.09935411	0.13116565	0.10033011	0.05820632	0.17305660	-0.02123270	0.02325220	0.17164862	-0.04581320	-0.05470847	-0.15923682	0.16759789	0.04916896	0.08860139	0.15019200	0.12049668	0.12222200	0.09347331	0.07846509	0.23610997	0.09235348	0.06982076	0.11591726	-0.00853882	0.04236466	0.12193340	0.15050199	0.11808463	0.12570211	0.04045107	-0.02127663	0.01827636	0.23323136	0.10509321	0.04897100	0.21472046	0.20023137	0.07911702	0.10022932	0.21284505	0.07127850	0.15728120	0.09668228	0.19532426	0.26038325	0.12343402	0.11784632	0.24949393	0.06377799	0.14932414	0.14687319	0.31425805	0.22516382	0.29500158	0.22427719	0.19974530	0.20575609	0.20639511	0.37700054	0.28394263	0.25671930	0.30089051	0.13890411	0.19162701	0.19510360	0.06111494	0.16890720	0.24455696	0.11632312	0.16336843	0.19949656	0.12111761	0.16137834	0.03337903	-0.17545186	0.16150616	0.11675199	0.51594942	0.36182660	0.29151751	0.24557398	0.17248364	0.10229064	-0.03370239	0.10953571	0.00426921	-0.04333724	0.13584525	0.00989777	0.16423217	-0.05495272	-0.00493345	0.18449601	0.06726493	0.00418243	0.17861943	-0.18557122	0.10815245	0.02982340	0.04931006	0.05429237	-0.10569102	-0.14626281	-0.05114964	-0.09066990	0.06660436	0.05721727	0.07227843	0.28165621	0.00263174	0.10786941	0.10802470	-0.11545106	-0.01402292	-0.03349523	-0.01917695	-0.13113058	0.01083626	0.01966541	-0.15533349	-0.05716770	-0.01892726	-0.00318219	0.24531946	0.15879409	0.11637193	-0.06188255	0.07593861	0.19966169	0.25967540	0.00254374	0.18048420	0.18638024	0.28520086	0.23728068	0.12615389	0.14755746	-0.03046821	0.14534607	0.19245853	0.16501433	0.17550201	0.08808307	0.13826042	0.24807165	0.25496074	0.12813209	0.22991201	0.20305597	0.23234077	0.07944560	0.17648188	0.03861394	0.00806985	0.03841017
17Networks_LH_DefaultC_Rsp_2	0.17515474	0.13473703	0.08069753	0.13691515	0.02460389	-0.15399840	0.08456095	-0.13902350	-0.00790459	-0.03642445	0.03406362	0.03921252	0.10840714	0.16867776	0.14619279	0.11575179	0.03970276	0.21405205	0.17941063	0.15204383	0.23540554	0.33838872	0.07631028	0.10839885	-0.04146689	0.07303934	0.14432720	0.07228831	0.15863673	0.11141980	-0.01012100	-0.11177877	-0.00296703	0.01877874	0.08166252	0.10689586	0.04341912	0.17510993	0.15945824	-0.00033292	0.11400945	0.16860683	0.05587708	0.14549077	0.11086017	0.09205424	-0.01834425	0.06847637	0.08685554	-0.00623358	-0.01490738	0.06883323	0.10256314	-0.04765561	-0.03274403	-0.10831873	-0.03109724	0.00289086	0.09391007	0.27022414	0.15824760	0.13898334	0.03075167	-0.07834609	0.08610706	-0.00637256	0.01089677	0.04670197	0.02969565	-0.06022037	0.06193570	0.09490575	-0.10602253	-0.03732466	-0.07726142	-0.09162605	0.02383077	0.10895609	0.08482130	0.11703725	0.15329743	0.03553657	0.11746903	0.03084484	-0.06973332	0.07633702	0.17565770	-0.09152963	-0.05660696	-0.03924723	-0.07131877	-0.14868117	-0.04811130	0.01328431	-0.06329635	0.02125926	0.30867536	-0.11406330	0.11965292	0.19089623	-0.07081760	0.10297974	0.06171974	0.04714939	0.29859622	-0.13257728	-0.00600921	0.25944755	0.14730823	0.35222988	0.11164079	0.14279148	0.07425318	-0.10279010	-0.00764934	-0.00886322	-0.15466311	-0.02273389	0.12451394	0.16405657	-0.06341429	-0.00997486	-0.03931925	0.11995794	-0.05311972	0.10589984	0.18464310	0.07919957	-0.05170801	-0.03364760	0.25839964	0.11980172	0.03525591	0.11743658	0.13718450	0.12486387	0.09657107	0.05839075	0.25591220	0.17776503	0.23486419	0.10926315	0.15711009	0.10771482	0.15498301	0.24716949	0.05233675	0.16462967	0.40828406	0.29896413	0.46771895	0.12895846	0.44625709	0.54323920	0.40199288	0.48857484	0.21751491	0.13083608	0.27847260	0.53151251	0.44055635	0.48077659	0.42370729	0.28144784	0.09752382	0.31426356	0.22486414	0.14515522	0.04556713	0.24625313	0.19168406	0.24420131	0.23194505	0.12408159	0.25559888	0.12761271	0.09918030	0.10410455	0.12961983	0.08148892	0.07320830	0.14025735	0.30305436	0.34875121	0.24180190	0.18345062	0.16826403	0.24403842	0.55429806	0.95726456	0.54704721	0.19855413	0.19087206	-0.00581493	0.25278611	0.10164099	0.22472819	-0.02634492	0.04527774	0.19049916	0.07673701	0.04736719	0.11094469	0.18410664	-0.08366425	-0.05982447	0.08379592	-0.24649372	-0.17861811	-0.14018009	0.07750942	0.07394755	0.07584873	0.08707008	0.22398754	0.23150381	0.13348026	0.25526934	0.16923416	0.13729138	0.27345069	0.07438769	0.13730283	0.01314083	0.01006420	-0.06022843	0.10679880	-0.15189641	0.11578501	0.02929528	0.15859223	0.08529625	0.05997272	-0.06088921	0.02428127	0.16509757	0.22848716	0.17712763	0.25957986	0.02425694	0.09107364	-0.00374953	0.08070652	0.08115504	0.09735547	-0.05699731	-0.09765672	0.10952623	0.02471318	-0.13240772	0.07487389	0.03183039	0.00426578	0.04539416	0.05557937	-0.13280066	-0.11411678	-0.08891287	0.16683485	0.13763554	-0.03584547	-0.01657592	0.19573077	0.01798762	0.09011234	-0.06785654	0.07970783	0.08618691	0.10942824	0.01042777	0.09165299	-0.02927722	-0.10150380	-0.03932699	-0.11221812	-0.01653410	-0.11823357	0.07237369	0.10557991	0.18823277	0.17087676	0.04688769	-0.02890902	-0.14993891	-0.13208419	-0.02049614	-0.22818781	-0.01910312	0.20555977	-0.10426347	0.00441494	-0.22521203	-0.09034421	-0.15117812	-0.22285431	-0.12857071	0.08235179	0.03539982	-0.12784737	-0.07397014	0.08552139	-0.11200714	0.00762940	-0.19879464	-0.16350185	-0.02863595	-0.08037909	0.04168839	-0.03173332	-0.09508267	0.15444578	-0.00950381	-0.02832729	0.12272839	0.10623051	0.03981300	0.28684438	-0.03373015	-0.04464800	-0.07581807	0.10678633	0.11533824	0.03302269	0.18967699	-0.02792051	-0.03457042	-0.00567808	-0.10042563	0.25710585	0.06793511	0.08826722	0.09448502	-0.12854861	0.05356244	0.10555044	0.11265860	-0.04258689	0.09878445	-0.03991263	-0.18204701	-0.07980900	0.11419878	0.04047249	0.03997144	0.17422250	0.30293788	0.07663776	-0.01166537	0.22914430	0.02935653	0.19887823	0.00542568	0.26931351	0.33425591	0.06516983	0.24700101	0.23049862	0.12908737	0.17896200	0.10608862	0.36664591	0.27921372	0.45466914	0.29970503	0.22078308	0.12832143	0.29832577	0.40298488	0.33417607	0.28111804	0.38753382	0.01718774	0.28329556	0.12645216	0.14811372	0.13135816	0.15937511	0.05119532	0.07724742	0.14739360	0.00350278	0.26150022	0.11980552	-0.15770312	0.23866210	0.05108024	0.53476010	0.51835124	0.22164314	0.30215027	0.11186667	0.14646608	-0.08468829	0.04058645	0.03456942	-0.07995160	0.20289933	-0.01867188	0.16177056	-0.12250252	0.12860719	0.15807202	0.14096746	0.07281849	0.06173201	-0.05511510	0.21707736	-0.04489016	0.02863675	0.06224681	-0.04293283	-0.10447990	-0.02307647	0.00510962	0.01013199	0.06612093	0.12451511	0.21690004	0.00274396	0.09749176	0.03889286	-0.01332449	0.04102491	-0.00668157	0.06914444	-0.18439411	0.05351626	0.02053289	-0.08771932	-0.06829566	-0.09837676	-0.07322756	0.25744728	0.07922211	0.05129857	-0.11422487	0.09380244	0.13954888	0.16332419	0.10084157	0.18157782	0.23230613	0.26342380	0.27614989	0.10075462	0.17721887	0.07500152	0.19565010	0.12506724	0.12884387	0.08049791	0.10425761	0.18223393	0.16714103	0.14025934	0.16486083	0.21772109	0.15053081	0.25058592	0.10319045	0.18919075	0.09206440	0.05704361	0.11222648
17Networks_LH_DefaultC_Rsp_3	-0.01135854	-0.02616889	-0.00140485	0.02370573	-0.03401594	-0.19309262	-0.01488154	-0.17893537	-0.14615138	-0.07960449	-0.09466054	-0.03401895	0.00408146	0.05501755	0.04627446	0.04114402	-0.03800162	0.08418887	0.14667266	0.06708409	0.15754620	0.23510154	0.01558128	0.03515091	-0.06257193	-0.02475385	0.02086406	-0.00221126	0.02358039	0.07594670	-0.06003377	-0.14443364	-0.05031745	-0.06888847	0.02153362	0.03359315	0.05226414	0.04442293	0.02167820	-0.06146255	0.10534506	0.12774067	-0.00017060	0.03240132	0.00676562	0.06681870	-0.02409210	0.06017724	-0.02883993	-0.09500496	-0.10927760	0.01507663	0.03749823	-0.01651857	-0.07306587	-0.12048088	-0.14701362	-0.09932850	-0.09114490	0.11661909	0.06154710	0.00377154	-0.05359433	-0.10384746	0.02809059	-0.04439949	-0.02026464	-0.04171155	-0.04112792	-0.12462800	-0.02196678	0.00315130	-0.08497384	-0.04663994	-0.06329147	-0.11666079	-0.05054733	0.08255812	0.04781207	0.10991462	0.09354978	-0.07080890	0.14614850	-0.03314106	-0.13713856	0.04828964	0.09403324	-0.02813842	-0.07766459	-0.09853416	-0.03943243	-0.13556524	-0.05474598	-0.02628411	-0.10644594	0.00837067	0.23529174	-0.09008430	0.09491539	0.07004914	-0.06501503	0.01319235	0.08485982	0.02547819	0.19138319	-0.18256634	-0.06048942	0.12409428	0.09840401	0.20758290	-0.02543723	0.05559644	-0.04707804	-0.20215528	-0.06716998	-0.09925748	-0.06850254	-0.04418994	0.03878367	0.10020144	-0.16257186	-0.04850560	-0.04535137	0.01429422	-0.10899108	0.08079849	0.08140079	-0.01470600	-0.05170334	-0.11352915	0.19857785	0.02288547	-0.00721544	0.05552872	0.07348269	-0.02298344	-0.00866933	-0.03187705	0.08992508	0.08067460	0.15954012	0.03866344	-0.03195858	0.16080649	0.15579279	0.17466326	0.14069736	0.16808334	0.23646605	0.21654477	0.35677691	-0.03578403	0.29906622	0.40227837	0.22364789	0.31424505	0.16180082	0.09310254	0.09433990	0.41066820	0.21562257	0.34627243	0.24739788	0.13264037	0.01081845	0.16539355	0.06226960	0.00518148	-0.05981917	0.10873209	0.05134737	0.08656543	0.08639461	-0.06089002	0.08691573	-0.01669502	-0.04276193	0.00559651	-0.01535804	-0.06497056	-0.11520661	-0.02219545	0.14243461	0.18948750	0.07066712	-0.00633466	0.00262257	0.26938453	0.40934984	0.54704721	0.82864636	0.15019757	0.11452091	0.07908220	0.11962128	-0.03124246	0.06716565	-0.06089344	-0.12062584	0.10852852	-0.03306880	-0.04188547	-0.00935818	0.03912217	-0.10442163	-0.10127852	-0.08753836	-0.28627871	-0.29100539	-0.16157167	-0.10419719	-0.02584729	-0.01544145	0.04495562	0.15278959	0.10896264	0.08220334	0.15313512	-0.00939345	-0.01446733	0.15534146	0.07489120	0.07430615	-0.01484773	-0.00788053	-0.06326084	0.01575057	-0.09451340	0.02525214	-0.01807733	0.05775016	-0.00707380	-0.02600091	-0.10350124	-0.01234433	0.06339002	0.19771793	0.15828565	0.12826110	0.00560272	0.05858964	-0.00554170	0.00565732	0.01398808	0.03195687	0.01813534	-0.03545778	0.08304894	0.00146618	-0.10109209	0.06113616	-0.02626332	-0.03184478	0.11556975	-0.02062676	-0.10294316	-0.18303118	-0.11138817	0.09037070	0.02187407	-0.08510670	-0.10421902	0.11796370	0.00898655	-0.01520442	-0.13100278	0.06358512	-0.04412477	0.02005800	-0.04588553	0.03751139	-0.04931847	-0.12264427	-0.15497516	-0.11401133	-0.06281654	-0.13202466	0.02870686	0.11465512	0.14228548	0.08977947	0.06690611	0.01507477	-0.12615327	-0.13257962	-0.03166475	-0.21574785	-0.01698352	0.04615775	-0.08725277	-0.03250755	-0.13478287	-0.08237165	-0.09719486	-0.18135236	-0.09471831	0.03889178	0.05476597	-0.11871609	-0.02759562	0.03642954	-0.17424689	-0.09134013	-0.15065491	-0.16455272	-0.08097393	-0.13263640	-0.03202375	-0.08053184	-0.08743167	0.06508368	-0.04119572	-0.10380143	-0.02176265	-0.05206952	-0.04154493	0.13008644	-0.16333741	-0.07548136	-0.17719394	0.02847425	-0.03202546	-0.03671224	0.19559158	-0.07207971	-0.04614944	0.00278918	-0.19411031	0.14905339	-0.00334103	0.08103308	-0.01898343	-0.06092436	-0.00011535	0.02585921	-0.03004682	-0.07836405	0.01575930	-0.10347032	-0.12057065	-0.05393536	0.05912472	-0.02221986	-0.03668134	0.04817959	0.25490793	0.01330499	-0.05562752	0.15410389	-0.01815880	0.24928396	0.07053851	0.17917240	0.29557606	0.08985248	0.19818703	0.18992878	0.01419541	0.05719962	0.06235636	0.23517590	0.14229871	0.33840934	0.17087178	0.18304279	0.11485118	0.19428496	0.22724164	0.26467877	0.14858534	0.24336991	-0.07307173	0.24876516	0.02412648	0.01346102	0.01659814	0.03026256	-0.04659124	-0.04001618	0.03288311	-0.11103883	0.11483057	0.00039841	-0.18946107	0.21584138	0.08068322	0.40185986	0.47841047	0.18864624	0.27670445	0.02619518	0.07638832	-0.17528677	-0.08965209	-0.09564492	-0.05580225	0.18031787	-0.06039167	0.06229802	-0.11365766	0.01714435	0.07074199	0.04761766	0.01927217	0.01875049	-0.06462522	0.09267548	-0.11082056	0.00329039	-0.00612027	-0.12772738	-0.14877888	-0.08993111	-0.03514857	-0.05656651	-0.11289823	0.08338671	0.19460197	-0.08927953	0.07765658	0.00772371	-0.02935987	0.03062130	-0.02560449	0.01729879	-0.19578888	0.00619282	-0.03277509	-0.16080774	-0.14531816	-0.16659836	-0.10348988	0.13743666	0.00745249	0.00894623	-0.09318127	0.04440069	0.05440044	0.10226373	0.00184777	0.05763477	0.07903369	0.10079468	0.10150547	-0.00530889	0.01847460	-0.08735837	0.07671596	-0.00873357	-0.03674817	-0.02516831	0.11404810	0.15614600	0.07459004	0.06687384	0.05270282	0.08858553	-0.03995116	0.02418211	-0.09459271	0.01894704	-0.07442039	-0.12636665	-0.07023510
17Networks_LH_DefaultC_PHC_1	0.20964050	0.26777357	0.09316745	0.29056428	0.15628315	-0.11294925	0.07629000	0.02687195	0.11201772	0.10954360	0.16416728	0.07912748	0.19616202	0.26656915	0.31596916	0.08425287	0.21363867	0.24558348	0.20207903	0.11017216	0.22558940	0.18481366	0.23438792	0.12036013	0.03299790	0.10343796	0.11474956	0.17935018	0.10791438	0.13491844	0.07986958	-0.02417163	0.06742132	0.09529607	0.19820522	0.07705445	-0.05069751	0.21800508	0.24259882	0.03617015	0.09714656	0.32591948	0.09357952	-0.00600712	0.05223024	0.08711342	0.03948877	-0.00255998	0.20073232	0.04866752	-0.11686700	-0.04910022	0.02423476	0.04399237	-0.02457914	-0.03120835	0.08281555	-0.02973014	0.11907976	0.28593779	0.26624102	0.13226146	-0.01774803	-0.03802566	0.08270430	-0.09629223	0.08094539	0.04641355	0.08793712	-0.00015597	0.08781281	0.17236825	-0.05842248	-0.07602995	-0.06962462	-0.00164746	-0.02787410	0.14204764	0.21030102	0.25488384	0.27970655	0.13274851	0.09969316	0.11994035	0.02618933	0.10252940	0.16310754	0.08277154	-0.05019006	-0.07363353	0.01853898	0.03663099	0.06382684	0.17256778	0.00317153	0.05733462	0.18298500	0.02014619	0.12927343	0.08419362	0.14924463	0.13880416	0.07983568	-0.09438142	0.10815827	-0.09720785	0.02230351	0.10427694	0.00755131	0.19178480	-0.13048223	-0.05068999	-0.06888258	-0.13522848	-0.04866045	-0.14196608	-0.01357055	-0.01905680	-0.04974974	0.01623558	-0.03256754	0.10520117	0.12440357	0.17831416	-0.09406407	0.04801327	0.21338732	0.15130115	0.16556519	0.04815433	0.25159279	0.15882976	0.08496720	0.08219021	0.21109464	0.21655008	0.16343257	0.03266323	0.12205059	0.20841036	0.11785407	0.10295298	0.13103218	0.07019519	0.11689102	0.23195348	0.04354439	0.09537324	0.14917732	0.30373808	0.15631774	0.10586293	0.20168483	0.21224408	0.11249977	0.15309828	0.16937339	0.15215069	0.12825120	0.15611673	0.16624438	0.20000163	0.17323683	0.13061888	0.19525281	0.15358513	-0.03894622	0.01225184	0.03788757	0.17403725	0.18326897	0.11074694	0.01068463	0.15789694	0.12576727	0.12264349	0.12658704	0.20705150	0.17942425	0.12401026	0.11994660	0.16976154	0.13144045	0.17148375	0.15838680	0.16989158	0.12464730	0.07543616	0.21060449	0.19855413	0.15019757	0.93527190	0.28180425	0.02015456	0.10661492	-0.02118480	0.17388733	0.02411289	-0.01613844	0.18384451	0.16874021	0.20379897	0.23912520	0.11148562	0.07032256	-0.10625727	0.08031637	-0.08465662	-0.04588057	0.00612912	0.14550797	0.17639496	0.18120056	0.08948980	0.28195569	0.27065364	0.22590220	0.27940976	0.03683478	0.15259814	0.28132325	0.10756604	0.23433627	-0.00555757	0.16041341	0.13720656	0.12570540	0.00798180	0.09767394	0.07316821	0.10430060	0.12801827	0.03287933	0.00289959	0.12117634	0.24419079	0.13738679	0.19033037	0.20851023	0.08514070	0.17136807	0.18119725	0.16529668	0.21805140	0.19864004	0.08816088	0.06339747	0.11228263	0.07620979	0.09033652	0.17568422	-0.01447828	0.05451851	0.17547728	0.07317805	0.05247381	0.00187807	0.10118716	0.22478029	0.19729952	0.12537644	0.10853259	0.08166820	0.16397745	0.14407485	-0.01256396	0.08926113	0.13091717	0.12607059	0.06140406	0.19507242	0.12220829	-0.08773173	0.05980262	-0.00685276	-0.01630887	-0.02402676	0.03504823	0.14370703	0.25382593	0.29755700	0.17492107	0.06971359	0.10693060	-0.02154399	0.04592854	-0.04525077	0.10007915	0.17491210	-0.00134027	0.07961441	-0.12676892	-0.15895114	0.06992883	0.00792715	0.05334818	0.15425352	0.02206619	0.09317051	0.10894137	0.03035856	0.07988780	0.04101703	0.04633281	0.03179767	0.09280301	0.13597102	0.19513160	0.02618827	-0.07461866	0.10969335	0.08242602	-0.04919865	0.09585888	-0.11264749	-0.02490689	-0.02757730	0.04757230	0.05535343	-0.05942714	0.02481545	0.08193472	0.04901158	0.11006107	0.03127233	0.02965567	0.03399490	0.03083511	0.26242815	0.20553994	0.14392638	0.14845520	-0.08762573	0.09097785	0.01008071	0.19865596	0.11431486	0.15330054	0.13318320	0.06467328	0.06067221	0.23869632	0.18567239	0.21068846	0.26458616	0.14262657	0.15383909	0.14041096	0.18472101	0.10231030	0.09191061	0.11849465	0.26189297	0.19328306	0.09519239	0.03884406	0.14977839	0.14000728	0.19691521	0.23306253	0.19639425	0.19053736	0.17819613	0.13302236	0.15495005	0.16329808	0.15892563	0.24154821	0.15219536	0.15576768	0.16364736	0.12269065	0.16059159	0.19341538	0.08817987	0.03604954	0.19186008	0.09753562	0.09029004	0.21604427	0.11024646	0.21133416	0.03946430	-0.04186255	0.07722781	0.02479374	0.22357164	0.18650164	0.34361840	0.33654362	0.06333256	0.07137312	0.06257630	0.01314805	0.02243349	-0.07832699	0.07606755	0.00694170	0.15106178	0.03107964	0.04938253	0.06165348	0.11176700	0.11227195	0.07340570	0.06006806	0.14066466	-0.01008478	0.04181296	-0.04391900	0.01121670	-0.09500937	-0.05081229	0.11671820	0.00313247	0.05022982	0.21042656	0.03237615	0.10381152	0.27829287	0.19916525	-0.15687000	0.05310561	0.09950485	-0.09750001	-0.14123006	0.05342454	-0.04240296	-0.04847993	0.09662127	0.13485221	0.17142187	0.22841357	0.17753397	0.04820393	-0.09912710	0.00603522	0.13277657	0.21296120	0.09577179	0.25172502	0.22635626	0.27533585	0.23458297	0.29082354	0.19645345	0.05739016	0.26090263	0.16583566	0.07651456	0.00193899	0.18226025	0.22847526	0.11905029	0.15677786	0.02918706	0.23284783	0.11686366	0.21858495	0.07204769	0.17068623	0.03086728	-0.00946284	-0.02866558
17Networks_LH_DefaultC_PHC_2	0.19698505	0.34397121	0.19614998	0.28574012	-0.05596970	0.05455194	0.17155070	0.12441130	0.23646322	0.34501574	0.26461037	0.27956770	0.31907050	0.23310446	0.37118921	0.14742667	0.18012371	0.33380010	0.21216991	0.21102583	0.36123008	0.31028014	0.29415799	0.29106917	0.01397992	0.02819057	0.11203800	0.06745647	-0.07086950	0.00871658	-0.09444058	-0.18413492	-0.05195859	-0.05573392	0.11039780	0.02860495	-0.18312589	0.16872409	0.18281894	-0.08069169	-0.01622287	0.21643304	-0.05122324	0.15139352	0.20036646	0.21429753	0.22984968	0.07602749	0.38031774	0.20713016	-0.00394260	-0.15442513	-0.00275108	0.00876427	0.08024077	-0.04792830	0.06169777	-0.19589773	0.11458765	0.24862021	0.37247128	0.26183120	0.09759517	-0.08451587	0.23458512	-0.01060925	0.01173250	0.00404319	0.09653189	-0.10344026	-0.08714883	-0.06286329	-0.05262131	-0.03328607	-0.09000914	-0.17181787	-0.19337767	0.00504586	0.14176523	0.14452883	0.18794782	0.07512167	0.02108859	0.13340046	0.07583382	0.16192333	0.28482222	-0.09719570	0.07369860	0.16276831	0.00620492	-0.00553419	0.08609369	0.08669674	-0.12720329	0.04780244	0.22895614	-0.02112520	0.29958983	0.16809119	-0.08641999	0.11981285	-0.05281183	0.00372306	0.12103738	-0.10087382	0.08052007	0.35327612	-0.14555853	0.14423821	-0.11296056	-0.04154209	0.29520993	-0.06032412	-0.24937708	-0.13077334	-0.03109392	0.11187280	-0.14551034	0.13713497	-0.00324845	0.06705942	-0.04995456	-0.01609312	-0.15463151	-0.11614052	0.23420110	0.04898931	-0.04942598	-0.03215242	0.23939588	0.15623820	0.12564469	0.17438157	0.22914470	0.10364097	-0.01173461	-0.13734284	0.17455693	0.20901439	0.23655587	0.20529368	0.45764032	0.09625876	0.18410416	0.08304691	-0.06141520	-0.05864748	0.33307388	0.26117990	0.26500089	0.32164760	0.32224467	0.29379417	0.25896676	0.19874670	0.26871737	0.10464967	0.32316281	0.22865922	0.33078956	0.15568970	0.29938170	0.34718151	0.23413080	0.31127774	-0.01066729	0.16822332	0.15784539	0.18763678	0.33158559	0.26622821	0.06130466	0.30146633	0.33347699	0.32532980	0.31206816	0.29391495	0.24816348	0.29093159	0.34035027	0.32664501	0.17534501	0.15031922	0.34800119	0.26100319	0.29114401	0.10931951	0.28469770	0.19087206	0.11452091	0.28180425	1.14001626	0.26850473	0.27522637	0.34684143	0.29380227	0.12985493	0.07511469	0.28753332	0.26210537	0.29911390	0.48136444	0.33288255	0.19731580	0.09338175	0.35560789	0.05885637	0.12067859	0.10212606	0.23519240	0.34751694	0.46333044	0.22021588	0.35429542	0.27885940	0.30921022	0.39090297	0.28250442	0.27937430	0.39235665	0.23718558	0.35257916	0.07695246	0.04722122	0.00551087	-0.03020765	-0.10459768	0.02649390	-0.05438661	0.08293574	-0.00096652	-0.02899264	-0.10388459	-0.01854815	0.23508884	0.01623620	0.10767888	0.27013678	0.15713708	0.16595456	0.15933542	0.08255939	0.07446082	0.10382670	0.06942098	0.18517759	0.16041391	0.00053667	-0.02035568	0.10364744	0.21365719	-0.13743796	0.09452992	0.01004854	0.03273987	-0.13295445	0.00801944	0.12396899	0.21239589	0.23757664	0.11486558	0.14375729	0.34505518	0.27244903	0.18217674	0.04883881	0.07130964	0.04287487	-0.03362254	-0.00401757	-0.07587476	0.02923664	0.17912253	0.05323297	-0.13627955	-0.07503173	-0.11364770	0.10761743	0.22759426	0.24302748	0.08162698	-0.00913910	-0.02864033	-0.04393802	0.10858569	-0.12096808	0.13995262	0.22908515	-0.04413874	0.14014583	0.02970813	-0.01849634	0.02845212	-0.08617148	0.09574873	0.17444331	-0.08478016	0.00976195	-0.01881535	-0.05176057	0.10615495	0.11398001	-0.10264927	-0.06952772	-0.02147243	0.19983684	0.08708375	0.12468375	-0.03111842	0.32467444	0.28600344	-0.11885059	0.04629345	-0.10419730	-0.01232480	-0.08752638	0.29022082	0.02757972	-0.01254731	-0.23769905	0.10592279	-0.05753667	0.11939234	0.09686715	-0.17119201	0.00121465	-0.00519457	0.34331983	0.16813765	0.20891169	0.13205062	0.11731798	0.27820682	0.03708649	0.22317631	0.22575902	0.12018624	0.07778735	-0.07717842	0.02278528	0.11292822	0.16685544	0.17253598	0.26906060	0.08233542	0.02161074	0.01909988	0.27331435	0.17720284	0.11331732	0.17043290	0.26468721	0.21234554	0.00631326	0.11694393	0.02576493	0.20365351	0.23960929	0.16015175	0.28739282	0.30257430	0.22344098	0.28620551	0.15586487	0.08333496	0.20227016	0.19960068	0.23119802	0.25044517	0.29416432	0.26789715	0.18175117	0.27971180	0.24380349	0.08868454	0.17193469	0.15661592	0.23248769	0.27655487	0.08443840	0.12411275	0.22763891	0.06860427	0.14879900	0.16406900	0.23268227	0.18746441	0.15354697	0.22472780	0.15913581	0.28086928	0.17237435	0.19348925	0.23102356	0.07556393	0.25513472	0.26621024	0.24402454	0.10860547	0.02541491	0.24802628	0.15157983	-0.09035937	0.21706512	-0.06976033	0.11355236	-0.05993784	-0.02946816	-0.03702616	-0.00542524	-0.03459162	-0.11416625	-0.04360553	0.12283309	0.14093384	0.08033789	0.23076529	0.11126669	0.14924434	0.22253025	-0.10939886	0.13703559	0.15462074	0.01968757	-0.14236129	0.14234801	0.03196506	-0.06704736	0.07645982	0.21880167	0.19170310	0.19181917	0.09724105	0.06204557	0.14134389	0.01251008	0.17739938	0.11387872	0.03320694	0.23189333	0.24714604	0.25783001	0.24947368	0.29730142	0.30108889	0.17344303	0.39998068	0.21589175	0.06909415	0.01088501	0.12544647	0.08129284	0.12668334	-0.00810461	0.05595184	0.17436843	0.17174301	0.24379627	0.29113033	0.17330743	0.22718719	0.15991774	0.15293664
17Networks_LH_DefaultC_PHC_3	0.01207303	0.10172159	-0.04686461	-0.01322936	-0.04443066	0.05959733	0.01578328	0.05788092	0.02013169	0.13582085	0.09725434	0.18492936	0.20361451	0.17472757	0.14461362	0.26261203	0.21556560	0.09913922	0.22971282	0.31039090	0.19225811	0.18263516	0.29898125	0.28052666	0.11901885	0.05854477	0.08412403	0.15115694	0.09120836	0.12274638	-0.00538912	-0.05472532	0.05978631	-0.03060469	0.09408738	-0.00000816	-0.04616945	-0.09888999	0.05522692	-0.00844723	0.12513849	0.10610057	0.04902646	0.00364414	0.06875356	0.05103617	0.13302637	0.05593990	0.07876733	0.16752066	0.13491152	0.01009522	0.24213959	0.08762540	0.15373106	-0.00335028	0.05766432	-0.16580881	0.00760790	-0.02860860	0.26543806	-0.02297631	0.01832764	0.10609823	0.04517102	-0.03876606	0.02474221	-0.03292239	0.06923582	0.04230885	0.02073881	-0.07217421	0.09563056	-0.06984592	-0.00510175	-0.01177089	0.09312423	0.07672000	0.05516477	-0.00952530	0.01657461	-0.02345718	-0.01520832	0.07751675	0.08452241	0.06911354	-0.03120196	0.11962299	0.17510322	0.02944839	0.03648599	0.03025407	0.17074029	-0.05017082	0.11704793	0.16460931	0.14588630	0.14142666	0.03209952	0.00488340	0.04737739	0.04839204	-0.00084407	-0.01545102	-0.14683845	0.08426515	0.11623696	0.02241728	0.06155987	0.03541823	-0.00647807	-0.06438779	0.01654301	0.09856351	0.08204193	0.00052778	-0.03287513	0.09872607	0.04319990	0.03929858	-0.02217829	0.00851349	0.09515479	0.09034390	0.05603731	0.00030828	0.03411845	0.01382666	0.06010424	-0.03867403	-0.06244168	-0.02234942	0.13542536	-0.05050803	0.04844296	-0.00003072	0.02574082	-0.00446865	-0.05996376	0.03406648	-0.01224614	0.02448703	0.07500646	0.02408120	0.03635947	-0.06114579	0.05324198	-0.05621677	-0.06194192	0.09196480	0.01260234	0.06264563	-0.11683408	-0.08992218	-0.07441109	-0.03770285	0.17104948	0.05671038	-0.07290113	-0.04241317	-0.03607265	-0.04006202	-0.07108941	0.03539771	0.08023013	0.05430939	-0.04754503	0.09065303	0.02658155	-0.10425937	0.03913852	-0.10077670	-0.13186563	0.02958499	-0.03823337	0.02282409	0.04535666	0.01615678	-0.01918698	0.03786681	0.17065234	0.04971316	0.01364326	-0.07876652	-0.03113322	-0.06543607	-0.01379715	0.03026234	0.12332417	-0.00581493	0.07908220	0.02015456	0.26850473	1.05146044	-0.11600689	-0.04114258	-0.04320200	0.16230828	-0.03407321	0.01211503	0.01351941	-0.01778213	0.15614207	-0.04619161	-0.06826199	-0.09604531	0.01962227	0.00971424	0.04923625	0.04179693	0.03829061	0.16985407	0.31175630	0.28724068	0.11824974	0.13585235	0.29688044	0.18368651	0.25462850	0.28696107	0.16890961	0.36878410	0.20675730	0.02092683	0.13105239	0.15642061	0.03875118	0.08154982	0.02013681	0.06107005	0.13422761	0.05778453	0.04412373	0.08326115	0.07388704	0.00108284	0.03570901	0.04966096	0.01232198	0.07300929	0.04324169	0.09612631	-0.12418599	0.12135801	0.19266706	0.22118858	0.19450240	-0.01534907	-0.00201883	-0.04781536	0.12690754	0.13466383	-0.02287849	0.15843849	0.04194301	0.06072802	-0.07478897	-0.02138001	-0.00748886	-0.02528690	0.07331728	0.04403861	0.00751957	0.23019089	0.15674596	0.08145848	0.06412802	-0.00271344	0.00266312	0.06067542	-0.00160212	-0.04037979	0.03992352	0.08949890	0.07247814	0.02228472	-0.00043620	0.07641001	0.15529202	0.05041951	-0.10800204	0.14409287	0.12763600	0.09709707	0.11232340	0.13680050	0.07116714	0.04443559	0.13067904	0.08606017	0.17874251	0.25731594	-0.01020106	0.03938958	0.00933869	0.17299076	0.08296331	0.10926831	0.01769380	0.11283761	0.08653867	0.15471493	0.02502877	0.04285776	0.07405603	0.04329749	0.17115595	0.01425865	0.07410814	-0.04914599	0.01956433	0.10434078	-0.00861325	0.13739774	-0.01145057	0.06626083	-0.05539994	0.11512991	0.14238647	0.16701001	-0.16958957	0.08768633	0.07829237	0.10396432	0.12989489	0.03099258	0.12002147	0.04296380	0.07358909	0.02879506	0.01414032	0.07384580	0.00141758	-0.01487127	0.08404285	0.11560938	0.09373582	0.12970563	0.15724284	0.13211612	0.08984211	0.00833522	0.08699955	0.09554093	0.05107729	-0.00995506	0.02402279	0.11111666	0.06689192	0.05956547	0.14414705	0.19657970	-0.08458294	0.03887870	-0.03518975	0.03981035	0.02130721	0.01491473	0.02703744	0.07238397	-0.06043028	-0.01277126	-0.06563374	-0.05347661	0.04809718	0.10708873	0.03045901	0.00328918	0.08256152	0.06978226	-0.00037082	0.06444183	0.00946013	0.09993122	-0.03099273	0.01082114	-0.02344862	0.05041008	-0.06510156	0.09266315	0.06799756	-0.06770926	0.04623061	0.01879288	0.01175670	0.17409109	0.04332382	0.08874810	0.08270796	0.00531985	0.03659154	0.17954048	0.12279802	0.01126784	0.02765798	0.16133092	0.05507232	0.14274365	0.01249910	0.03078082	0.00122262	0.20047337	0.14402294	0.06605442	0.10950322	-0.05689898	-0.06517652	0.05994136	-0.04740191	0.05559137	-0.04317105	-0.02700962	0.01478594	0.03958676	0.10627763	0.04139019	0.18832186	0.11779292	0.13250415	0.14890349	0.20349149	-0.03519864	0.09883554	0.02815560	-0.00774105	0.02748522	0.07387519	0.08550560	-0.07684837	-0.08463337	0.07552996	0.14967025	0.02180373	-0.03629656	0.04884167	0.04295351	0.03074476	0.07745732	-0.01367537	-0.06906868	-0.03716079	0.02776640	-0.01328062	0.01849138	0.00466134	0.02325839	0.04314876	0.07012383	0.09050998	0.07539325	-0.04004648	-0.22525616	-0.00233536	0.07450760	-0.01298021	-0.11264893	-0.07947471	0.02986762	-0.03722541	-0.05603235	-0.06093783	0.03796994	-0.05081424	0.02411528
17Networks_LH_TempPar_1	0.35948673	0.26282910	0.33764729	0.42902415	-0.00403355	-0.00864977	0.29331345	-0.07542668	0.20536546	0.05077766	0.22695048	0.10280907	0.20303626	0.19754516	0.32438483	-0.02287522	0.04579934	0.23966429	0.14053918	0.16484220	0.23939799	0.16556387	0.07215535	0.08478938	0.03409003	0.16147245	0.08782183	0.15230814	0.05029669	0.16836330	0.11093378	0.19440264	0.07818157	0.19102504	0.21643974	0.22741448	0.05352519	0.32952448	0.33555052	0.20904269	0.00975226	0.18548699	0.08877245	0.38931514	0.15295825	-0.02197181	0.03892529	-0.04978505	0.24763245	-0.11094951	0.01917747	0.26132548	-0.09933309	-0.00196596	-0.00733588	-0.12401018	0.07998041	0.02990670	0.21605335	0.35163821	0.20704102	0.29378244	0.20202030	-0.16408372	0.24684773	0.10087195	0.06510712	0.02904076	0.07983740	0.00117627	0.01239759	0.12664876	-0.04841726	0.01067096	-0.12250465	-0.02914891	0.05236201	0.09476680	0.14322113	0.19148732	0.32279833	0.23306089	0.08881277	0.08962021	-0.03514279	-0.01743287	0.33394516	-0.10193808	-0.05175714	-0.07415788	-0.06697874	-0.08265917	0.13211440	0.24332392	-0.03250192	0.05225978	0.18836141	0.01799852	0.37475331	0.43435202	-0.02918994	0.18473501	-0.01168753	0.00451705	0.28617505	-0.07326563	0.19646805	0.38375664	-0.05247256	0.36889726	0.04749537	0.06495083	0.31391395	-0.15422808	-0.12261417	-0.19571690	-0.26692069	-0.08953548	-0.07704072	0.27646918	-0.10570963	0.17555061	-0.04124666	0.13697718	-0.02618616	-0.04357563	0.30681916	0.27188289	0.06422088	0.04758473	0.37259284	0.15659345	0.03844221	0.44572197	0.20478589	0.33948132	0.30575292	-0.04871423	0.31849033	0.30366149	0.29908366	0.27145039	0.39765103	0.08573591	0.21553263	0.18749002	0.03493726	0.12616829	0.42000722	0.27700343	0.18552855	0.24705216	0.40678549	0.29251221	0.25972600	0.29747169	0.23659608	0.32897177	0.31297526	0.30727168	0.45984706	0.29633396	0.34487729	0.34911680	0.34834592	0.28936926	0.23079378	0.11456566	0.05037566	0.34845024	0.32714144	0.49334671	0.27925218	0.36915382	0.46427466	0.27107752	0.20938341	0.30444259	0.30305927	0.45487370	0.14202182	0.33222704	0.43480896	0.35051950	0.43190512	0.43155952	0.50244208	0.10114495	0.31778917	0.25278611	0.11962128	0.10661492	0.27522637	-0.11600689	1.13838910	0.43478255	0.51521518	0.16121534	0.07370589	0.33110700	0.17574285	0.22202286	0.20773307	0.37373450	0.20185819	0.26651271	0.26941737	0.04994541	0.11556582	0.06157464	0.19898843	0.11202058	0.21357583	0.01612201	0.33120724	0.20841004	0.14337575	0.29579922	0.23391206	0.11492006	0.26468045	0.08508514	0.10601841	0.17898495	-0.03245917	0.00691444	0.17514445	-0.01080901	0.19717313	0.07080252	0.17813162	0.12419882	0.14327590	0.12044420	0.09852384	0.24978535	0.20820391	0.04702541	0.23706300	0.21527162	0.25572604	0.21911199	0.21107871	0.17989082	0.10935447	0.05588035	0.03574953	0.07639945	-0.08182288	0.03824280	-0.04513805	-0.01322752	-0.07158852	-0.15764373	0.09965612	0.03894090	0.00752261	-0.00228219	0.15451901	0.35310132	0.23299011	0.05599122	0.33103541	0.07807596	0.05994524	0.14331521	0.00705677	0.00819463	0.02173649	0.01863458	0.09161962	-0.03364069	-0.10651693	0.09639663	-0.01553849	0.05359607	-0.00724999	0.12753436	0.00696745	0.19375905	0.26475415	0.02099081	0.02571720	0.03700456	-0.07415898	-0.10752523	-0.12435218	0.23730461	0.16050269	-0.13007903	-0.03821028	-0.11147237	-0.00404809	0.07959201	-0.14671237	0.03586299	0.04913259	-0.13331198	0.00535672	-0.08861543	0.14207832	0.27965639	0.16594937	-0.03432171	0.05033367	0.04217227	0.08879153	0.15372501	0.13749668	-0.01469680	0.27122819	0.18182592	0.04359536	0.14972759	0.00623470	0.01734186	0.09614828	0.06781218	-0.08599747	-0.21663872	0.10418599	0.01007335	0.00725346	0.00427586	-0.00516960	-0.04407846	-0.00480355	0.03229072	0.31223388	0.32730507	0.38095225	0.17304801	0.10415867	0.43725827	0.17494421	0.20525283	0.39793410	0.23791878	0.15740999	-0.15776236	-0.05873912	0.04108045	0.10614891	0.26951676	0.37866323	0.32988037	0.26161764	0.11400668	0.30018632	0.18797614	-0.03648736	0.01675191	0.31166982	0.11454654	-0.05304050	0.05028572	0.15479952	0.14136712	0.30253161	0.29149215	0.37209351	0.37648216	0.30586033	0.32519711	0.19993100	0.22057336	0.25192196	0.41605236	0.33462584	0.31275603	0.37234796	0.37263430	0.17432751	0.50323917	0.44348945	0.27222376	0.34567807	0.30909655	0.39662635	0.34562953	0.20668395	0.29844307	0.42892896	0.19937203	0.17731063	0.00154044	0.25544188	0.12320036	0.12103381	0.08087636	0.26637878	0.21598788	0.15156749	0.42354147	0.40854195	0.00407843	0.32690332	0.18735581	0.45449788	0.19328263	-0.04732520	0.00551460	0.07963535	0.01238211	0.14013827	-0.07043084	0.19316105	0.03035702	0.11740898	0.13795999	0.01522832	-0.02542400	0.02995578	-0.09664713	0.25745070	0.20546252	-0.11964500	0.03561405	0.02138458	0.18057086	0.06591120	-0.03464371	0.06622275	0.26341859	0.28836387	0.01363772	0.00606077	0.01048883	0.17400300	0.20519341	0.30337846	0.27653104	0.23983611	0.11404462	0.16196581	0.03556260	0.09039196	0.14807333	0.12502305	0.02333001	0.29692377	0.25963574	0.32764198	0.34368420	0.41225704	0.31026361	0.12830120	0.24206181	0.22384001	0.15283389	0.14942840	0.21425986	-0.02369611	0.20192087	0.15988972	0.13889013	0.24339201	0.32284115	0.37613054	0.28412789	0.33489540	0.24876488	0.19208074	0.18569840
17Networks_LH_TempPar_2	0.28983738	0.17163147	0.33248224	0.30488780	-0.06366951	0.06416589	0.26904896	0.14233657	0.25847288	0.24097967	0.09390895	0.04348543	0.13748476	0.21157120	0.27289266	-0.02386201	0.16203876	0.06523543	-0.09646440	0.07362270	0.03028281	0.03128609	-0.04820129	0.16835143	0.10751442	0.08024078	0.25056108	0.14445684	0.09029682	0.00447518	-0.00832056	0.04388250	0.10820468	0.16052363	0.16280669	0.22738708	-0.04209719	0.11249358	0.20940249	0.09895473	0.02554526	0.15021136	-0.02651012	0.51408932	0.24801996	0.16527676	0.33344749	-0.05723044	0.46674870	0.24015902	0.24689863	0.23306764	0.00757281	0.08213538	0.15894742	0.08072670	0.15236483	0.02564638	0.21318792	0.29736818	0.17385229	0.29602616	0.16186645	0.00915721	0.09252375	0.06194666	-0.05771996	-0.01565284	0.04511936	-0.09390482	-0.07459185	0.02294256	0.13003311	0.10990825	0.07827901	-0.00498889	-0.07344947	0.04731810	0.12768267	0.02502978	0.18584905	0.38931221	0.00714628	0.11898923	0.15874184	0.18406856	0.41414056	0.09907872	0.13498226	0.16429867	0.11375485	0.17321572	0.20089391	0.29731205	0.06561048	-0.03641092	0.10381330	0.01629348	0.41877435	0.35463924	-0.12578449	0.09577517	-0.10356487	0.08868048	0.22144959	-0.10127942	0.12600120	0.32074339	-0.16085399	0.25650150	0.12406365	-0.01671628	0.45091169	-0.03276225	-0.24487891	-0.12405550	-0.10036531	-0.00500225	-0.24773676	0.12696414	0.10466541	0.14943301	0.00857118	0.10125179	0.05647528	0.03361672	0.24453226	0.32648148	0.02875783	0.13698349	0.34334242	0.11950369	0.11058102	0.35493872	0.29102978	0.26471584	0.19497032	-0.00968038	0.15970143	0.35382836	0.30678046	0.11402751	0.64684879	-0.06225949	0.03513203	0.00493105	-0.22643740	0.01334613	0.27985243	0.06918321	0.11413194	0.27179695	0.22392669	0.18056664	0.19103673	0.10237269	0.06747671	0.20311873	0.25154606	0.14899335	0.26862683	0.09471118	0.16227272	0.23200499	0.18316753	0.26903468	0.11680375	0.13699851	0.19824596	0.20309958	0.42246142	0.51344643	0.15507249	0.34672699	0.40672399	0.30040999	0.31356580	0.29077466	0.24182833	0.41626200	0.31376946	0.48601972	0.30805692	0.13372657	0.43462787	0.50625113	0.55487818	0.11330085	0.16659255	0.10164099	-0.03124246	-0.02118480	0.34684143	-0.04114258	0.43478255	1.17709983	0.48288136	0.38047884	0.34750318	0.34555612	0.26563420	0.31881079	0.29132953	0.46289643	0.10807889	0.30569676	0.41285015	0.22140591	0.25223754	0.24883658	0.15791075	0.21279228	0.25416254	0.10202644	0.27129052	0.12271066	0.03116709	0.05542734	0.17980575	0.06927632	0.07706273	-0.04234788	-0.00562037	0.12518051	0.04251304	0.12236869	0.04193417	-0.05998653	0.16129704	0.01494085	0.12324658	-0.00494517	0.00563269	0.02876770	-0.04744815	0.12181807	-0.10454297	-0.09818815	0.13649773	0.06488091	0.21524027	0.09328303	0.12679412	0.11315146	0.11324029	0.15983225	0.27932926	0.08695631	0.08619065	-0.01683344	0.20044577	0.23753436	-0.05083174	0.00251538	0.20457281	0.04870743	0.02298582	0.04034580	0.08597576	0.27127883	0.24523784	0.20822267	0.17877179	0.06173886	0.11829127	0.25875261	-0.06132303	-0.06360969	-0.15378398	-0.10066474	-0.23615195	-0.22116348	0.09703067	0.17431765	0.02988467	-0.10170977	0.03229509	-0.10536501	-0.16456785	-0.05241209	0.13425891	-0.01878462	-0.06329981	-0.00461834	0.10813719	0.06598794	-0.00570359	0.28548715	0.20097398	-0.03410840	0.10345511	0.04251926	0.13421360	0.04924996	0.00677087	0.01806273	0.03299880	-0.16462374	-0.00224978	-0.18202417	-0.08668659	0.24836434	0.27655392	0.06593674	0.12999642	0.03811671	0.19440274	0.12306965	0.16287498	0.07472365	0.35163149	0.27279282	0.09111224	0.13557478	0.04211484	0.11744420	-0.03038535	0.21466729	-0.05521644	-0.01763564	0.07882608	0.02543612	-0.14849384	-0.03449365	0.09666192	-0.20064020	-0.08754292	0.03058466	0.29794769	0.36937064	0.34174766	0.12811041	0.24604539	0.39920116	0.16217835	0.16172493	0.39000993	0.22487460	0.19288766	-0.11309397	-0.10426142	-0.08897194	0.10151299	0.25520428	0.30676319	0.10262586	0.28033515	0.04455594	0.19195115	0.28980218	-0.14037235	-0.00472011	0.12422291	-0.00381078	-0.15287799	0.06939164	0.01430089	0.20605800	0.22401893	0.16914194	0.30958976	0.28106457	0.19735984	0.29638020	0.00966693	0.09007347	0.07898163	0.23903590	0.19979816	0.21683184	0.26643059	0.37149052	0.14059572	0.48882113	0.45947605	0.20069711	0.18331494	0.24433188	0.39492170	0.36304465	0.20787502	0.31998505	0.49309912	0.38854554	0.14129778	0.00721893	0.13321469	-0.01047897	0.17484123	-0.02916935	0.16640512	0.16519663	0.31868483	0.50519867	0.37082774	0.30004355	0.33551793	0.44710938	0.39870212	0.34547465	-0.13888902	0.08592222	-0.07184055	-0.19999822	0.22120833	-0.16222753	0.14891395	0.04534777	0.15471419	0.14005007	-0.07140812	0.00131397	0.04325413	-0.09453572	0.25962045	0.32183386	-0.09962866	-0.02727444	-0.04753845	0.07106312	-0.01617832	-0.02207193	0.13157067	0.05979665	0.14847980	0.06373397	-0.00975487	-0.05834532	0.18297109	0.15423531	0.27401176	0.25784631	0.22622033	0.14331252	0.07285637	0.24850862	0.18917215	0.13416730	-0.04364681	0.05766169	0.14227011	0.32552981	0.25011750	0.27914186	0.35683416	0.34654649	0.31516489	0.36671636	0.21969716	0.17806326	0.17943738	0.13711369	-0.00193677	0.22036936	0.10360781	0.18156998	0.24959411	0.30744564	0.39090653	0.48476524	0.41126768	0.38780857	0.43089989	0.35718163
17Networks_LH_TempPar_3	0.24820391	0.19741566	0.20785640	0.23033770	-0.02226846	0.14648192	0.19113117	0.03409934	0.19789343	0.26456973	0.14887161	0.00671100	0.17905310	0.07581447	0.24651977	0.00837021	0.13337250	0.23785315	0.11372141	0.06955515	0.23629069	0.13038797	0.09565730	0.14488804	-0.05423469	0.09140943	0.15655020	-0.06910337	0.01676958	0.06252431	-0.06748627	-0.08768528	-0.09459052	-0.07718357	-0.02140549	0.08825437	-0.11720803	0.19731038	0.11729492	-0.07841290	-0.02946228	0.15714022	-0.04675519	0.28407702	0.23214402	0.03537812	0.09447392	0.04116918	0.52183345	0.06411751	-0.10408864	0.07123802	-0.01344157	0.04878277	0.05733258	0.04467699	0.12880683	-0.07377303	0.22364672	0.36050734	0.26107266	0.36684314	0.16164802	-0.03140581	0.18989031	0.04924251	-0.09456001	-0.11421514	-0.02222168	-0.16475577	-0.18507405	-0.17109509	-0.05043643	-0.07850905	-0.16318979	-0.26897357	-0.17463957	-0.06576484	0.04322094	0.05745744	0.17825251	0.34696690	-0.10572830	0.11561968	-0.07641586	0.14567576	0.57656794	0.00101948	-0.00676958	0.01664427	-0.10498560	-0.02603326	0.11105844	0.27368515	-0.07506751	-0.01266934	0.20855132	-0.15712850	0.31165097	0.20656192	-0.14196727	0.12255165	-0.18215690	-0.09788471	0.23828274	-0.21115028	-0.01755686	0.23850068	-0.17937238	0.23019158	0.06940097	-0.02957238	0.39500670	0.08100082	-0.00927333	-0.03556621	-0.04016840	0.03797203	-0.13553618	0.13131360	-0.02695863	0.13810798	-0.06203199	0.05068970	-0.12441173	-0.04982345	0.14465149	0.29369545	-0.12165036	-0.03026267	0.41789774	0.10847874	-0.02893514	0.20564036	0.22351566	0.14344846	0.26742058	-0.12191003	0.29111824	0.19850745	0.14054960	0.11753908	0.54996457	-0.00778111	0.12337150	0.10683544	-0.01534797	-0.05961312	0.33450038	0.19560649	0.32528446	0.26219527	0.34449707	0.27468046	0.33113362	0.29184593	0.18733254	0.29205235	0.37402030	0.37021838	0.35476844	0.17731424	0.29666953	0.35886288	0.13772069	0.29747899	0.17007177	0.21935715	0.27297967	0.31190811	0.56751774	0.56085291	0.32229248	0.46819228	0.47010365	0.38928762	0.34410818	0.29339227	0.24176713	0.32357304	0.35287739	0.51123944	0.36650036	0.16628871	0.51800021	0.55943568	0.66916585	0.12907899	0.18187372	0.22472819	0.06716565	0.17388733	0.29380227	-0.04320200	0.51521518	0.48288136	1.12610860	0.54856139	0.36341926	0.60343694	0.19494887	0.23216056	0.26622166	0.27247032	0.23935050	0.16475458	0.27151128	0.17179092	0.17480467	0.12533556	0.26179218	0.21053633	0.17604810	0.02522601	0.25476692	0.10866934	0.06516486	0.26148815	0.17049289	0.15346081	0.25825083	-0.02088833	0.12235790	0.10428094	0.06068948	0.05261352	-0.06581444	-0.16431498	0.01310899	-0.13541180	-0.00578792	-0.02245755	-0.05572229	-0.10422294	-0.10855798	0.14212551	0.09231088	0.00452267	0.20956295	0.02938716	0.11415195	0.00069709	0.02123158	0.17612518	0.06236020	0.03361757	0.11758776	0.04824206	-0.14496793	0.02821707	0.00925823	-0.03868324	-0.09171264	-0.12874152	0.01157026	-0.06967890	-0.12426450	-0.06710608	0.15158375	0.29635623	0.30164754	0.00890557	0.16704401	0.22691271	0.12933776	0.28800906	-0.06834117	0.01963746	-0.07647454	-0.18091493	-0.10902406	-0.24405391	-0.01206505	0.09434317	-0.06774062	-0.08065619	-0.21587683	-0.16274164	-0.06436545	0.13028442	0.16575704	-0.04767717	-0.13731661	-0.18765184	-0.08465659	-0.05708247	-0.13430908	0.17484995	0.31174910	-0.18990438	0.06322680	-0.09625888	-0.05349258	0.04991585	-0.07812900	-0.04533020	0.03002147	-0.15742494	-0.17326357	-0.15263460	-0.01447602	0.06473176	0.03650571	-0.03172332	-0.03340563	-0.08323098	0.12676004	0.04925231	0.07014387	-0.10592058	0.33247902	0.11768933	-0.04775454	0.14150656	0.07415923	-0.06799277	-0.00672976	0.30577409	0.04900073	0.04431461	0.01756133	0.18782544	0.02435810	0.04292806	0.05455514	-0.17792948	-0.07038551	-0.12440953	0.21122650	0.19570622	0.23580653	0.02989380	0.07288779	0.33070262	0.10997415	0.12001443	0.27436484	0.19580326	0.13961471	-0.17231730	0.05697801	-0.08703873	-0.06134903	0.10272651	0.21884101	0.14913339	0.19120369	-0.02349117	0.14005608	0.13187700	-0.03856480	-0.05653210	0.23469275	0.09231602	-0.04319015	0.08755465	0.09357293	0.20568218	0.15878709	0.18166118	0.28870740	0.21907532	0.27341689	0.31640370	0.09456784	0.16157109	0.11224849	0.20861060	0.17612801	0.27265985	0.30869696	0.27309139	0.05162269	0.46458794	0.44439997	0.20379868	0.11926542	0.20174300	0.25744131	0.20793670	0.07888739	0.34640091	0.38832034	0.18108378	0.07802896	0.01037735	0.19875052	0.10457243	0.14055147	0.07207566	0.25480900	0.22276679	0.19281010	0.38418896	0.40570768	0.06826941	0.37560074	0.23770914	0.38220233	0.14269700	0.14870225	0.11204509	0.08598106	-0.03825073	0.11247131	-0.00886194	0.12768278	-0.08652449	0.11916732	0.02803924	0.05402223	0.01618387	-0.09134634	-0.12679031	0.05786518	0.13779008	0.10950867	0.03171623	0.09027940	0.07172706	0.10872049	-0.14212801	-0.01798148	0.09281182	0.17717793	-0.04321438	0.15836804	-0.04167816	0.01839392	0.08736613	0.20781085	0.14728726	0.13529742	0.05070021	-0.02866900	0.11551470	0.14758053	0.05047991	0.03673096	0.20083589	0.18866213	0.28838881	0.28252380	0.25541855	0.31851931	0.34103475	0.25618192	0.34727825	0.21846354	0.13295555	0.01798863	0.21482510	-0.02660559	0.07392173	0.12311352	0.03900714	0.27802014	0.19559317	0.35999090	0.27131203	0.36174521	0.34485250	0.27095979	0.40091149
17Networks_LH_TempPar_4	0.12696022	0.02460509	0.04697937	0.05700984	0.03666222	0.16857833	0.12192186	-0.01964364	0.12060984	0.22361909	0.04326455	-0.07335719	-0.04190462	0.04919734	0.03162138	-0.00011959	0.21245612	0.04820906	0.09912813	0.02792966	0.07175814	-0.03681971	0.02654887	0.13560766	-0.05992755	0.03526547	0.09835746	-0.05778501	0.02174230	0.11743708	-0.08870631	-0.02329657	-0.01473500	-0.07038221	-0.02676987	0.04068266	-0.17342652	-0.04449847	-0.03430077	-0.07066761	-0.11855277	0.01813919	-0.11098878	0.04623384	0.02572137	-0.03898472	0.10720411	-0.05699640	0.47612359	0.08463004	-0.12783030	-0.04615763	-0.02424614	0.17180547	0.02385068	-0.00014103	-0.07990165	-0.04788591	-0.00962326	0.11654938	0.12389363	0.25233744	0.06890413	0.02637537	0.16418085	0.04767254	-0.03310038	-0.13313587	0.01212133	-0.13597428	-0.03140064	-0.16290837	0.13795257	-0.15411726	-0.02114618	-0.23917022	-0.11578055	-0.11783524	-0.00482377	-0.06488281	-0.01430570	0.35159406	-0.12413517	0.08863115	-0.11349468	0.09539803	0.33285746	0.31329122	0.17083974	0.07080299	-0.00578516	0.14250603	0.19509887	0.14202681	0.10780650	0.17418089	0.11562832	0.00234158	0.16669894	-0.02631407	0.04387850	0.11248358	-0.04111030	-0.05805600	0.00764933	-0.10247729	0.12663030	-0.02502003	-0.09782887	-0.02916738	0.10443595	-0.04337116	0.16425803	0.18901353	0.02546352	0.09965187	0.10580689	0.06080660	-0.07226079	0.00801198	0.05940856	0.13389375	0.17275218	0.07325384	-0.04546422	0.06776182	-0.07638717	0.28999292	0.07327651	-0.01204185	0.12454282	-0.10103656	0.10502276	0.04251028	0.31143850	-0.01519360	0.22433480	-0.07312937	0.02201439	0.03240457	-0.12128620	-0.07344089	0.29870619	-0.19693305	-0.01089627	-0.05042079	-0.13818985	-0.11101057	-0.07597114	0.05271963	0.07405534	-0.03236741	-0.02958866	-0.08562123	-0.09170386	-0.05289818	0.12537027	0.11790107	0.01774841	0.10016635	0.01868916	0.02459743	-0.05502488	0.03727936	0.00460284	0.11198355	0.04177562	0.11975558	0.14176790	-0.00578264	0.52300022	0.20452642	0.07367051	0.18825266	0.15845623	0.11214938	0.12965566	0.05886738	0.06691970	0.11709195	0.19496972	0.19226333	0.06564161	0.02552434	0.20441968	0.31786413	0.38426200	0.18025439	0.05308937	-0.02634492	-0.06089344	0.02411289	0.12985493	0.16230828	0.16121534	0.38047884	0.54856139	1.14354167	0.32873174	0.37984488	0.13051701	0.21944371	0.09416678	0.09032878	0.10817813	0.06853497	0.11530739	0.24843269	0.26313291	0.14232869	0.29905531	0.11915937	0.10240558	0.00286588	0.07470214	-0.02189659	0.08408585	0.05788895	0.07354029	0.11354486	0.08105178	-0.08935712	0.06738695	-0.19184747	0.11022709	0.12137576	-0.14198051	-0.06592075	-0.02850993	-0.10015799	-0.05634159	-0.13113744	-0.12573773	-0.10441947	-0.12413841	-0.05785988	-0.09127173	-0.13422092	-0.07831244	-0.12044742	-0.02883380	-0.08064905	-0.03353487	0.08815382	0.01367165	-0.01820766	0.11416161	-0.11663627	-0.06540723	0.08628134	-0.00286659	-0.01744434	-0.07071162	-0.11789992	-0.11834128	0.01435238	-0.16310789	-0.08034563	-0.02597287	0.13391803	0.22994726	-0.00787649	-0.02871509	0.14315400	0.10159110	0.22575808	-0.10544733	-0.05202535	-0.12615915	-0.15457418	-0.18667245	-0.23585609	0.04421606	-0.07908960	-0.03214507	-0.03887126	-0.26641430	-0.23187999	-0.08719249	-0.08231317	-0.03302692	0.00921569	-0.15017778	-0.05687060	0.08416224	-0.00441332	0.03078299	0.10317619	0.10730822	-0.02688103	0.08625071	0.10919817	-0.06755016	0.07075049	-0.03210307	0.00850329	-0.07926494	-0.00610937	-0.12035577	-0.02404924	-0.12205459	0.03103555	-0.10716688	0.08915420	0.07656854	0.00971621	0.20779594	0.13482486	-0.01153232	-0.11293973	0.13641330	0.11850093	0.04472264	0.16344073	0.07715280	-0.15222083	-0.07947109	0.19917596	0.11950158	0.06653817	-0.04235721	0.06563862	0.05471829	-0.07003910	0.13208117	-0.01582198	-0.03506175	-0.11478868	-0.04419999	0.04975752	0.03532195	-0.02607940	0.05191973	0.09223476	0.11180865	0.03235153	0.23603331	0.06741647	0.15915915	0.09606278	0.10786689	-0.05348682	-0.13419630	-0.04248908	0.02598447	0.09101523	-0.06013707	-0.02792279	0.03464186	0.06498463	-0.08515629	-0.09340588	-0.10235147	0.00521986	-0.12032685	-0.10718147	0.03342029	0.00048000	-0.00416953	0.07197100	-0.05600349	-0.10173459	-0.06319797	-0.04353275	0.00312541	0.02163934	-0.14106334	0.04756112	0.03753568	0.14305567	0.03499572	0.07995761	-0.07164933	0.31117150	0.29560076	-0.01419969	-0.10248634	0.07378212	0.03494052	-0.02329664	-0.01728009	0.03463743	0.15018638	0.12604206	0.03122146	0.18995181	0.00091704	0.00241076	0.18161768	0.03189371	0.09109809	0.02050632	0.26409875	0.21942713	0.24454799	0.24159513	0.25956263	0.24538107	0.18468168	0.18108904	-0.00279975	0.07169608	0.06557963	-0.13947352	0.08064328	-0.05017850	0.10024866	-0.06767522	0.09232468	0.19152008	-0.03119584	0.04751747	0.02529134	-0.03575831	0.05453516	0.08753121	-0.00894205	0.08869017	0.11778855	0.11355057	0.02430266	-0.13633764	-0.03535945	-0.10758579	0.08655413	0.14802086	-0.00838196	-0.14285019	0.13373193	0.07048672	0.16530912	0.19982995	-0.09765208	-0.17007360	-0.16267417	-0.02723170	0.04785583	-0.16376227	-0.16732241	-0.06353416	0.01932498	0.03611359	0.00173246	0.03520762	0.13826116	0.05848147	0.16204954	0.03012880	0.09445110	-0.08399830	-0.14387069	-0.11301228	-0.11317017	-0.12641091	-0.14175075	-0.10433399	0.01255680	0.11643539	0.09933214	0.11213100	0.20421024	0.28020320	0.17282288	0.16885455
17Networks_LH_TempPar_5	0.25299328	0.12501357	0.07974326	0.11638822	0.12524743	0.16275725	0.15392682	0.22135507	0.24808067	0.22302270	0.00423652	-0.05115784	0.10719046	0.13853864	0.05391704	0.16861549	0.18854857	0.02552347	-0.05241626	0.04665865	-0.02824813	-0.03413856	-0.02264188	0.15402693	0.10887931	0.13709809	0.21602826	-0.01863727	0.22329586	0.10235637	0.04275107	0.06037747	0.16199359	0.00139658	0.06802711	0.19555035	0.10283030	0.09162758	0.11623883	0.00757310	0.11101516	0.04567307	0.10068359	0.08262631	0.19768848	-0.00599551	0.13789967	0.09048790	0.38909023	0.16924046	0.17135604	0.04231894	0.04213632	0.09406442	0.08149729	0.07302863	0.14845242	0.08908481	0.12893999	0.16100900	0.13740532	0.32990744	0.14898174	0.29745807	0.13777247	0.14528016	0.02850904	0.10652480	0.22698273	0.06548197	0.08633113	0.01397403	0.04703720	0.01205650	0.16484084	0.00300308	0.06305964	0.04009562	0.09228913	-0.01307775	0.12297417	0.31370668	0.03699071	0.19574380	0.07600473	0.11337623	0.21361266	0.05117615	0.08753406	0.10372207	-0.01605771	0.12512867	0.03969627	-0.04659317	0.11444457	0.03648761	0.17396282	0.04582562	0.13065446	0.12977473	-0.09003992	0.10481491	-0.01970726	-0.11573913	-0.01604547	0.02108191	-0.06154955	-0.03092883	-0.13985668	0.05628966	0.14672094	0.10631760	0.18044271	0.28491068	0.13047501	0.19639551	-0.00861300	0.09128745	0.01331400	-0.01600408	0.26666253	0.25699717	0.04049935	0.14118062	0.10200679	0.08273740	0.03758030	0.01230185	-0.09264694	0.07066400	0.04775628	-0.13766079	-0.05597962	0.05241666	0.22039261	0.06185337	0.07453975	0.05397456	0.23120258	-0.10746177	-0.05751806	-0.00357636	0.20675093	-0.12066933	0.06405707	0.19318547	-0.06652041	-0.16747225	0.07182277	0.01734357	0.07800311	0.13262577	-0.00604928	0.07887930	0.14105854	0.05676965	-0.09111764	0.06470326	0.23328042	0.10043844	0.17580407	0.05274898	0.17401513	0.06800473	-0.03921288	0.01601898	0.18621069	0.22486383	0.20452153	0.11956161	0.20550177	0.14971925	0.31173603	0.22643545	0.23251462	0.16496755	0.18436534	0.15026092	0.09810580	0.10693918	0.23673392	0.23234765	0.14148731	-0.07536336	0.10011655	0.16611419	0.23206737	0.11419180	0.08145843	0.04527774	-0.12062584	-0.01613844	0.07511469	-0.03407321	0.07370589	0.34750318	0.36341926	0.32873174	0.98071863	0.30373899	0.13038026	0.13559981	0.10217505	0.10602580	0.06626413	0.04223395	0.17769418	0.12431325	0.19606205	0.13328382	0.13368592	0.08542483	0.04507403	-0.03400666	0.10232902	0.00558142	0.01929133	-0.01752866	0.15696792	0.07044415	0.00282533	-0.05551092	-0.01108343	-0.00087602	0.01998435	0.13625272	0.05962369	0.03249834	0.07738053	0.09883451	0.12500434	0.05880473	0.02171021	0.00097354	0.07365983	0.06693921	-0.07817797	-0.02629297	0.08760507	0.02388848	0.07425356	-0.03397270	0.00993382	0.06926525	0.05959165	-0.09307726	0.03388789	0.08147440	0.00430254	-0.01987948	0.13095215	0.13041443	0.02138985	0.02121451	0.07157794	0.04109412	0.09522459	0.10358689	0.02809485	0.13808638	0.14315483	0.14823518	0.16997807	0.03454272	0.13808760	0.25393976	0.13121157	0.18262146	0.09513083	0.04503600	0.01725393	-0.05810274	0.13808822	0.07781922	0.00391541	0.07316680	0.02037819	-0.00508236	0.03494526	0.06409554	0.06857119	0.19754830	0.01517451	0.01667561	0.17426693	0.07043051	0.03718644	0.00818737	0.16976886	-0.09973912	0.06435865	0.04959988	0.15132590	0.06361306	-0.00681082	0.00193334	0.05745117	0.01106082	-0.01599384	0.05262264	0.06187591	0.07593807	0.09171657	-0.01368347	0.02170492	0.02545119	0.07277218	0.17123349	0.07332361	-0.04910533	0.16503707	0.10162190	0.19977783	0.21528354	0.17441345	-0.02463373	0.11493835	0.32259706	0.15178968	0.22208676	0.08326792	0.20441336	0.06000022	0.03239265	0.19607053	-0.01941172	-0.09517702	0.06531600	0.08132242	-0.01220854	-0.09562442	-0.03684749	-0.00463207	0.00869338	0.12284493	-0.00762263	0.12984508	0.00774457	-0.07758394	-0.09370066	-0.07787061	-0.00916188	-0.16814547	-0.11936570	0.08208768	-0.04862824	0.09554819	-0.05719852	0.08214635	-0.07228013	-0.17252043	-0.16437421	0.09005912	-0.01024583	0.05935604	0.05709928	-0.01837542	0.07141129	0.04520659	-0.03854474	0.14284126	0.12912480	0.14346276	0.13622541	-0.07871276	0.01505329	0.04592812	0.15577269	0.06561214	0.07928959	0.16641321	0.13577325	-0.06359111	0.17048171	0.15309921	0.10270507	0.15326583	0.06903986	0.14280092	0.06110151	0.04174994	0.19070695	0.12023915	0.07628797	0.07686924	0.01809505	0.02011555	-0.06083872	-0.02796541	0.12423028	0.16380112	0.16506358	0.21061396	0.18633944	0.25559801	0.09838388	0.10766502	0.30652558	0.11417305	0.11343482	0.13994577	0.10329094	0.01432318	0.00782647	0.11987773	-0.10468315	0.01552680	0.06221439	0.08636606	-0.05474255	0.04049209	0.10609176	0.01644488	-0.07304907	-0.04870979	0.10966294	0.03595550	0.04944704	0.14555386	0.02468662	0.07173506	0.06584192	0.03470652	-0.01309414	0.07504507	0.00473599	0.01353005	-0.01489534	0.05040415	-0.03374824	0.03084745	0.02335181	0.10644140	0.00841678	-0.00277597	0.08743253	0.09513690	-0.02396561	-0.08585120	0.14335287	0.13328126	0.16887621	0.14854375	0.14449074	0.12585514	0.16803308	0.21795727	0.17703467	0.14462813	0.05881843	0.03412430	-0.02257695	-0.03907027	0.03814476	-0.06931359	-0.11446781	0.08645940	0.11293381	0.14302099	0.23740662	0.27397372	0.26964237	0.26022102	0.27081542
17Networks_LH_TempPar_6	0.13270232	0.11312860	0.20053535	0.20152642	-0.02572694	0.12984576	0.08116501	0.02246810	0.27755230	0.16036189	0.13985141	-0.05583645	0.03721239	-0.01440827	0.14315065	-0.04357061	-0.02169265	0.19564962	-0.03944689	-0.07868720	0.11712450	0.07784177	0.00648111	-0.05389534	-0.09451664	0.01323068	0.05232191	-0.19447407	-0.00775171	-0.05552853	-0.11004099	-0.08206707	-0.14584182	-0.11291682	-0.07275262	0.00129137	-0.16417696	0.24201674	0.08930440	-0.11917542	-0.02269049	0.08599417	-0.08285201	0.09101431	0.09940844	0.01317280	-0.00714977	-0.07417997	0.49170138	0.12373215	-0.15119848	-0.03166034	-0.11194256	-0.06041262	-0.03899943	0.01537090	0.04109540	-0.09900089	0.08821914	0.26511947	0.19730867	0.20531485	0.03308482	0.06644613	0.07378174	0.02464577	-0.16286607	-0.18482142	-0.11236916	-0.19973746	-0.21880060	-0.17630372	-0.14207462	-0.09835953	-0.09336893	-0.19633650	-0.22516343	-0.13070143	0.00755295	-0.02892085	0.16547006	0.26448122	-0.06293761	0.01167246	-0.06507973	0.04543647	0.56478890	-0.03513823	-0.13405448	-0.04640882	-0.16310547	-0.17319856	-0.04058263	0.15899637	-0.14202458	-0.15314290	0.04001953	-0.20388624	0.25170379	0.08814169	-0.22606373	0.01899718	-0.19697420	-0.06812106	0.20510482	-0.20691423	-0.14029495	0.13610772	-0.09381668	0.17372035	-0.01608805	0.02307197	0.36012869	0.06397782	-0.07957807	0.03851138	0.06543430	0.14503576	-0.04157182	0.13811937	-0.08404279	0.00777973	-0.12170438	-0.02839985	-0.09191511	-0.14215167	0.09870390	0.17474365	-0.13969504	-0.04062456	0.37851177	0.07926268	-0.08613712	0.14520496	0.19241422	0.16118239	0.14538239	-0.15259620	0.33510233	0.18068317	0.16333423	-0.00275388	0.48322032	-0.01424335	0.03523859	0.17098809	-0.03776192	0.00881246	0.41410047	0.20758151	0.33040080	0.31944037	0.42736269	0.31588047	0.37574644	0.26011323	0.13024428	0.14319431	0.41525157	0.41090397	0.36686645	0.19016628	0.30508034	0.34648687	0.07469336	0.24965575	0.20850918	0.30151533	0.24500298	0.46898773	0.42089206	0.51784670	0.35080851	0.48113850	0.41940358	0.32597207	0.27622685	0.34348223	0.28772811	0.20411493	0.38941127	0.42587960	0.36767160	0.15866033	0.52889889	0.45210598	0.44578582	0.08233989	0.16609916	0.19049916	0.10852852	0.18384451	0.28753332	0.01211503	0.33110700	0.34555612	0.60343694	0.37984488	0.30373899	0.97058929	0.07016710	0.10800580	0.09854402	0.18965702	0.19319977	0.14003652	0.23338191	-0.00596760	0.13218362	0.01314049	0.18068093	0.09147233	-0.00107328	-0.09797662	0.08134379	0.03253459	-0.05401763	0.09739806	0.03485863	-0.00239060	0.12086365	-0.12344320	0.00886743	-0.05356930	-0.03949504	-0.05029334	-0.10009626	-0.13616366	-0.00434359	-0.09937163	-0.04408666	-0.09256697	-0.06477737	-0.05796689	-0.15597279	0.18554111	0.00409743	-0.03123343	0.11757099	-0.07349557	0.11365781	-0.02256328	0.12684854	-0.02264984	-0.10771263	-0.01923065	-0.01060888	-0.03366565	-0.23741911	-0.11580291	-0.07633732	-0.06731007	-0.16901696	-0.15974580	-0.10639241	-0.11233049	-0.17574162	-0.09630715	0.04489971	0.14526602	0.20444090	-0.01550040	0.32567358	0.11649181	-0.01298995	0.03188525	-0.15295438	-0.05956394	-0.11962531	-0.25393977	-0.11498128	-0.18634693	-0.11841258	-0.01229251	-0.13566909	-0.18628695	-0.19030956	-0.20755567	-0.04717490	0.09408321	0.23216221	-0.04070835	-0.17652766	-0.21669778	-0.06672633	-0.13707907	-0.18837816	0.06675720	0.08634163	-0.19979148	-0.07911017	-0.15492933	-0.14164330	-0.06032717	-0.05732586	-0.17681308	0.02680829	-0.22423090	-0.22038590	-0.19928546	-0.12218093	0.00448566	0.11314471	0.04237464	-0.10826600	-0.15316442	0.11048890	0.02850499	0.02489443	-0.09158161	0.25047328	-0.05176124	0.03066508	0.05327623	0.11743035	-0.13421754	-0.10289196	0.34134072	0.00733453	0.01351300	0.05360057	0.11762540	0.02431042	-0.01512713	-0.06001552	-0.22719169	-0.11735753	-0.16711595	0.25085493	0.17221696	0.29275529	0.02000339	0.02171221	0.36130632	-0.13701129	0.11717486	0.25156204	0.22779804	0.13636489	-0.16040892	-0.11717699	-0.14208442	-0.05591705	0.14344011	0.28763240	0.15039177	0.06924972	-0.07826950	0.06037583	0.11723876	-0.06861970	-0.09700444	0.33207201	0.13205478	0.02437413	0.08713969	-0.00685120	0.26655010	0.27182409	0.19843867	0.34862733	0.29991770	0.33844560	0.41283079	0.11117661	0.12005951	0.18642091	0.29456574	0.30459346	0.23433608	0.37867791	0.24413655	0.00201605	0.36488305	0.51219768	0.19165148	0.19471532	0.24622714	0.24563764	0.27640700	0.11096608	0.29596598	0.36695925	0.19685881	0.23051549	0.03090492	0.16738828	0.15185517	0.07316494	0.09354781	0.07695432	0.19337957	0.11353774	0.28337216	0.40749764	0.00359964	0.43164475	0.21808311	0.44289542	0.24406021	0.16337213	0.10486892	0.10971832	-0.06566373	0.06556146	0.02020221	0.03231672	-0.12807650	0.04537861	-0.09648626	-0.06026430	-0.04999675	-0.07526033	-0.08660080	-0.07800989	0.06414803	0.13156232	0.12490788	0.11884175	0.14164340	0.04879664	-0.03406801	0.03529005	0.07420606	0.00358651	-0.13978792	0.03919087	-0.09751237	-0.05085357	-0.01590601	0.05309893	0.00862766	0.16398237	0.11665155	-0.06890741	0.22903123	0.12801152	0.06357930	0.09036995	0.19153805	0.25700011	0.25428751	0.23420656	0.12095401	0.27680106	0.27288242	0.25207631	0.29592221	0.09072651	0.00764377	-0.09657390	0.10623264	0.02396771	-0.03408890	0.13600423	-0.00839598	0.16651134	0.15050899	0.20314953	0.21008160	0.28178627	0.27001461	0.19060878	0.23886526
17Networks_RH_VisCent_ExStr_1	0.39207101	0.40382543	0.25985265	0.36187456	0.08333967	0.05038047	0.24560881	0.36583886	0.16620321	0.33701226	0.31111139	0.34460252	0.34464474	0.45371325	0.39818789	0.05878056	0.27428067	0.28514649	0.10769745	0.23844425	0.16894914	0.10139788	0.19992897	0.18720677	0.20007944	0.15200105	0.36199717	0.33410910	0.23817234	0.17100214	0.21502935	0.16354313	0.37049631	0.39858399	0.36510174	0.43933351	0.09540190	0.30750417	0.48540493	0.41698777	0.20570836	0.28773055	0.30088778	0.17091382	0.11160023	0.02685850	0.05285684	0.02076875	0.13062046	0.09589406	0.18887241	0.22322872	0.03941083	-0.12254945	0.14274638	-0.05027880	0.20414481	0.22511695	0.32848128	0.41551827	0.44625622	0.44413714	0.27548177	0.13931664	0.41747808	0.21499752	0.33089751	0.34195277	0.39404809	0.21891226	0.28503253	0.30867595	-0.13475606	0.08864647	0.01871227	0.20391613	0.30905134	0.32000910	0.22953234	0.19446008	0.25172634	0.40022980	0.24791189	0.20785982	0.35462253	0.10196754	0.27331870	-0.09928247	-0.11141960	-0.14341743	0.07378759	0.09022398	0.16569667	0.13801516	0.17782873	0.12052860	0.21975609	0.27338641	0.37271266	0.55574515	-0.06282814	0.36559399	-0.02490749	-0.13255630	0.14535267	0.00424176	0.06470062	0.28477958	-0.13736682	0.22673129	-0.02630436	0.01025408	0.25695471	-0.03985519	-0.08637234	-0.20266237	-0.14110683	0.05556815	-0.18468600	0.01667572	0.15143831	0.43544833	-0.05090103	0.25138437	0.19011435	0.08139387	0.26436669	0.11433020	-0.07472496	0.11060630	0.17982696	0.15990712	0.09666967	0.22942806	0.19464633	0.21754667	0.08940969	0.16193330	0.28840175	0.14510343	0.21289442	0.27608301	0.44456468	-0.12296889	0.07913731	0.14872598	-0.12540197	-0.09988677	0.19505498	0.07078905	0.13585095	0.26568392	0.14706210	0.20252130	0.29832009	0.03114691	-0.05442288	0.25897054	0.33280830	0.10280411	0.28937931	0.07305158	0.30746036	0.22538682	0.19969165	0.11415906	0.09145316	0.06299077	0.00415709	0.23500414	0.19832694	0.21717839	0.36133930	0.32023114	0.49556674	0.55533484	0.46637308	0.44190311	0.22250958	0.53176609	0.33499143	0.43078693	0.26437888	0.04294972	0.30987244	0.44161296	0.38889979	0.06088352	0.18801923	0.07673701	-0.03306880	0.16874021	0.26210537	0.01351941	0.17574285	0.26563420	0.19494887	0.13051701	0.13038026	0.07016710	0.98860535	0.47176058	0.50857060	0.42010204	0.31263273	0.20177989	0.40201331	0.31609112	0.21748624	0.49100615	0.28639303	0.47566144	0.49474232	0.09405023	0.40317488	0.31917103	0.16817371	0.22301112	0.25519981	0.26157730	0.20119060	0.08766008	0.24158966	0.35367151	0.30187594	0.33741159	0.32711003	0.11527467	0.38448204	0.29006086	0.27868462	0.31741994	0.29225165	0.20784943	0.34793044	0.20325410	0.08304112	0.10098734	0.18028265	0.36526069	0.34571915	0.37904694	0.26897603	0.11923470	0.06288566	0.05622080	0.08830202	0.17882616	0.05534242	0.11938907	0.21966328	0.07815032	0.13582026	0.11955998	0.18263127	0.04704213	0.25046895	0.37475454	0.39663940	0.49307001	0.45141472	0.45115382	0.18792326	0.37632860	0.42887967	0.42657014	0.15094170	0.36101625	0.33331080	0.17352247	0.18605500	0.18907800	0.15995625	0.18648676	0.05023466	0.17163913	0.15587789	0.14748159	0.15900998	0.17069299	0.21644626	0.17100453	0.22836106	0.24681991	-0.03824675	0.03582851	-0.02905244	0.10796642	0.14631083	-0.15374293	-0.00909069	-0.13487824	-0.01569646	-0.01147936	-0.16288300	0.18225214	0.17147251	0.05936430	-0.06943085	0.05847589	0.10044106	0.38986256	0.27476159	-0.14411535	-0.10152737	0.01581328	0.12244517	0.27896135	0.12198840	-0.05425390	0.22694437	0.24685937	-0.07882485	0.07901547	-0.09435451	-0.07890592	0.04924574	0.15855704	0.01161136	0.05055628	0.02696158	0.12574068	-0.08397693	0.04341416	0.31059796	-0.11924325	-0.05284699	0.30069542	0.25983092	0.07808719	0.03747256	0.10057792	-0.08958716	0.17642445	0.05594640	0.16583022	0.17941550	0.15699303	0.02056748	-0.12049877	-0.05815871	0.16627780	0.11659808	0.08480700	0.29349797	0.10739590	0.16095838	0.02736673	0.16013981	0.06761295	-0.14043839	-0.03968813	0.19921180	0.02821942	0.06593617	0.06395983	0.02024322	0.29564452	0.14505389	0.04939030	0.43031760	0.34605821	0.24994297	0.28259860	-0.08965444	0.14160415	-0.04426013	0.19156859	0.12849738	0.17447101	0.35377558	0.41248731	0.18856088	0.18776589	0.06176243	0.18609277	0.35167193	0.20515811	0.34767999	0.27503324	0.28121879	0.23563647	0.18089031	0.05410306	-0.03981430	-0.01856322	0.16096173	-0.03646116	0.16539596	0.07746795	0.06814374	0.08940631	0.16933445	0.26984853	0.10142686	-0.01656256	-0.05448517	0.01338305	0.19375022	0.03155888	-0.09699797	0.03413175	0.06092957	-0.05783249	0.22873327	-0.03670825	0.26540039	0.13677641	0.20121757	0.24674735	0.11050087	0.06408383	0.19290546	0.09562542	0.38661983	0.37818883	-0.05418026	-0.06227054	-0.03039033	0.11697399	0.05125758	-0.11359621	0.18742911	0.05493042	0.23749422	0.12403691	0.21355428	0.16836899	0.16883899	0.20462467	0.40525673	0.34607890	0.42449720	0.25489534	0.30575288	0.19319552	0.03236938	0.36626673	0.24777999	0.13970796	0.21152582	0.32016524	0.29761801	0.35300924	0.40288626	0.43269582	0.29205456	0.34103750	0.38007723	0.41181598	0.36784406	0.05137701	0.24605831	0.37769639	0.09528357	0.23038994	0.26331339	0.45518716	0.50401269	0.39364829	0.41175621	0.43978858	0.38152509	0.33209760
17Networks_RH_VisCent_ExStr_2	0.56911250	0.52565429	0.41134899	0.54946279	0.20331154	0.13447111	0.35211876	0.29940535	0.23442983	0.35497605	0.38693731	0.29816049	0.22860644	0.38035496	0.51342468	-0.03768507	0.12172186	0.42808652	0.17639123	0.18753303	0.27987261	0.09239819	0.22174968	0.11685757	-0.05192478	0.04068448	0.15877901	0.14327283	0.07913286	-0.04587816	-0.05706699	0.02321551	0.10622999	0.14968501	0.19800850	0.34030129	-0.08203995	0.32607302	0.32490247	0.16858338	-0.01520715	0.17932195	0.09174293	0.20841710	0.09923391	0.04945733	0.17375403	-0.10191710	0.14342196	0.04977300	0.08062136	0.09330310	-0.11622472	0.07155143	0.05409132	-0.03560324	0.14276049	0.00576725	0.16251834	0.47956473	0.32252160	0.58927154	0.31436394	-0.04653269	0.38896323	0.18691956	0.23258827	0.23883999	0.24444905	0.10296135	0.23593664	0.23875303	0.04870889	0.17408969	0.05448490	0.09633027	0.03842347	0.05515649	0.26483079	0.15975807	0.26458407	0.31039994	0.13093247	0.14600723	0.22604968	0.05663894	0.21912602	-0.07137841	0.04865521	-0.05721358	0.00315106	0.06247718	0.04781685	0.13497102	-0.00322681	0.03550955	0.13810572	0.00345868	0.25426450	0.39708643	0.04730151	0.25773485	-0.10306403	-0.02264738	0.13189385	-0.08784541	0.26052779	0.25406058	-0.11441809	0.22572881	-0.04688461	-0.04580181	0.27290853	-0.04465670	-0.12918027	-0.19936361	-0.03628662	0.03148077	-0.18153077	-0.00137945	0.18979467	0.34986437	0.06379794	0.30223180	0.11464762	0.14977252	0.32003226	0.17059823	0.02168069	0.13683790	0.18868756	0.18016240	-0.00482071	0.31076554	0.40583619	0.25764891	0.26805168	0.14196830	0.20230278	0.21000047	0.19700736	0.26623599	0.34746616	-0.09268722	0.10608892	0.10788770	-0.09513380	0.02620301	0.18124386	0.19463979	0.13771953	0.17288090	0.19888237	0.14169677	0.19959349	0.06867017	0.06194509	0.11896928	0.24915234	0.10949284	0.30221656	0.11179754	0.25918739	0.16155357	0.27117271	0.14659001	0.04776672	0.04249846	0.06014710	0.10803774	0.40794570	0.21967878	0.19002093	0.21597165	0.35828835	0.38699532	0.33274504	0.30927890	0.29082335	0.41902919	0.17373229	0.32223633	0.12750592	0.20037321	0.16343516	0.26764422	0.27952545	0.14976806	0.16252614	0.04736719	-0.04188547	0.20379897	0.29911390	-0.01778213	0.22202286	0.31881079	0.23216056	0.21944371	0.13559981	0.10800580	0.47176058	1.00261726	0.66405637	0.58288630	0.50468508	0.27714780	0.53512968	0.30888791	0.33806590	0.41262749	0.51389146	0.51998037	0.45414221	0.07169658	0.39494806	0.27268239	0.12822011	0.35155928	0.18738766	0.22959618	0.35131514	0.05138103	0.24161620	0.17389257	0.05444576	0.07364537	0.05760116	-0.07362864	0.11099873	0.01851427	0.13449452	0.07798553	0.00014449	-0.05736974	0.15417577	0.20524371	-0.04684233	-0.02031494	0.16183436	0.13800202	0.27469503	0.21532411	0.17238362	0.11275270	0.07331904	-0.01857575	0.17376391	0.04858538	0.06212112	0.07278128	0.10381143	0.08175433	-0.06627096	0.03163276	0.11045193	0.14148895	0.09159955	0.16167489	0.28467700	0.49248913	0.49937127	0.28194629	0.10850700	0.33933782	0.46015421	0.35516147	0.07483510	0.23555269	0.19697812	0.13486394	0.06902992	0.11783976	0.12745001	0.20901643	0.16125992	0.04607285	0.08136537	-0.02585632	0.06406928	0.20161105	0.26124946	0.08857241	0.08239365	0.10556251	-0.04059986	0.05541413	-0.00118642	0.25504354	0.13375279	-0.14633152	-0.05580083	-0.14996898	-0.06576495	0.01594936	-0.15531097	-0.01157725	0.08753420	-0.07144544	0.03160702	0.00834239	-0.14207309	0.25485410	0.19445916	-0.10009229	0.02772989	0.08808724	0.09151929	0.28248278	0.05262416	0.01687293	0.20399338	0.16879183	0.00853567	0.15000643	-0.05148167	0.01915742	-0.03100288	0.15773100	0.03472420	0.00387857	0.03791413	0.01190257	-0.02062634	0.04233357	0.20547008	-0.04966202	0.11248452	0.16782442	0.24583535	0.12890173	0.15974916	0.10389476	0.06023339	0.12935836	0.17413157	0.19278282	0.27638371	0.19689159	0.09462079	-0.05560112	0.07737798	0.12375040	0.06998660	0.14359865	0.30642668	0.17566691	0.17490096	0.07166634	0.20034456	0.14475089	-0.11567620	0.07113251	0.16004886	-0.01485539	-0.03351243	0.01334421	0.07954464	0.20853819	0.21003527	0.16564734	0.25866007	0.25361144	0.16662745	0.22951873	-0.01159924	0.12486365	0.01135272	0.18867916	0.13302253	0.17686297	0.25892278	0.35077487	0.14318497	0.20711066	0.08907926	0.09885339	0.21131171	0.09628574	0.25099909	0.18990792	0.22751486	0.19515934	0.14610471	-0.04611768	0.01154477	0.05816588	0.14886121	-0.01791881	0.18649493	0.16709901	-0.00597559	-0.03539514	0.10369504	0.20953842	0.08206060	-0.00978601	0.05566074	-0.00962878	0.19111294	-0.00600796	-0.11813834	0.05537040	0.05181625	-0.08245153	0.15034759	-0.09627923	0.12051242	-0.09417260	0.15855686	0.12039279	-0.04115722	0.01724537	0.05438691	-0.00915038	0.19588031	0.23720402	-0.14220356	0.03426701	-0.06994421	0.10409817	0.07511627	-0.14328705	0.10908771	0.00820677	0.15163558	-0.06568736	0.06834358	0.00599148	0.16994378	0.10524129	0.25139903	0.25393204	0.35566306	0.26753678	0.12921398	0.11692770	0.14995103	0.26230508	0.19919893	0.13229486	0.32358273	0.35868404	0.42176199	0.39843742	0.47733982	0.41716494	0.28723812	0.39583109	0.33634804	0.15717240	0.15338936	0.09303656	0.05984168	0.13104812	0.12140298	0.13438822	0.29738918	0.44921789	0.48130086	0.45541352	0.42399960	0.37823269	0.42689600	0.34727607
17Networks_RH_VisCent_ExStr_3	0.52585012	0.63445026	0.33910049	0.51651592	0.15611420	0.09351459	0.31243002	0.34896899	0.20642460	0.47555013	0.45562833	0.42567202	0.49434506	0.53936297	0.60107582	0.20978205	0.29998897	0.49644062	0.37118394	0.41150864	0.47493228	0.33985833	0.42552924	0.41421509	0.05881675	0.13995613	0.28819519	0.28796761	0.11065467	0.04658974	-0.05307712	-0.05482319	0.16646511	0.16397838	0.26362861	0.33936207	-0.04708933	0.27515892	0.35211917	0.20081642	0.09237420	0.31282253	0.17601263	0.28810473	0.26306380	0.15595557	0.21332743	0.05894023	0.14262009	0.18536678	0.12396871	0.04321295	0.10879995	0.07986908	0.21964861	0.03720453	0.23226989	-0.04411676	0.28855965	0.47072230	0.47280170	0.52243921	0.33347665	-0.11129301	0.41536890	0.16561719	0.28646555	0.27613448	0.24283967	0.06864462	0.25518614	0.24481226	-0.00238687	0.16841026	-0.05401787	0.04905502	0.03612858	0.19894224	0.26972827	0.19192882	0.28165438	0.30674965	0.06898001	0.23227256	0.23774425	0.14124535	0.26819783	-0.10705417	0.08690169	-0.00967575	-0.03628400	0.07786559	0.18557593	0.16389069	0.00395671	0.11446339	0.19667122	0.11521867	0.29066286	0.46060720	-0.01893880	0.28456059	-0.11629926	-0.01809813	0.11961622	-0.00840481	0.19991200	0.36702705	-0.14889161	0.21306892	-0.03877754	-0.09254189	0.25240516	-0.03108428	-0.06514335	-0.22282386	-0.08998320	0.03199286	-0.19632293	0.05258150	0.14763712	0.31875054	0.00583131	0.27604792	0.09279244	0.08750823	0.29852090	0.15309389	-0.04088770	0.08322921	0.25118411	0.24737295	-0.01174850	0.25253117	0.37098024	0.23466635	0.18646936	0.11686490	0.21049039	0.25096926	0.23632897	0.31529038	0.41723419	-0.02562711	0.17403831	0.15695059	-0.07572787	-0.01267149	0.20819640	0.18526666	0.15399081	0.21480701	0.17990019	0.15401894	0.24785529	0.07026593	0.02779664	0.13150882	0.29317540	0.09892024	0.28820750	0.08417715	0.27626676	0.22517792	0.26759363	0.18303178	0.03386926	0.06323227	0.04609867	0.11758971	0.34669784	0.23287304	0.13777143	0.26186379	0.34393896	0.42253839	0.38879805	0.30591502	0.29098509	0.46342665	0.29933183	0.47409446	0.19423949	0.10754190	0.22376906	0.32178166	0.35182100	0.05356052	0.25165920	0.11094469	-0.00935818	0.23912520	0.48136444	0.15614207	0.20773307	0.29132953	0.26622166	0.09416678	0.10217505	0.09854402	0.50857060	0.66405637	1.09401350	0.56952112	0.39966432	0.26504404	0.56559364	0.33159106	0.25263011	0.45635499	0.50699339	0.66727876	0.69367525	0.20389434	0.51957193	0.44774580	0.33727841	0.53896227	0.40201543	0.47982684	0.49759981	0.30639961	0.47822158	0.24922379	0.18739930	0.19694484	0.17691990	-0.02444539	0.17436015	0.08269109	0.23025983	0.25120963	0.11195363	-0.03823434	0.27532959	0.28863660	0.05772796	0.11409794	0.30798240	0.34055551	0.30670672	0.33007729	0.11994046	0.26811445	0.22912849	0.13667899	0.25708625	0.18095755	0.10557432	0.13276057	0.20131744	0.13097088	0.01016046	0.15820620	0.19244892	0.06536834	0.05753344	0.18222118	0.36457120	0.48122176	0.50453182	0.34474744	0.04450785	0.51917542	0.58727142	0.38035420	0.22756632	0.36638128	0.29763207	0.22728045	0.21241266	0.16460741	0.16807300	0.31879293	0.15798185	0.10875848	0.12204749	0.06236045	0.21785251	0.32618008	0.22025821	0.19265441	0.12959281	0.12622487	-0.00309161	0.15987886	-0.00625362	0.18451038	0.28471646	-0.11432335	0.09768484	-0.06814662	0.01059095	0.11294532	-0.15429096	0.17369932	0.20075822	0.02033985	0.04756338	0.05700614	0.03454542	0.33916932	0.20652711	-0.17462804	0.01919473	0.09094779	0.13013868	0.26836688	0.08385740	-0.02743427	0.20369771	0.26724571	-0.03094420	0.24113262	-0.11713103	0.04718529	-0.01987000	0.11395468	0.07013257	0.05179984	-0.05781900	0.12331814	0.00901267	0.13846955	0.30291566	-0.10142354	0.11254375	0.21214014	0.27688803	0.12149317	0.09283750	0.14111979	0.03978776	0.16429123	0.10175833	0.22912661	0.22817547	0.15177210	0.06654964	-0.10941439	0.11891436	0.08914851	0.11560911	0.15180407	0.29173611	0.08528594	0.20324092	0.13440625	0.23240309	0.09940505	-0.03799953	0.12451069	0.18170619	-0.01296662	-0.02229319	0.04396220	0.00169787	0.21010456	0.15314356	0.10548118	0.26303242	0.27482384	0.17572109	0.24348347	-0.05756376	0.11505319	0.07365208	0.11201390	0.05949305	0.17419708	0.23390892	0.36778282	0.13978472	0.26998952	0.00096406	0.14473902	0.19147582	0.10244943	0.21034153	0.25453058	0.23401230	0.22337248	0.15458212	-0.03091228	-0.09796049	-0.01541836	0.22829989	0.01890004	0.16128915	0.23478420	0.06356991	0.08217534	0.14412560	0.25621017	0.04537537	-0.09239756	0.01448941	-0.02812825	0.16776179	-0.08056094	-0.03194476	0.10335646	0.06208840	0.00562407	0.23380057	-0.12838993	0.12549835	-0.07336276	0.07784447	0.08715852	0.03536092	0.01111363	-0.02459827	-0.01246419	0.24675986	0.27652474	-0.01195812	0.03552214	0.03483062	0.07526808	0.15395426	-0.18017013	0.12998913	0.05674057	0.08991757	-0.11531420	0.23698307	0.11590731	-0.00030485	0.10586033	0.28109921	0.29790735	0.38467073	0.26975843	0.28910749	0.15889751	0.10641611	0.38237433	0.33677052	0.17878847	0.29751895	0.34684340	0.44731524	0.41493780	0.42211788	0.45398721	0.25718709	0.46229840	0.42351862	0.31515595	0.31658895	0.23196051	0.19361459	0.29531867	0.25291748	0.21453906	0.39932469	0.38758350	0.55120741	0.40937742	0.43257494	0.35194981	0.37985314	0.33452615
17Networks_RH_VisCent_ExStr_4	0.60290958	0.49775641	0.65551826	0.69127862	0.06027141	0.15680920	0.55450194	0.22421802	0.35048241	0.30102637	0.34195013	0.29193553	0.20407020	0.42778789	0.55888273	-0.08232878	-0.07673354	0.41444658	-0.01650846	0.11482998	0.18038727	0.04910365	0.09698840	0.10457147	-0.05225390	0.00659268	0.24037475	0.15415807	0.16266659	-0.02538609	-0.02861943	0.02351705	0.12280969	0.22550240	0.22584371	0.35497127	-0.12414482	0.42015720	0.45251433	0.20774296	0.03431340	0.20191232	0.13937506	0.41672218	0.23752903	0.04419252	0.18361480	-0.09444671	0.12797246	0.24796554	0.12707116	0.24722604	-0.06954885	-0.00847066	0.12310774	-0.13709306	0.15336882	-0.00646477	0.30892812	0.42059687	0.19646461	0.51887408	0.33088235	-0.05197770	0.26322787	0.14331555	0.13398295	0.14666378	0.11629662	0.00339817	0.15204624	0.23724295	-0.03800573	0.21189699	-0.06218448	0.07194151	0.08123825	0.04141844	0.30515136	0.07183442	0.34726936	0.28668844	0.08552238	0.07147375	0.15685114	0.08163902	0.20715094	-0.16776397	-0.02052095	-0.10866841	0.01464921	0.05631602	0.14946977	0.25551037	0.02543175	-0.05197233	0.13103101	0.01299948	0.36270881	0.55512072	-0.14746839	0.09011085	-0.18580639	0.15171679	0.29414173	-0.06315659	0.16591737	0.31092139	-0.02282008	0.32867952	0.04509679	0.08906824	0.42427881	-0.05712485	-0.13672932	-0.14450258	-0.13360956	0.06684790	-0.12624430	0.04573735	0.10261667	0.21347145	-0.07476417	0.20175657	0.08099944	0.08189389	0.42035345	0.28906817	-0.04487461	0.11488730	0.33597590	0.18995934	-0.09640890	0.45566803	0.44253807	0.34378883	0.20059634	0.04005613	0.31411879	0.42420813	0.44418910	0.24903095	0.49890012	-0.13115061	0.12832194	0.08656301	-0.27270745	-0.01749788	0.40659006	0.18139039	0.13728386	0.21618295	0.34458454	0.30401518	0.37178782	0.14401613	0.04059386	0.14910278	0.46034257	0.19085074	0.42922023	0.17730304	0.35258666	0.19509354	0.38689114	0.15680185	0.15543811	0.12114957	0.13957684	0.23911821	0.40911955	0.39208698	0.30056332	0.30970292	0.49584588	0.41319931	0.28418750	0.36100092	0.36509705	0.54435911	0.21561620	0.45510313	0.23997196	0.28537345	0.40734494	0.41361067	0.42609737	0.09133729	0.19219233	0.18410664	0.03912217	0.11148562	0.33288255	-0.04619161	0.37373450	0.46289643	0.27247032	0.09032878	0.10602580	0.18965702	0.42010204	0.58288630	0.56952112	1.08549234	0.51316566	0.53208275	0.72850607	0.23958718	0.33696020	0.35634043	0.33563501	0.49766275	0.36978038	0.05793252	0.38897449	0.28768106	0.00606396	0.21642010	0.20193436	0.17923420	0.22976118	0.05026380	0.14899374	0.15152603	0.03190580	0.01930397	0.12963495	-0.03563177	0.28079508	0.05061620	0.20158746	0.14100829	0.12580254	0.02390846	0.14751750	0.33520444	-0.01516281	0.03096068	0.30890753	0.20209777	0.46601539	0.33993855	0.27516157	0.12029095	0.11186646	0.09979470	0.16154912	0.20041428	0.13267475	0.03730510	0.09786576	0.15167845	0.11594104	0.01680228	0.14007993	0.01366094	0.10693235	0.06964564	0.13663450	0.49994531	0.48497930	0.31732621	0.31234357	0.26609274	0.32308547	0.19883913	0.08663274	0.15651511	0.13587534	0.03468107	-0.01588988	-0.01439192	0.06253868	0.24742747	0.03131060	-0.01836909	0.11316557	0.00049646	-0.00924197	0.15761236	0.31385057	0.03919568	0.09295227	0.12710412	-0.08398375	0.04345249	-0.15283072	0.15947201	0.19096091	-0.11402457	0.07911244	-0.11296833	-0.01274062	0.03510144	-0.20813356	-0.02615115	0.13605758	-0.12610348	-0.01794215	-0.10564365	-0.11415241	0.35957454	0.22209032	-0.19544240	-0.05486518	0.06147281	-0.00621313	0.15508446	0.01903188	-0.04341074	0.13186953	0.16805463	0.07358962	0.17663968	-0.03787010	0.03215930	0.08577641	0.13941525	0.12131593	0.01217970	0.03436132	0.13672139	-0.06261336	0.12720847	0.13839127	-0.18785013	0.03009693	0.09231845	0.38945623	0.28429166	0.24307802	0.19429337	0.06242110	0.17722306	0.08716230	0.39522026	0.40431159	0.21482436	0.14690417	-0.19296649	-0.05804360	0.07844726	0.16913295	0.22378110	0.46871095	0.23863806	0.27262507	0.07163791	0.31403421	0.24458882	-0.16085842	-0.04820058	0.35603686	0.07577400	-0.07436719	0.10542996	-0.01276772	0.34173102	0.36232146	0.24464554	0.40567945	0.40156600	0.37090946	0.39409616	-0.02009263	0.05140687	0.09715466	0.33585713	0.30366730	0.15464689	0.41273137	0.40480948	0.15812360	0.33264964	0.28938927	0.12999946	0.34019329	0.10111554	0.41445488	0.25048023	0.21573952	0.15512749	0.27883624	0.03108114	0.10889717	0.00905144	0.21620347	0.04343203	0.14150976	0.03820783	0.00415065	0.11528447	0.12908058	0.37107113	0.14433964	0.10283932	0.10174839	0.06960313	0.30415772	-0.05536588	-0.02712558	-0.00799229	0.12168953	-0.02865970	0.10331492	-0.05495230	0.22271543	-0.03821294	0.25750021	0.15179265	0.03911229	0.04490812	0.14887609	0.07713166	0.33619555	0.38378125	-0.07074465	-0.00183919	0.01741896	0.18743817	0.15429633	-0.07455899	0.20528916	0.11459150	0.22574009	-0.04929522	-0.01122082	0.13369354	0.26861431	0.17507656	0.35424129	0.38420191	0.50160881	0.30845353	0.22033638	0.23019294	0.06636710	0.37496455	0.20405193	0.19922443	0.43964057	0.49641231	0.53373078	0.51206319	0.54015923	0.58102960	0.48275878	0.58057469	0.44050968	0.31827854	0.32658944	0.18081200	0.16748108	0.29785340	0.21147197	0.20644228	0.35661322	0.45623800	0.60737814	0.58947138	0.57133084	0.47787280	0.63803173	0.46195001
17Networks_RH_VisCent_ExStr_5	0.44357561	0.36403022	0.43989219	0.49456735	0.13970987	0.27679605	0.43759758	0.21819991	0.32905129	0.32584827	0.33495905	0.17428518	0.09500433	0.18481204	0.40667493	-0.17195880	-0.14392910	0.35461044	-0.04440014	0.00596272	0.11253750	-0.06992732	0.02634805	-0.08148067	-0.07942884	0.04294906	0.09221682	-0.14472811	0.01054223	-0.09653825	-0.09828285	0.04381271	-0.03541032	-0.03557289	0.03276731	0.25137748	-0.12808090	0.28359493	0.19459667	0.06962241	-0.12670346	0.00457493	0.01005811	0.13853111	0.14534919	-0.04562833	0.09184158	-0.13009399	0.05772099	0.09173273	-0.02235638	0.11156115	-0.13652215	-0.05378829	0.02734851	0.02745077	0.21214968	-0.06970492	0.25479036	0.36367215	0.20567968	0.48740368	0.26860240	0.01186148	0.22885441	0.15769681	0.11457711	0.08055213	0.11199244	0.02701528	0.14089132	0.10077708	-0.14482431	0.18319852	-0.12755909	-0.01503797	-0.06489442	-0.09878103	0.09475408	0.07304155	0.10863775	0.22375518	0.10460644	0.03978233	0.10448465	-0.04617971	0.19948511	-0.23034176	-0.13436003	-0.03871970	-0.11128442	0.00384744	-0.02117328	0.09379981	-0.11735740	-0.11888393	-0.01961670	-0.04583663	0.19625904	0.28641283	-0.12394218	0.04938459	-0.22760613	-0.03190152	-0.00334573	-0.07761902	0.00337097	0.06600023	-0.11687232	0.04489986	-0.06290191	0.01855282	0.39952917	0.09915188	-0.03727178	-0.02371853	0.08885456	0.24754267	-0.05733755	-0.08700818	0.13631304	0.14866623	-0.13300190	0.12599569	0.00527794	-0.01260152	0.21446746	0.00538983	-0.14243115	0.05804035	0.19567848	0.09839750	-0.15711553	0.25051417	0.22901463	0.19146751	0.06328950	-0.04593500	0.23099409	0.13570985	0.21563068	0.15534450	0.27275066	-0.03723257	0.11158393	0.17279985	-0.16385415	-0.04723746	0.25830844	0.15240771	0.04431786	0.17151598	0.21874275	0.07251284	0.26634367	0.04861613	-0.08930913	0.01648364	0.40614515	0.12591108	0.28713566	-0.01289057	0.26499136	0.16340648	0.25975252	-0.01484203	0.09874509	0.20095736	0.25214826	0.18177243	0.26396543	0.19131882	0.26648722	0.24116397	0.38865089	0.39098475	0.20855678	0.30620192	0.20097670	0.31951171	0.12142427	0.28001755	0.01262049	0.02717348	0.20794680	0.16256943	0.19824250	0.03884912	0.01783595	-0.08366425	-0.10442163	0.07032256	0.19731580	-0.06826199	0.20185819	0.10807889	0.23935050	0.10817813	0.06626413	0.19319977	0.31263273	0.50468508	0.39966432	0.51316566	1.08704412	0.35183677	0.55610498	0.32147358	0.43669657	0.35469804	0.33126648	0.39197813	0.22045482	-0.04525627	0.27116978	0.12083641	-0.13317301	0.15883815	0.04924724	0.04931622	0.14924066	-0.03557606	0.02089266	0.26740185	0.07401371	-0.03889185	-0.13839270	-0.12978381	0.02327572	-0.12028739	0.03619821	-0.03234200	-0.05011889	-0.06460456	0.06469222	0.10332923	-0.02528045	0.00724431	0.12295655	-0.01674860	0.25941881	0.19022670	0.11806750	-0.03217031	-0.09453388	-0.05845031	0.05880492	-0.09116043	-0.02160790	-0.05144145	-0.10821948	-0.02332680	-0.01055976	-0.08390593	-0.00127710	0.03086295	0.14834874	0.08673896	0.05342116	0.34701791	0.55049189	0.21403946	0.22796434	0.23387998	0.23069085	0.17800392	0.07497879	0.12989506	0.10141377	-0.03642897	-0.02880781	-0.00925395	0.12497669	0.30047909	0.01412346	-0.05043487	0.02490758	-0.12117161	-0.05781199	0.06229441	0.17963998	-0.04874817	0.15961916	0.05754316	-0.11690013	-0.04890393	-0.11602304	0.08880415	-0.06459831	-0.24363120	-0.08166282	-0.21204523	-0.16418352	-0.04996466	-0.10776618	-0.08488005	-0.10808553	-0.18254361	-0.03674817	-0.07050105	-0.15942871	0.20960483	0.06179466	-0.08242735	-0.12672125	0.00265373	-0.01111047	0.07133656	-0.01816437	-0.08512815	0.06200044	0.00847238	0.06187385	0.00363248	0.07925835	-0.08956753	-0.04784151	0.31133331	0.16922132	0.12057389	-0.03092719	0.15831814	0.08270970	-0.02672737	0.12014600	-0.11316784	0.07407803	0.06545759	0.24208173	0.13030518	0.14320097	0.11136980	0.02851755	0.07222877	-0.01859875	0.32161975	0.26042643	0.22444023	0.12844098	-0.11463721	0.05349158	0.05823974	0.11561291	0.16039166	0.33243394	0.05916758	0.10986456	0.00417359	0.15778997	0.22175958	-0.06523989	0.05112937	0.32884486	0.05721086	0.08602237	0.01016672	-0.09902752	0.30228437	0.30037225	0.25774820	0.17321483	0.26471709	0.17956550	0.31223606	-0.03290386	-0.07501873	0.05025714	0.13753115	0.22703225	0.03454953	0.27822936	0.37139702	-0.05899477	0.16949354	0.19260182	0.08695166	0.27170416	0.09229910	0.30290678	0.08338999	0.12188480	-0.01583128	0.06155602	-0.08060305	0.06288019	0.11864217	-0.01447214	-0.09997395	-0.00696146	-0.09124316	-0.05365099	-0.05739020	-0.08113298	0.15087946	0.03071305	-0.00067075	0.05128849	-0.06444837	0.25366603	-0.04838911	0.08328591	0.05428487	0.07826310	-0.02303242	0.00706241	0.03775254	0.01027509	-0.26019315	0.21742349	0.04685688	0.11118958	0.04723396	0.11637160	0.05558493	0.14992010	0.08322647	-0.05106770	-0.02570539	0.10613709	0.12882272	0.02376020	-0.16711464	0.09054401	0.04166996	0.12747238	-0.00924993	-0.05932250	0.03742243	0.17480153	-0.01960577	0.24082524	0.11769622	0.24321683	0.20825995	0.09850817	0.20145554	0.04691424	0.19436003	0.20977186	0.17604978	0.35772420	0.32945653	0.33113430	0.29456194	0.44630325	0.45299029	0.45178999	0.41296873	0.19089522	0.13769518	0.09296748	0.01590257	-0.00445358	0.09375528	0.13465971	0.10559381	0.23684409	0.33942396	0.35675130	0.49010688	0.34384438	0.40408020	0.49881840	0.45143108
17Networks_RH_VisCent_ExStr_6	0.25991037	0.23950028	0.46991132	0.41434248	-0.11443473	0.20619479	0.30908869	0.16005834	0.23648104	0.15510719	0.17328735	0.10760007	0.17467282	0.25244307	0.20932315	-0.05169957	-0.07068446	0.13572927	0.01635144	0.00916066	0.09057289	-0.05203228	-0.02111791	0.11050215	0.00724068	0.04655677	0.17817148	0.13107695	0.09909796	0.02265755	-0.07035650	0.06310235	0.15149546	0.18981669	0.15344680	0.24197942	-0.03307402	0.21363993	0.21573402	0.23684197	0.00334142	0.09074989	0.14173231	0.18520356	0.17040148	-0.00858913	0.14011311	-0.08957555	0.05324510	0.26495891	0.19239230	0.22591657	-0.02274242	0.10940387	0.17444398	0.00224108	0.16076111	0.10465991	0.17753371	0.32264818	0.12791747	0.31639377	0.31475847	0.02944321	0.07252705	0.06302844	0.12558569	0.06364736	0.14136680	0.00102881	0.10386805	0.17644726	0.10073578	0.22295033	0.04218466	0.17631951	0.13225159	0.07454085	0.17260396	0.01527522	0.21269845	0.23280285	0.00935207	0.13032616	0.13776780	0.09913520	0.10132013	-0.05899969	0.06767934	-0.10360768	-0.02412036	0.01093162	0.19805857	0.18206627	0.08185268	0.01644142	-0.01555530	0.11359378	0.14699430	0.32708086	-0.08947948	0.08493401	-0.12063260	0.05966258	0.03242074	-0.03486030	-0.00556468	0.10047426	-0.10895076	0.08811968	-0.06653162	-0.11498817	0.17671813	-0.05591642	-0.12463379	-0.10232555	-0.03724933	0.08142495	-0.08116241	-0.00778143	0.11912659	0.10234373	-0.00971867	0.12372295	0.13449963	0.07237850	0.24215345	0.14322272	-0.05656088	0.14983286	0.16125154	0.03403953	-0.08430723	0.25087270	0.25402112	0.14641844	0.15292643	0.05316762	0.16146932	0.17372618	0.14457934	0.07525891	0.20689530	-0.09151995	0.07581716	0.00204383	-0.13611414	-0.08638235	0.12077471	-0.03301758	0.04392501	0.12267099	0.15615740	0.01249053	0.17326565	0.05352064	-0.03201488	0.16798504	0.24832652	0.01557678	0.13603887	-0.05593004	0.08076250	0.00629548	0.18032089	-0.02594976	0.00222271	-0.12725224	-0.04947525	0.05358468	0.20437986	0.16580136	0.12732106	0.09021636	0.22332670	0.17640862	0.07340778	0.19002167	0.20992739	0.35918262	0.06457344	0.25848236	0.02624971	0.04079891	0.13092330	0.16771483	0.17859406	0.08084307	0.06746992	-0.05982447	-0.10127852	-0.10625727	0.09338175	-0.09604531	0.26651271	0.30569676	0.16475458	0.06853497	0.04223395	0.14003652	0.20177989	0.27714780	0.26504404	0.53208275	0.35183677	1.01726444	0.38523009	0.25486150	0.23570408	0.26358310	0.17745605	0.16997611	0.15753390	-0.08490672	0.22081790	0.10778848	-0.07499057	0.05816284	0.03078804	0.09429905	0.07300682	0.03910771	0.01674571	0.14778500	0.07695969	0.05249754	0.09401882	0.03437642	0.18024230	0.08744333	0.05488524	0.10322698	0.07613309	0.07929840	0.14359048	0.18409043	-0.00876096	-0.07606188	0.11271102	0.10736032	0.32960225	0.27628826	0.27599116	0.06749517	0.09124888	0.15999848	0.16220506	0.10701939	0.21247577	0.09057256	0.09764258	0.12679195	0.05774380	0.04393071	0.16334986	0.09582481	0.20424963	0.17315856	0.13502938	0.35014646	0.34821081	0.19215557	0.17414912	0.09151700	0.12126496	0.16436327	0.07604087	0.03004836	0.07904641	0.03496193	-0.05157399	0.00959318	0.14785361	0.28529256	0.13504279	0.07615383	0.19448507	-0.04268522	0.04523199	0.04966016	0.11726425	0.02521359	0.12362742	0.15502483	0.05064630	0.13156158	0.06882695	0.14743648	-0.06658651	-0.00946621	0.07528964	0.09697493	0.14657048	0.13770202	-0.04012934	0.10217351	0.08841608	-0.00128074	0.01956059	-0.02841190	-0.03271494	0.29205635	0.15990444	-0.04905356	-0.01894091	0.01138260	-0.11818205	0.04191128	-0.10409579	0.02723268	-0.01764953	0.10926798	0.11919888	0.04370970	-0.12529487	0.01880593	-0.11538315	-0.04602366	-0.00087148	-0.12257970	0.17389867	-0.02299184	0.01710336	-0.02655029	0.15399286	-0.06515388	0.03571350	0.09753917	0.13774970	0.17555502	0.17159761	0.05648899	0.18995995	0.09497650	0.06177519	0.09195418	0.36993185	0.03872303	0.02687696	-0.04706958	-0.01816346	-0.05823469	0.00805554	0.08866267	0.24226144	-0.00873872	0.11217019	0.02550217	0.07728732	0.14024982	-0.20963431	-0.05985319	0.12537059	-0.07614057	-0.02647147	-0.01889293	-0.02920037	0.09227668	0.10912524	0.10460027	0.18622357	0.22634314	0.14884447	0.23107291	-0.09478714	-0.06524960	0.00574653	0.11140541	0.13930127	0.03723932	0.16678556	0.23292214	-0.03320657	0.19480176	0.15732026	0.09654104	0.17980555	0.04515139	0.23212732	0.12751103	0.17161058	0.03279995	0.13782157	0.04411909	0.10012056	0.01492401	0.04048153	-0.08804932	0.00112558	-0.09138268	-0.13061490	-0.02844364	0.08764622	0.30567276	0.05270243	0.09775051	0.07321378	0.11553705	0.21434120	0.00974342	-0.06387009	-0.12421095	0.09476464	-0.00378883	0.13312600	-0.03751298	-0.02340742	0.02357599	0.10418900	0.08185446	0.10005759	0.03579959	0.08442591	0.00135610	0.11129471	0.11263281	-0.11804254	-0.06102555	0.01829278	0.12445749	0.06904777	-0.02548093	0.06432756	0.07512676	0.07592875	0.00959413	-0.11063981	0.07499966	0.15507065	0.12784299	0.18262535	0.16397293	0.29739699	0.22329724	0.16107135	0.17361639	0.07817700	0.23615261	0.18156022	0.12056492	0.24367498	0.28558934	0.26564890	0.28377853	0.27475381	0.23916212	0.16489241	0.22353863	0.28898192	0.23356551	0.31288857	0.17225839	0.07190330	0.23248357	0.19546586	0.18150051	0.24095312	0.28117170	0.33379779	0.29869501	0.26724566	0.14545831	0.31843697	0.21046485
17Networks_RH_VisCent_Striate_1	0.60689841	0.53044596	0.54190886	0.59155762	0.07031172	0.30978040	0.55347764	0.35239264	0.46423382	0.42317023	0.37378505	0.33199004	0.29469184	0.41887975	0.57727521	-0.07540391	-0.02738425	0.44685917	-0.09279339	0.15033931	0.13068164	0.08254885	0.09596748	0.09321733	-0.02279120	0.01059452	0.22674788	0.07711309	0.14847573	0.01571139	0.04691983	0.08033394	0.05957489	0.14474590	0.22119831	0.30115066	-0.07059054	0.36632184	0.38380306	0.11905604	0.06993819	0.17394192	0.10430907	0.32170485	0.13985542	0.08535231	0.15079175	-0.08147608	0.10035594	0.28492186	0.07568295	0.12758749	-0.08350567	-0.10684447	0.11496302	-0.06783811	0.22110423	-0.01972650	0.35395674	0.44005651	0.27653305	0.52616127	0.36207268	0.01999593	0.30308550	0.25040464	0.16722786	0.16922869	0.19990417	0.06451202	0.12704674	0.19089759	-0.16614660	0.20242263	-0.08291677	0.06658735	0.05324148	0.02989632	0.15110727	0.01139240	0.26102355	0.31420528	0.12112093	0.04220630	0.22062138	-0.00459109	0.25567207	-0.21995174	-0.04794199	-0.04367547	0.01196134	0.02189053	0.04995654	0.22964205	0.01268728	-0.09705626	0.07277210	0.00673103	0.36258953	0.48462825	-0.17247042	0.15038179	-0.21996990	0.07821860	0.26433453	-0.03211882	0.14056022	0.29808042	-0.03881504	0.23597108	0.05587058	0.09851688	0.51880425	0.14092712	-0.04332728	0.00500443	-0.09978566	0.21358929	-0.11295644	0.03725147	0.16256973	0.28721016	-0.08005749	0.22507193	0.18860974	-0.00612444	0.38091205	0.20540335	-0.08843039	0.14139192	0.30932820	0.22206622	-0.12085397	0.40912092	0.37236112	0.37668895	0.24517099	0.06478894	0.33458146	0.37311118	0.44673047	0.30197150	0.55517412	-0.12030096	0.13828261	0.15310408	-0.22722680	-0.02760251	0.43379917	0.23087483	0.07980106	0.28818567	0.30925088	0.27903969	0.36101026	0.15564391	0.09144615	0.07376415	0.48946688	0.17991499	0.40045998	0.12107083	0.30195322	0.23216040	0.41517643	0.14898500	0.18817085	0.28935440	0.31445889	0.28134506	0.44983762	0.44707837	0.33901085	0.42979491	0.46976437	0.45527720	0.36491024	0.38820308	0.31190807	0.51060894	0.35656975	0.47829057	0.26429044	0.18831722	0.46242182	0.44327118	0.43032040	0.03699157	0.09736862	0.08379592	-0.08753836	0.08031637	0.35560789	0.01962227	0.26941737	0.41285015	0.27151128	0.11530739	0.17769418	0.23338191	0.40201331	0.53512968	0.56559364	0.72850607	0.55610498	0.38523009	1.06558311	0.37918139	0.55296084	0.46425671	0.43985136	0.56415908	0.40740413	-0.00050000	0.27823027	0.25265537	0.00786645	0.16407186	0.27848382	0.20584742	0.15547484	-0.00128750	0.11917911	0.14370265	0.06061211	0.03616814	0.09766319	-0.08681556	0.25893156	0.02763727	0.19386551	0.13431474	0.14376556	0.03718385	0.09337673	0.25209695	-0.01434120	0.04860627	0.25982966	0.15192451	0.34278508	0.26705562	0.21018088	0.08428072	-0.01096028	0.04589988	0.07950143	0.08296426	0.01308364	-0.06493630	0.01060485	0.09078998	0.05875314	-0.09339312	0.06184148	-0.01117824	0.12646101	0.06632519	0.06995825	0.40937805	0.46565057	0.37721256	0.29792207	0.30392360	0.35848214	0.32891030	0.10467983	0.23998299	0.15413128	0.05986278	-0.01237861	-0.03936832	0.11133551	0.28622881	-0.03853861	-0.04570579	0.04777804	-0.04183138	-0.05828597	0.13324939	0.26421054	0.05073829	0.08566213	0.08944276	-0.05310985	-0.01622450	-0.17045796	0.12027374	0.22289632	-0.19464698	0.05691357	-0.19055549	-0.16410883	-0.04629527	-0.13916257	-0.03431096	0.03259955	-0.16122524	-0.04369610	-0.11441607	-0.14260182	0.37362775	0.25646281	-0.15080026	-0.09251812	0.05012406	0.16503241	0.18218605	0.06704492	-0.08956857	0.17605675	0.21666491	0.10842612	0.19976166	0.09950669	0.06180116	0.06954016	0.34773007	0.17504952	0.17248174	0.01152643	0.25398867	-0.01445966	0.08329613	0.19507437	-0.18873632	-0.00999383	0.14941820	0.40986974	0.25072098	0.21963733	0.19009990	0.04880416	0.25697231	0.02286376	0.42068091	0.32349170	0.29471143	0.19239851	-0.20329096	-0.04620089	0.04396055	0.21082954	0.27493858	0.49653515	0.12937291	0.26863605	0.02973209	0.33756088	0.25089411	-0.12284649	-0.02665436	0.39357278	0.12126621	-0.00790093	0.10457857	-0.05435670	0.41145823	0.39717608	0.26020138	0.36006670	0.41688694	0.32670135	0.40663379	-0.00214825	0.01201387	0.17866941	0.26848283	0.28115336	0.14934177	0.36350234	0.47735293	0.08441285	0.27305878	0.37644311	0.22835181	0.32995884	0.21798730	0.42077108	0.29216426	0.29047637	0.16426131	0.32190248	0.08685466	0.07367663	0.05762413	0.14847619	-0.02054488	0.07206606	-0.04144516	0.06814373	0.13606807	0.16692551	0.32282249	0.23153227	0.10131519	0.10973568	0.06754219	0.36572415	0.05534066	0.10881930	0.12338342	0.12800973	-0.02644432	0.17323765	0.01932699	0.20226557	-0.04325589	0.22859421	0.10838008	0.10020930	0.09504936	0.09972229	0.02359889	0.28128587	0.34307758	-0.02403057	-0.04832019	0.06901272	0.11531170	0.15457335	-0.08801034	0.24060344	0.11343336	0.19828418	0.00853513	0.05586391	0.14024532	0.20954560	0.08085149	0.36367378	0.32965363	0.47159127	0.28308553	0.22874277	0.30532484	0.14448249	0.36239918	0.21179071	0.23713096	0.45207020	0.54368778	0.53129564	0.52393126	0.57234123	0.64216495	0.65737518	0.63073170	0.40741490	0.32697447	0.26587033	0.10094957	0.15236239	0.28091490	0.20763175	0.22950396	0.34519314	0.47112821	0.61688744	0.62806034	0.54658623	0.55083700	0.67435890	0.58296593
17Networks_RH_VisCent_ExStr_7	0.27355865	0.20681019	0.08005608	0.19368890	0.09367906	0.37393518	0.24940236	0.37889397	0.38184464	0.44450986	0.15648128	0.24345376	0.25759962	0.16001721	0.19899467	-0.03154028	0.16714242	0.06350779	-0.08555169	0.14006238	-0.07657357	-0.07074610	-0.00544942	0.07851333	0.17960298	0.06903627	0.21409556	0.09087745	0.14430802	0.03752657	0.12763153	0.22724048	0.21747060	0.16825555	0.11588714	0.23267377	0.15234907	-0.01118628	0.08631302	0.15895016	0.04235524	0.01342484	0.08140624	0.04921677	0.00100403	-0.05366235	0.12563736	-0.01602989	0.01553950	0.09848854	0.09608019	0.12190563	-0.01642082	-0.06442902	0.15122715	0.01691254	0.13360734	0.22993806	0.20649856	0.23582210	0.21380823	0.39092389	0.37243572	0.17259592	0.27085695	0.34120017	0.27519568	0.21314857	0.29315193	0.16999675	0.14497864	0.12893518	-0.04805848	0.08432332	0.00438040	0.15786038	0.19940956	0.13993385	-0.12567700	-0.08265308	-0.06710054	0.32805074	0.11835109	0.09373896	0.28667297	-0.05460473	0.14076640	-0.04249267	0.04709475	-0.02891130	0.12110076	0.22345785	0.08946510	0.20953755	0.18643582	0.00509081	-0.05546805	0.15610893	0.19092323	0.20290216	-0.04962299	0.12329581	-0.20223256	-0.01759927	0.03406348	0.06721871	0.00263277	0.08712228	-0.14851908	-0.02020279	0.05610903	-0.00218741	0.21344541	0.22462590	0.10897869	0.03369214	-0.01491636	0.12812536	-0.10109864	-0.10388962	0.20972433	0.34795795	0.00918779	0.16212289	0.16464562	0.00358569	0.03460585	0.07668037	-0.08048268	0.18968806	0.07534040	0.07352676	0.04880037	0.14268557	0.08344080	0.02658793	0.10902640	0.06557882	0.02200927	0.03342211	0.02444492	0.08008479	0.25547544	-0.22885113	-0.11184540	-0.05809273	-0.12328513	-0.17328186	-0.02823301	-0.10900229	-0.14461405	0.04782032	-0.09611497	-0.18858777	-0.05955533	-0.21480461	-0.11966684	0.07975827	0.07705312	-0.10164896	-0.05546956	-0.22565309	-0.09445457	0.00198307	0.03821441	-0.04114708	0.02202478	-0.00109770	0.06592477	-0.00632777	0.17986515	0.18073841	0.16790822	0.14360704	0.16274443	0.21769733	0.14455479	0.10766847	0.00444618	0.25729163	0.14368974	0.21754743	0.02618898	-0.15300484	0.13170695	0.20665169	0.25654198	-0.03604618	-0.13972345	-0.24649372	-0.28627871	-0.08465662	0.05885637	0.00971424	0.04994541	0.22140591	0.17179092	0.24843269	0.12431325	-0.00596760	0.31609112	0.30888791	0.33159106	0.23958718	0.32147358	0.25486150	0.37918139	0.96489711	0.61967491	0.60574919	0.25824971	0.34432941	0.31762122	-0.03483971	0.10882680	0.04024166	0.04397796	-0.03650906	0.15711429	0.14690475	-0.08209786	-0.01318450	0.00142936	0.14875207	0.19393917	0.23126546	0.12073880	0.11824171	0.17938700	0.15059498	0.15805725	0.18360561	0.15729008	0.11871560	0.13711127	-0.06299048	-0.01938378	-0.07907112	-0.04008906	0.08741796	0.04870676	0.13878365	0.03623194	-0.01686669	-0.07630784	0.00952632	0.08052543	-0.03132304	-0.04083113	0.08982862	-0.03982521	-0.04700492	0.00351414	-0.09272435	0.10936156	0.18820651	0.23454155	0.24675359	0.12258947	0.21702271	0.33093840	0.37012986	-0.07659100	0.19902085	0.30464246	0.47732792	0.14885244	0.26227419	0.19423740	0.12654630	-0.01405820	-0.03205125	0.24376442	0.21187011	0.04838798	0.12637105	0.13559700	0.00524343	-0.10769491	-0.13025388	-0.14563465	0.01325149	0.11516258	0.12004897	0.01277502	0.00301958	0.08674547	0.19078166	0.03229812	-0.05573836	-0.01490944	-0.04196294	-0.00453596	0.06009248	0.09019272	0.11368583	-0.12177957	-0.01739267	-0.00042046	-0.01103744	0.07682389	0.30472247	0.11814227	0.00072447	0.07786997	0.02611046	0.04645867	0.01609783	0.12816789	0.03907103	0.06730564	0.21665157	0.03451031	0.06841980	0.08548564	0.00141539	0.02031711	0.13976607	0.11366232	0.15964449	-0.00867082	0.17888054	-0.02596643	-0.04369027	0.36257802	-0.00166627	0.04928672	0.23134710	0.00204041	0.08173122	0.05147673	0.05190488	0.21920543	0.16354422	0.11063622	0.09714210	0.14081978	0.02958016	0.07398815	-0.00108574	0.09930444	-0.13060559	-0.02300503	0.07249698	0.06315010	-0.15012340	0.12537764	0.02219148	0.01549042	0.09970711	-0.12933835	-0.03774819	-0.02227540	-0.15495727	-0.03555694	-0.00581014	-0.08844865	0.07564841	-0.01385401	-0.01220762	0.01321705	0.03385033	-0.05193483	0.02560809	-0.11341376	-0.13897841	-0.08348702	-0.11985849	-0.13817502	-0.06790683	-0.02622207	0.23095628	-0.08199054	0.12455694	0.06245359	0.14567246	0.01044536	0.02541409	0.19570351	0.07907823	0.13594258	0.09151249	0.16500442	0.11927409	-0.18141053	-0.00494846	-0.08168038	-0.21363827	-0.02663038	-0.05278711	0.02371490	0.01343044	0.11142325	0.17315436	0.12636282	0.17974777	-0.04829383	0.01294089	0.11612947	0.08987557	0.03286135	0.02760220	-0.00269160	-0.02409025	0.18404095	0.05247252	0.18542706	0.05140802	0.13344426	0.17513628	0.09506140	0.21741514	0.09586431	-0.01053769	0.24343900	0.19311426	-0.10558494	-0.21471534	0.10034226	0.00370208	0.04859063	-0.01158995	0.12636774	0.07064926	0.23990593	0.20333177	0.04015566	0.04813576	0.26672587	0.07996922	0.34955650	0.30168428	0.08322065	0.02627647	0.18731688	0.04112435	0.09009274	0.08046063	-0.00729636	0.06808573	0.07691513	0.13050294	0.11264050	0.14502171	0.27375550	0.25381299	0.30518708	0.16391225	0.24165430	0.17740596	0.30208557	-0.04775944	0.06224964	0.17188679	0.00328083	0.06706411	0.25806516	0.23012568	0.30659097	0.31497929	0.33862131	0.37054893	0.37964984	0.26497460
17Networks_RH_VisCent_ExStr_8	0.33846717	0.27024884	0.20806682	0.28540374	0.08747323	0.48490308	0.37068754	0.33333369	0.58918776	0.39179700	0.25422967	0.23434001	0.15085513	0.14254978	0.28496670	-0.13358012	-0.00906696	0.20793952	-0.18990732	0.04980755	-0.06999117	-0.13020441	-0.08028517	-0.07838385	0.04066961	-0.03492951	0.10376702	-0.05549460	0.08915529	-0.05333248	0.05374031	0.20563272	0.06483826	0.07576780	0.11945039	0.11840338	0.02585652	0.08508379	0.09734474	-0.00510454	-0.05846891	-0.06962779	-0.00659604	0.07784434	-0.03013439	-0.09117908	0.16519240	-0.13466410	0.13904385	0.16059628	0.05935088	0.01256349	-0.11968874	-0.14044503	0.05976104	-0.09922028	0.12459734	0.10203022	0.18255169	0.20556665	0.15711372	0.43995598	0.29214492	0.17209445	0.27608664	0.31992722	0.14155177	0.13624274	0.24109193	0.15833301	0.02819379	0.08456033	-0.11826510	0.05239206	-0.03108508	0.08766897	0.08834562	0.00407752	-0.14221710	-0.16995352	-0.06417972	0.23028987	0.05217995	0.01020636	0.22126525	-0.09410192	0.11641096	-0.17552663	0.03267977	0.02558904	0.05314167	0.06948542	-0.01039518	0.09374916	0.11089860	-0.08131143	-0.09355234	-0.01170343	0.17900814	0.10393872	-0.06703285	0.07779402	-0.25755712	0.07192151	0.11532490	0.05728986	0.10847540	0.14687004	-0.01024312	0.07319715	0.10101864	0.11832974	0.39659293	0.25232056	0.01774854	0.15279082	-0.05323948	0.18989394	-0.02909573	-0.00371876	0.21422916	0.29745019	-0.04384672	0.17553527	0.16153180	-0.07814280	0.02587963	0.04141000	-0.09425365	0.17828593	0.03839152	0.08427171	0.05105055	0.16028573	0.17815198	0.14594236	0.13245100	0.02336081	0.11233032	0.15243566	0.12631658	0.10708483	0.35722851	-0.22810044	-0.12682520	-0.01485300	-0.16240823	-0.07083803	0.11811114	0.00442425	-0.11328842	0.16481717	0.05789705	-0.05942229	0.02445158	-0.03658830	0.01571073	-0.00006717	0.20173612	0.01923410	0.18041694	-0.02752895	0.07965565	0.18429352	0.16886323	0.07225543	0.13076912	0.25316642	0.17396869	0.13998578	0.32135717	0.29062402	0.20509751	0.21263416	0.28330710	0.26426168	0.21112149	0.20573456	0.11280300	0.22603088	0.21673719	0.20424459	0.14787003	0.00400298	0.29576204	0.25367824	0.20404712	-0.04408147	-0.11833896	-0.17861811	-0.29100539	-0.04588057	0.12067859	0.04923625	0.11556582	0.25223754	0.17480467	0.26313291	0.19606205	0.13218362	0.21748624	0.33806590	0.25263011	0.33696020	0.43669657	0.23570408	0.55296084	0.61967491	1.06691449	0.43517110	0.43675178	0.34823655	0.19716256	-0.00862937	0.05198209	0.01268849	-0.04998087	-0.05007065	0.18678545	0.06716075	-0.07468608	-0.08083643	-0.06491000	0.02892935	-0.03569469	-0.00478660	-0.00871912	-0.02272010	0.11294959	0.04890515	0.06574995	0.02906595	0.11362125	0.10532189	0.00669603	-0.09107331	-0.12353852	-0.15713177	-0.05489386	-0.07636874	0.01558800	0.05930105	0.06200914	-0.06725371	-0.14996701	-0.06660515	0.03924124	-0.10357370	-0.14100531	-0.02286262	-0.17009046	0.00265126	-0.06153127	-0.18861435	0.02352548	0.06020721	0.14111336	0.10988714	-0.07970762	0.15936704	0.36208316	0.30234386	0.12135811	0.10465035	0.22435708	0.33754019	0.02488690	0.15325457	0.05977749	-0.02035992	-0.13131419	-0.14398653	0.15254317	0.19144364	-0.04990332	-0.02175360	0.03007603	-0.07731463	-0.23246461	-0.14675495	-0.01649724	-0.06661063	0.04041156	0.02990758	-0.03183788	-0.09865088	-0.04567116	0.13628238	0.05310344	-0.12260803	-0.04474339	-0.10639901	-0.18222603	-0.05860970	0.01601465	-0.04300933	-0.21679743	-0.16346398	-0.06808983	-0.10320403	-0.08178445	0.25263473	0.15333808	-0.02412418	-0.00350620	-0.00092396	0.18608631	0.08755852	0.11575712	0.00187759	0.18740346	0.19309740	0.16628477	0.11039865	0.23173477	0.01984291	0.07536867	0.43570454	0.14994341	0.27884839	-0.05417173	0.22199148	0.00659876	-0.03688079	0.17222760	-0.08082402	0.00637194	0.13950159	0.14444803	0.12866329	0.11537303	0.10107796	0.13123647	0.13072441	0.07257317	0.27745672	0.25668643	0.15847667	0.15692712	-0.07585252	0.00794391	-0.09575058	0.06986238	0.18391384	0.21408279	-0.02539969	0.14964233	-0.03580881	0.12799080	0.20771023	-0.09216853	-0.04746065	0.16519587	-0.00839782	-0.07042415	0.05551859	-0.04309122	0.26610685	0.23131807	0.14405438	0.10229371	0.17204251	0.05763111	0.14514265	0.02559260	-0.08530463	0.07981985	0.11561499	0.08596916	0.11488474	0.15897265	0.32785314	-0.02931341	0.15901292	0.30909344	0.21535472	0.13436553	0.13632418	0.31089496	0.09880876	0.18911572	0.06406498	0.24733196	0.07205119	0.00852460	0.14304437	-0.06678571	-0.13862795	0.01159210	-0.18240734	0.01611543	0.07255664	0.12763037	0.15664164	0.23397361	0.24181510	0.11405475	0.10720208	0.24451215	0.13065090	0.12260570	0.18734241	0.07708329	-0.06081215	0.14050176	0.05686440	0.19174248	-0.01874627	0.23112116	0.17599577	0.09664950	0.24800581	0.12135432	0.00210816	0.18842822	0.23947793	-0.13508210	-0.11478916	0.13170851	0.04751032	0.10716022	-0.03908571	0.19026172	0.06873457	0.24949130	0.27068679	-0.11479010	0.08855184	0.28736803	-0.04237754	0.32865115	0.28517809	0.11690133	0.03774940	0.08041552	0.07415452	0.10629218	0.07376135	-0.04605080	0.10443906	0.20817438	0.23910154	0.19049002	0.20085212	0.36192159	0.36595176	0.54771853	0.29963008	0.26765358	0.12338663	0.17120453	-0.20099995	-0.03212728	0.13373730	0.00700307	0.07023000	0.14076023	0.30918952	0.31372204	0.43016510	0.35674888	0.47423676	0.51097952	0.38987468
17Networks_RH_VisCent_ExStr_9	0.36384925	0.27903692	0.21647374	0.25826972	0.11048668	0.27115587	0.21825667	0.46499896	0.24522763	0.43584510	0.19641255	0.30509644	0.35198714	0.34713805	0.29062156	-0.02993539	0.16622963	0.08921716	-0.10534742	0.20029147	-0.04366397	0.02168546	0.06158068	0.13625884	0.25586167	0.14594352	0.33064665	0.28680678	0.28487447	0.10013258	0.20790486	0.30968652	0.33631488	0.32523664	0.26071146	0.40234339	0.19330625	0.14988794	0.27917670	0.33177721	0.18364528	0.17571136	0.21493985	0.16791800	0.04930130	0.03427069	0.10604167	0.05886067	-0.01892100	0.15289638	0.20547183	0.19698608	0.09099600	-0.09960114	0.24467318	0.11309421	0.29491529	0.27965887	0.35079954	0.36573146	0.34675448	0.43780466	0.38163664	0.24017646	0.29158398	0.36746703	0.41251822	0.33223920	0.43579888	0.23879078	0.26075637	0.25244105	-0.04366120	0.27764265	0.06244016	0.33241829	0.33458776	0.26655827	0.00848070	0.00599441	0.07855645	0.43422543	0.28070689	0.15915948	0.42651394	0.01085998	0.20263076	-0.05051622	0.01708014	-0.10067365	0.14454078	0.20512488	0.11546945	0.22539757	0.29982042	0.04230081	0.03103723	0.31433043	0.33381189	0.38193504	-0.07731595	0.18847613	-0.11835224	-0.08459047	0.05841975	0.04247708	-0.00456117	0.13533698	-0.13080461	0.10218539	0.00611994	-0.01626722	0.23846034	0.16449986	0.11533329	-0.05394359	-0.08448369	0.16030663	-0.11907180	-0.05711336	0.24200330	0.45934658	-0.01705100	0.28943201	0.33833647	0.08842042	0.20097198	0.06947693	-0.08554295	0.24562372	0.13415110	0.11492401	0.04643705	0.24362929	0.14222660	0.16545479	0.17414264	0.23078558	0.13326104	0.09211203	0.14366414	0.16306253	0.36583433	-0.19306604	0.03911106	0.04937653	-0.05671226	-0.11233415	0.04390686	-0.02182187	-0.03934495	0.12925531	-0.01107391	-0.00800243	0.12475666	-0.13261666	-0.12452474	0.18569336	0.20965996	0.01712978	0.07087333	-0.12562987	0.09644607	0.08083808	0.11793927	0.01191619	0.07204030	0.02752059	0.07609464	0.08431690	0.21040854	0.20314665	0.31468912	0.23383762	0.31681088	0.34920661	0.24545928	0.26589747	0.07350339	0.34992307	0.23359794	0.31457188	0.13799396	-0.11516622	0.17312198	0.27051809	0.27782045	0.01945446	-0.00681999	-0.14018009	-0.16157167	0.00612912	0.10212606	0.04179693	0.06157464	0.24883658	0.12533556	0.14232869	0.13328382	0.01314049	0.49100615	0.41262749	0.45635499	0.35634043	0.35469804	0.26358310	0.46425671	0.60574919	0.43517110	0.97900045	0.24539186	0.48018891	0.43289648	0.04984416	0.18547594	0.12811701	0.08018412	-0.00847792	0.19266111	0.15454953	-0.06349929	0.04912728	0.06483921	0.25543098	0.34161719	0.39241717	0.27644228	0.17275976	0.37782551	0.26085124	0.22735556	0.30105912	0.29904636	0.23148464	0.30889817	0.04331077	0.06035364	0.04353850	0.04207526	0.20723165	0.25222066	0.34637044	0.13184136	0.12647259	0.03998064	0.10533450	0.14863050	0.07651681	0.12149031	0.11431636	0.20245804	0.00478370	0.10184073	0.06138719	0.23912560	0.17841771	0.39544585	0.41861594	0.28859900	0.38472515	0.41265804	0.57290430	0.05193770	0.30942681	0.45443983	0.56875153	0.21458334	0.39646038	0.34573223	0.22502062	0.07155739	0.09178567	0.26253838	0.30996896	0.12436843	0.19750220	0.27216652	0.10286014	0.05281760	-0.02704937	-0.02650494	0.14062322	0.22511844	0.26412694	0.07515503	0.05584340	0.05949334	0.19159352	0.09746803	-0.09577223	0.00963451	-0.04828612	-0.04826851	0.10302359	0.00404429	0.16523653	0.05375873	0.07533393	0.03791377	0.07426733	0.11161893	0.39628846	0.17819336	-0.03984207	0.01599127	0.05058266	0.06897385	0.14345947	0.15263354	-0.01107791	0.08772145	0.24232419	0.00561084	0.12860067	-0.00565999	-0.01971731	-0.03502545	0.08928874	0.11621981	0.16628997	0.07049199	0.17306887	0.00854736	-0.01786257	0.44098254	-0.01435167	0.02007127	0.37359175	0.13698556	0.07070097	0.03360648	0.05428731	0.14482621	0.20300245	0.10048589	0.15750613	0.20247155	0.09238762	0.06714635	-0.01929686	0.03060610	0.02073366	0.05338747	0.07022795	0.21040123	-0.08467459	0.16335602	0.05208041	0.05010122	0.10237422	-0.19855706	-0.04194781	0.09516298	-0.07981752	0.04386338	0.04155594	-0.03947560	0.21861625	0.04672985	0.00914620	0.20241786	0.19167248	0.14954644	0.19031896	-0.13234753	-0.01068312	-0.06364813	0.00679832	-0.00534453	-0.01267286	0.12971073	0.32375061	-0.03449851	0.13373486	0.04204547	0.18862940	0.16428365	0.11996598	0.27544764	0.19068648	0.21923421	0.15742456	0.15969069	0.08744650	-0.09065265	0.01301890	-0.00743148	-0.14588404	-0.02991185	0.06215405	-0.00486939	0.06428926	0.14658719	0.25031729	0.05825514	0.05594598	-0.09621209	0.03324752	0.16913025	0.06483182	0.01177163	-0.08129309	0.05399665	0.01813285	0.23190104	-0.00968938	0.20289646	0.08945643	0.16107868	0.12789521	0.05489495	0.11395384	0.19023098	0.07487762	0.30609309	0.28740060	-0.00718515	-0.22708638	0.02173209	0.10011431	0.07622841	-0.03322844	0.17131066	0.08762173	0.26084167	0.15149645	0.16207640	0.03600317	0.23599743	0.16303240	0.38927145	0.33761471	0.30553080	0.17483078	0.30602147	0.21030343	0.12300007	0.27233418	0.15748996	0.16814889	0.18969813	0.25740590	0.26464604	0.26252916	0.35238552	0.36016434	0.34483759	0.30575804	0.30067145	0.31214342	0.34564035	0.00650382	0.20123585	0.25483578	0.13249742	0.11053771	0.29715886	0.30660124	0.39249103	0.33883020	0.38412818	0.39474545	0.39729612	0.32783388
17Networks_RH_VisCent_ExStr_10	0.42956221	0.45185501	0.24473320	0.30206721	0.08337360	0.30341843	0.18312099	0.15289665	0.31370536	0.29245846	0.51490794	0.31866476	0.22969417	0.32219387	0.35648849	0.01278232	0.15737556	0.41611026	0.29541921	0.24015961	0.37117735	0.19473171	0.23160173	0.14361888	-0.12845242	0.13277238	0.16001592	0.07455675	-0.00766270	0.03394542	-0.14989693	-0.01910867	0.02939961	0.04727537	0.12280649	0.20139447	-0.06927960	0.23586939	0.17032126	0.05230416	-0.07978006	0.11259775	0.05929779	0.10405593	0.03152244	-0.01446672	0.10032914	-0.15110736	0.21462741	0.13881939	-0.03020529	-0.05154048	-0.07355503	0.05323276	0.10054511	-0.03794113	0.08645382	0.04032397	0.09671430	0.31211417	0.24024288	0.47166145	0.21422059	-0.02581988	0.37564209	0.21143348	0.21489724	0.22009756	0.20901395	0.05956515	0.19196823	0.15135740	0.04522024	-0.00574245	-0.00410530	-0.02394500	-0.03590804	0.00333054	0.11117604	-0.01985906	0.14863922	0.26963251	-0.02740764	0.07510089	0.10642992	0.06910330	0.15846743	-0.01222284	0.12462052	0.09597616	-0.11158128	-0.03857369	0.03526110	0.04539467	0.03992695	0.14477039	0.14182942	-0.04999412	0.14265929	0.14933831	0.13336494	0.26204982	-0.02900392	-0.01449939	0.13377680	-0.02870053	0.23542855	0.19469912	-0.01786487	0.16194156	0.03956253	0.01812017	0.20390433	0.14389926	0.06676850	0.06481548	-0.04277935	0.06468104	-0.05810094	0.09911142	0.13673433	0.28243252	0.05552003	0.29075428	0.06896089	0.07830934	0.14708037	0.13939726	0.01565107	0.12215853	0.09776379	0.17212758	0.08513519	0.06021854	0.27484651	0.19832922	0.25329733	0.08628149	0.15960928	0.15504719	0.14438402	0.25245337	0.24686678	-0.10820064	0.11375420	0.17710249	0.00945924	0.06021742	0.13432094	0.17524235	0.06609471	0.12963598	0.16485590	0.10513735	0.13553644	0.11466515	0.05131784	-0.00713487	0.19697489	0.14350590	0.25799607	0.16320402	0.19006551	0.19641927	0.18763065	0.16996078	0.06437020	0.16966622	0.09113947	0.11393113	0.46598697	0.16663157	0.09390344	0.17265738	0.21665913	0.24625410	0.23457741	0.13093839	0.23376878	0.23750587	0.22145156	0.22841162	0.13440434	0.19218352	0.19594303	0.25546892	0.19378947	0.04857310	0.18835733	0.07750942	-0.10419719	0.14550797	0.23519240	0.03829061	0.19898843	0.15791075	0.26179218	0.29905531	0.13368592	0.18068093	0.28639303	0.51389146	0.50699339	0.33563501	0.33126648	0.17745605	0.43985136	0.25824971	0.43675178	0.24539186	1.04389966	0.47002909	0.30776176	0.04302889	0.22143576	0.15131917	0.16451807	0.38143158	0.26875768	0.29529473	0.38703785	0.10073233	0.31500565	-0.02604200	0.01756921	0.08343701	-0.00252453	-0.18802156	0.02272142	-0.02894728	0.07989421	-0.01182747	0.02317609	-0.10387880	0.04609661	0.07198938	-0.01941555	-0.04113331	0.10430100	-0.01792831	0.09444654	0.06503434	0.08380970	0.20721901	0.06645017	-0.05777598	0.08299303	-0.07645289	-0.02820488	0.03041514	-0.05211356	-0.06490498	-0.06490872	-0.06192555	-0.03039308	0.01099432	-0.05103531	0.04923311	0.11014021	0.24186131	0.31813449	0.07049640	0.04209655	0.25463890	0.34304729	0.24956631	0.08265498	0.20631769	0.12902468	0.04650180	0.04568459	0.03876102	0.02633005	0.12547674	0.03415220	0.04436076	-0.09501953	-0.12587397	0.03504386	0.11092917	0.18397915	0.04408220	-0.02607172	0.05209576	-0.01979535	0.01326045	-0.03038315	0.14469806	0.18959157	-0.11908315	0.04504097	-0.08507793	-0.13607839	0.02037483	-0.12963232	0.02313221	-0.01718548	-0.04444911	-0.01931770	0.01039567	-0.07013218	0.13694796	0.12357812	-0.05103462	0.04665750	0.12670983	0.16414132	0.26795318	0.07753532	-0.03255845	0.12757411	0.17676513	0.10849963	0.17451342	0.11277463	0.05974577	-0.03282337	0.23277980	0.10154985	0.13193998	0.04632430	0.13911925	0.14659227	0.04533668	0.16180154	0.07819026	0.11322120	0.06629016	0.14009422	0.11058420	0.07033846	0.20607791	-0.01511178	0.06438297	0.10817225	0.20251106	0.16849810	0.14172731	0.13877994	0.00750050	0.11497244	0.10975130	0.06827649	0.17566713	0.21297549	0.12250581	0.09923345	0.10639919	0.19718360	0.08433651	-0.03763495	0.07910364	0.14086043	0.06628584	0.00566281	0.00957946	0.05897668	0.19058230	0.18116461	0.17801192	0.07756255	0.14001563	0.08114528	0.13506175	0.05916746	0.03162639	0.04128057	0.15859881	0.09953408	0.19054117	0.13231477	0.22192220	0.06171509	0.20568448	0.15163240	0.18471595	0.11641100	0.07896337	0.16350652	0.08648449	0.18104514	0.13336980	0.09516526	-0.11329020	0.01391152	0.12957221	0.15793163	0.00077206	0.08951052	0.10394485	0.02899935	-0.05291604	0.15360957	0.11844374	0.07710248	-0.09981408	0.07730001	-0.03546866	0.12244474	-0.08770873	0.07732138	0.22952167	0.17979658	0.04159943	0.11747422	-0.10513483	0.09792077	-0.04273733	0.07681410	0.15047938	0.01080754	-0.00216724	0.04064677	0.06626264	0.10338959	0.22219879	-0.01690680	0.08895608	0.09337620	0.13910768	0.07520569	-0.28858239	0.02893763	-0.07796501	0.09176302	0.05227467	0.10421104	0.07427382	0.10513295	0.11262671	0.19019482	0.25307834	0.16157595	0.13947509	0.04724136	0.05560810	0.11218650	0.15577369	0.12613089	0.15785873	0.27959658	0.19985198	0.29594090	0.27230643	0.29226925	0.26836846	0.29362304	0.30283238	0.31237331	0.20318510	0.08439627	-0.06893909	-0.01026624	0.12513337	0.06259616	0.11815995	0.19511759	0.35417061	0.37789528	0.32966939	0.33551926	0.31829644	0.33868387	0.28638860
17Networks_RH_VisCent_ExStr_11	0.47236729	0.53350308	0.30082912	0.42990054	0.14389853	0.15134953	0.31627858	0.33357602	0.20635114	0.43636016	0.43820860	0.43196484	0.35568746	0.44443906	0.55863569	0.10689004	0.16557950	0.44913575	0.19230750	0.27372879	0.34565415	0.23289633	0.30280889	0.27230534	0.00890819	0.11877902	0.24048002	0.18134795	0.09174542	0.08910359	-0.00577648	-0.04971846	0.11119658	0.10219770	0.18527114	0.31162744	-0.04223256	0.26290256	0.32968737	0.12365545	0.11274238	0.23966401	0.17700071	0.27115862	0.12868642	0.04220087	0.10447851	-0.02946907	0.08691865	0.17091367	0.06679833	0.04349490	0.06191594	0.01334187	0.19167946	-0.00752430	0.14525566	-0.04499015	0.22947019	0.37401656	0.36127460	0.45524768	0.29233742	0.01339864	0.34093525	0.15771408	0.29191552	0.24735716	0.22577798	0.12115437	0.21998683	0.21211135	-0.07387456	0.08164127	-0.07985747	0.05625615	0.11555901	0.17188398	0.20016163	0.10929387	0.24925011	0.28456621	0.12208190	0.11921496	0.21036096	0.10529846	0.21638198	-0.12512296	0.04128567	-0.03935500	-0.03655400	0.05743486	0.14895468	0.16061033	0.05523810	0.09056376	0.17285491	0.09675342	0.26907539	0.38711416	-0.04830157	0.20410150	-0.13933625	-0.03263456	0.13190541	-0.09055419	0.14760436	0.22667395	-0.04866566	0.19397654	0.00229153	0.00759498	0.35666245	0.06381596	0.03970413	-0.11457143	-0.04936474	0.10531783	-0.12157685	0.04603147	0.16861678	0.25540708	-0.05346429	0.24627583	0.11811249	0.07069008	0.27573073	0.13152074	-0.05794763	0.09917813	0.19996171	0.21101699	-0.01321579	0.20470912	0.24014319	0.21669463	0.15801683	0.11986197	0.24778681	0.25977540	0.30767463	0.27900671	0.42820610	-0.12923469	0.10948236	0.11110097	-0.14973239	-0.08463184	0.20308039	0.16990785	0.11069736	0.23059445	0.17192737	0.22098720	0.26067063	0.03333662	0.00894035	0.13219130	0.32229375	0.10869663	0.27614849	0.07244683	0.26061507	0.21806432	0.26058167	0.10955366	0.06887810	0.17967057	0.13240381	0.16841520	0.34852952	0.23466832	0.22325586	0.30552048	0.36418285	0.46790319	0.38035757	0.30792793	0.25824299	0.40478610	0.32786807	0.41660879	0.16089676	0.08957866	0.31367634	0.34608053	0.31771573	0.01641905	0.14827018	0.07394755	-0.02584729	0.17639496	0.34751694	0.16985407	0.11202058	0.21279228	0.21053633	0.11915937	0.08542483	0.09147233	0.47566144	0.51998037	0.66727876	0.49766275	0.39197813	0.16997611	0.56415908	0.34432941	0.34823655	0.48018891	0.47002909	0.89110809	0.50812652	0.15674333	0.37350777	0.32729575	0.21505475	0.35181028	0.30221780	0.36428651	0.35898699	0.19256377	0.35480694	0.17240312	0.21222422	0.20012667	0.13013130	-0.04043943	0.19855808	0.06524065	0.17458762	0.18696750	0.15090437	-0.00316248	0.22933204	0.20920316	0.00140579	0.09550695	0.25003996	0.24302737	0.27175260	0.31040239	0.11259334	0.21408458	0.13669192	0.09551433	0.13890935	0.13594835	0.07414307	-0.02405390	0.16263936	0.02330379	0.08798257	0.09122956	0.09779775	0.03557585	0.09010745	0.13174891	0.18626363	0.38647506	0.45092050	0.38163245	0.09228224	0.44776123	0.52736320	0.36216076	0.20726788	0.36378945	0.29359758	0.16825939	0.11966268	0.09997277	0.22249495	0.20634860	0.05913753	0.12450610	0.09519953	0.04099621	0.12612809	0.20282906	0.17087560	0.16494911	0.14338109	0.15227843	-0.01015023	0.10156181	-0.05520912	0.11724178	0.28221428	-0.10863363	0.14545612	-0.10030769	-0.10556610	0.05669249	-0.14441249	0.11173307	0.12953124	0.01943159	0.00222569	0.05260806	0.04863974	0.30107922	0.15799674	-0.13901113	-0.02372476	0.07400138	0.11010980	0.18437445	0.03383276	-0.11619943	0.07668336	0.15575844	-0.00489550	0.18437131	-0.03015327	0.03403089	0.02189048	0.21870852	0.12258683	0.14241013	-0.08897671	0.18742293	-0.01294104	0.11792774	0.27288454	-0.08680796	0.05268165	0.22427730	0.23490204	0.08850989	0.04798306	0.12604379	-0.01100873	0.08302790	0.04830004	0.25548585	0.17080963	0.16482353	0.10663116	-0.10385331	0.09198580	0.07988880	0.12760929	0.13903950	0.28232327	0.08476065	0.17058555	0.08197560	0.18989499	0.08094467	-0.08671202	0.05416938	0.22103654	0.02322073	0.03329939	0.06041478	-0.05536034	0.24273838	0.17705871	0.11459527	0.23245115	0.25977691	0.21163533	0.24842891	-0.08513449	0.04408484	0.02754637	0.11301984	0.11663128	0.09840240	0.22021351	0.32967491	0.04403720	0.17581391	0.08738364	0.07845903	0.18512944	0.14244529	0.20178500	0.18204093	0.19767204	0.13464253	0.14060584	-0.05520158	-0.06664942	0.03732750	0.16504734	0.01423889	0.08679692	0.08577346	0.06425846	0.05711094	0.09708286	0.22808721	-0.00873480	-0.08787564	-0.04436341	-0.09192684	0.10697767	-0.07344579	0.02494546	0.13185911	0.14865398	0.01399659	0.21802176	-0.10393573	0.12109297	-0.07561893	0.10724838	0.05236971	-0.01842514	-0.05094998	0.04893848	0.08802489	0.27462474	0.33049809	0.00375358	0.01216974	0.05559952	0.09736458	0.14919793	-0.18246317	0.10320013	0.00227875	0.13498387	-0.04940007	0.17092719	0.08059221	0.07071026	0.14074943	0.34376083	0.36263924	0.35557699	0.20964624	0.20369990	0.15125594	0.08360510	0.34155519	0.22664538	0.14286212	0.28511450	0.31979717	0.38488868	0.37393273	0.39950888	0.45639564	0.37279411	0.46130145	0.37018150	0.30463095	0.16897847	0.03799098	0.12096795	0.21318569	0.11381617	0.12881958	0.29216706	0.38388056	0.46373982	0.43141260	0.40322543	0.43080354	0.45264929	0.41082286
17Networks_RH_VisPeri_ExStrInf_1	0.37100522	0.51644178	0.15956793	0.29597657	0.05891960	0.09913693	0.17985683	0.31641804	0.16682411	0.43876872	0.33901426	0.47738696	0.59540391	0.50727643	0.44972940	0.29418999	0.34608933	0.33197737	0.28324102	0.44965530	0.32874389	0.26811158	0.40876725	0.45982162	0.20503979	0.16746249	0.32968232	0.37837870	0.18940813	0.12530977	0.12563438	0.05637025	0.24098496	0.22394500	0.34063487	0.26723857	0.03668024	0.17934136	0.34410837	0.23486285	0.21081871	0.32384479	0.22582705	0.18346016	0.13078824	0.16038668	0.15504196	0.12223276	0.05612024	0.10285460	0.16442760	0.11789014	0.18932957	-0.02742137	0.21632459	0.06574950	0.23983124	0.05808835	0.30659077	0.37639392	0.58479705	0.35700278	0.28578366	-0.06155577	0.43297467	0.19065088	0.27841112	0.25542031	0.35217346	0.09361633	0.22316475	0.20384980	-0.02573888	0.15460234	-0.06667363	0.06955161	0.14552381	0.32317188	0.16790707	0.15876900	0.19807341	0.23616270	0.08692048	0.19868039	0.24124442	0.06163180	0.20388735	-0.07213758	0.07533611	-0.04513881	0.06532605	0.12948132	0.19741420	0.10519467	0.17505676	0.16103406	0.26253978	0.26332102	0.31194168	0.40274150	-0.00447435	0.27689884	-0.10089051	-0.08506850	0.11810688	0.11119610	0.14865649	0.34702954	-0.12673675	0.18428291	-0.01036758	-0.07660525	0.17674660	-0.01388605	-0.02294449	-0.22481451	-0.15399822	-0.02317597	-0.21062474	0.05298387	0.01145981	0.34785908	0.06011523	0.21083079	0.13090288	0.00594384	0.20507445	0.06954585	0.00125269	0.04128719	0.14708947	0.20787570	0.07510086	0.23390089	0.20549315	0.19668361	0.15480310	0.08903238	0.11564808	0.17246692	0.14689315	0.25145652	0.36960402	0.01375696	0.18566889	0.08283489	-0.04889653	-0.00876777	0.16255951	0.14596195	0.10225314	0.21334424	0.11002708	0.09051713	0.18794917	0.03098693	0.13035950	0.17014990	0.20587366	0.05919087	0.20916987	0.06028311	0.20003342	0.22532183	0.23934153	0.17562294	0.01206592	0.06994576	0.02644596	0.08928017	0.24682815	0.18317712	0.11013013	0.23502925	0.30020240	0.35997170	0.32526082	0.25135667	0.10711754	0.38174030	0.29884849	0.34253064	0.19560497	0.05522622	0.16789155	0.27803381	0.31108609	0.00559309	0.23216903	0.07584873	-0.01544145	0.18120056	0.46333044	0.31175630	0.21357583	0.25416254	0.17604810	0.10240558	0.04507403	-0.00107328	0.49474232	0.45414221	0.69367525	0.36978038	0.22045482	0.15753390	0.40740413	0.31762122	0.19716256	0.43289648	0.30776176	0.50812652	1.05450194	0.28748831	0.45379914	0.41312075	0.48045639	0.39479437	0.45306990	0.46503800	0.35023332	0.38993791	0.40281699	0.31011185	0.25720948	0.26701445	0.27434717	0.07572025	0.25895556	0.18648875	0.28311030	0.32487083	0.22842812	0.09314286	0.27149172	0.24560398	0.17555444	0.14284879	0.25387398	0.36431583	0.25118627	0.33197322	0.06612631	0.23281805	0.23186622	0.19598189	0.23908604	0.16861941	0.08612745	0.18109852	0.23524885	0.08907045	0.06470899	0.14658462	0.20809466	0.04174841	0.09543957	0.24292527	0.40535356	0.38858122	0.36887330	0.37138405	0.09278952	0.49514363	0.50275197	0.42750816	0.21612105	0.35780145	0.24617418	0.21357763	0.19882731	0.13124679	0.10068811	0.25073175	0.10509950	0.09130750	0.09733596	0.14073313	0.19030602	0.24907329	0.13531649	0.20013305	0.12298997	0.13395204	0.04045007	0.10497944	-0.00212461	0.16973891	0.33797643	-0.02627034	0.12003247	0.00071757	0.06296984	0.09517086	-0.05198848	0.26463074	0.23393534	0.11008054	0.02153910	0.04703627	0.11327019	0.34132808	0.14391268	-0.14471835	0.01958315	0.07911871	0.19203437	0.20322724	0.17382142	0.03958328	0.24846105	0.36503924	-0.07096745	0.20987569	-0.10939800	0.07557434	0.03546574	0.08826768	-0.02995482	0.03463737	-0.02660124	0.06740213	0.04250024	0.09526559	0.31840101	-0.10785679	0.07677484	0.24006146	0.26481357	0.13104252	0.10046078	0.13008696	0.01573288	0.23785751	0.09420256	0.20197889	0.22248515	0.13646605	0.09063439	-0.07527215	0.04900852	0.05416937	0.15676659	0.19104852	0.25964701	0.07047304	0.19503762	0.16992530	0.23447896	0.11039743	0.02807661	0.20329160	0.14328676	0.01031469	-0.04548409	0.05766226	0.09723580	0.25798139	0.13346898	0.09456262	0.24951026	0.29567445	0.17529222	0.21753613	0.02348579	0.21123107	0.15064103	0.14082912	0.08768573	0.21098259	0.21931405	0.35515129	0.18933432	0.34685995	-0.00605056	0.19355862	0.23421189	0.23576231	0.20480906	0.28232628	0.19145799	0.25331342	0.21409165	0.08477511	-0.08521807	-0.04649135	0.20423979	-0.00830721	0.12995679	0.20937955	0.15402870	0.18212832	0.16819471	0.27225586	0.15221196	0.00825993	0.05529064	0.10484891	0.19079594	0.02760474	-0.05709640	0.16906441	0.03034430	-0.03909934	0.29428758	-0.13000379	0.18937592	0.05341529	0.08743717	0.15597672	0.05267075	0.11393290	0.03730312	-0.00262687	0.33516840	0.27764925	0.05751233	0.01913438	0.00325817	0.09347090	0.15757134	-0.06974484	0.18809436	0.13881950	0.13656287	0.02007434	0.29643279	0.11085406	0.03830939	0.18070560	0.34454959	0.31836700	0.31303291	0.21478810	0.38223249	0.19935958	0.13600246	0.36971363	0.26714715	0.08205107	0.20208757	0.24203741	0.31442840	0.31062459	0.32929938	0.33934579	0.16941269	0.32315051	0.33288143	0.35423015	0.36782574	0.14199276	0.13913430	0.33751515	0.13962430	0.21820566	0.26113462	0.28226008	0.42252765	0.23460042	0.29657278	0.22594802	0.22114425	0.21771918
17Networks_RH_VisPeri_ExStrInf_2	0.03477155	0.17147551	-0.02384402	0.00668800	-0.05494034	-0.09802967	-0.00974538	0.06701305	-0.06798799	0.14434369	0.06074687	0.21099527	0.17180606	0.10941498	0.13484908	0.17299490	0.15672624	0.12542955	0.20668215	0.26440141	0.21856378	0.18436740	0.26084689	0.21206834	0.10702756	0.08993241	0.11578044	0.20212320	0.03037509	-0.01865023	0.04469626	-0.10171536	0.02633466	0.09687058	0.17163040	0.03743757	-0.03856912	-0.00900452	0.12022874	-0.00871692	0.08237758	0.15877688	0.11925231	0.15464933	0.12813794	0.12294791	0.04154807	0.10095619	0.05360251	0.03322387	0.11252629	-0.07542480	0.21204359	-0.00962347	0.11685231	0.11775330	0.07017137	-0.14866870	0.12900386	-0.04169173	0.21010550	0.06356271	0.04681388	-0.01656148	0.09087767	-0.04908373	0.02269907	0.10544763	0.06883284	-0.05647398	0.00192812	-0.02008318	0.09203548	0.12734613	0.03201437	0.00292343	-0.01085380	0.14776125	0.12269951	0.08574713	0.07174354	-0.03528189	-0.01547143	0.07318153	0.15502501	0.08548195	-0.03960327	-0.05676914	0.19292584	0.11746876	0.11726129	0.08024213	0.13576015	-0.03360192	0.08967209	0.10755158	0.13995259	0.05000791	0.03439701	0.01899496	0.07189760	0.01306200	0.00105520	-0.03918162	0.03151500	0.11648741	0.07876399	0.12518065	-0.02366070	0.13985763	-0.01461605	-0.06797455	-0.00646206	-0.03164995	-0.00679119	-0.09456121	-0.06770555	-0.08839010	-0.01714627	0.03252722	0.03383262	0.05226075	0.06312331	0.13273307	0.01880985	0.10016010	0.01322874	0.01405104	-0.01356444	0.04708130	0.00029531	0.09641194	0.15715042	0.04733414	0.00715703	0.06463154	0.04691559	0.10015568	-0.02710281	0.10802163	0.01989610	0.07559529	0.07783989	0.03198848	0.04301673	-0.01552499	-0.06329368	-0.00556081	-0.05329144	0.07855707	0.00566866	0.02396846	-0.02208812	-0.01375460	-0.02711230	-0.06388689	0.07465617	0.03545196	-0.03775363	0.00730868	-0.03224659	-0.07253011	0.05179626	0.09545270	0.07151269	0.15549130	-0.05971885	0.03042521	-0.03322866	-0.09035274	0.03555184	0.00288033	-0.07244146	-0.02717077	0.03199289	0.03583946	0.07681560	-0.02460526	-0.00381943	-0.01109619	0.03173294	0.12160310	0.05465266	0.04985603	-0.01090791	-0.00291494	0.00254989	0.01348134	0.14127490	0.08707008	0.04495562	0.08948980	0.22021588	0.28724068	0.01612201	0.10202644	0.02522601	0.00286588	-0.03400666	-0.09797662	0.09405023	0.07169658	0.20389434	0.05793252	-0.04525627	-0.08490672	-0.00050000	-0.03483971	-0.00862937	0.04984416	0.04302889	0.15674333	0.28748831	0.89897869	0.18490757	0.15307107	0.27471857	0.26106937	0.25135227	0.23510015	0.20198938	0.34303506	0.16741927	0.12027522	0.06886807	0.05012054	-0.00006159	-0.04605413	0.00554017	0.00200934	0.10126100	0.03178226	0.05308069	0.01676428	0.06388244	0.06674459	0.04210219	0.09730616	0.11135660	0.07564992	0.10556418	0.08704690	-0.00932066	0.16332385	0.26343147	0.18263148	0.20447527	0.10979475	0.18147196	-0.01445381	0.19050940	0.12488539	-0.02644186	0.17547824	0.13164502	0.12128403	0.00996620	0.06708959	0.09116882	0.04861061	0.05166031	0.03893963	-0.01320982	0.17842469	0.21514035	0.14156275	0.11376360	0.08729103	0.02580944	0.06360176	-0.04283240	0.01758702	0.08591879	0.14192944	0.19642983	0.06729598	0.02222958	0.07479922	0.10490770	0.06786331	0.03916697	-0.00014122	0.08963180	0.01465281	-0.04443144	0.08760609	0.10790371	0.10455903	0.18457218	0.04651670	0.10411371	0.06953818	0.10658807	0.04937713	0.07890494	0.10496876	0.10166297	0.08899943	0.08582483	0.06355300	0.12516287	0.01519984	-0.04037452	0.04304276	0.15953704	0.06847266	0.02605903	-0.01206527	0.09662985	0.07765598	0.06019069	0.10918426	0.01022310	0.18884508	-0.07914577	0.09014562	0.05597151	0.01096210	-0.00726538	0.10821868	-0.12350500	0.01594202	0.03401898	0.13643160	0.12847389	0.02934975	0.18628610	0.07967165	0.07458937	0.14628126	0.05905474	0.08287312	0.08845335	0.00435832	0.07493702	0.17954796	0.09790702	0.02978243	0.12571501	0.07832828	0.17916112	0.10701110	0.08203763	0.13021643	0.03080295	0.02553678	0.04653247	0.09364119	-0.00135073	0.11891660	0.16659114	0.25193909	-0.06656545	0.03684449	-0.04994055	0.01491076	0.21847892	0.10218227	0.02858175	0.12912776	0.02595842	0.04482085	0.00541032	0.02077136	0.07170464	0.10148582	0.00066479	0.01755933	-0.03241559	0.11649553	0.02333972	0.01924259	0.03568061	0.18495174	-0.09041403	-0.02981790	0.04866404	0.04595625	0.04327121	0.05749247	0.00768930	0.04099007	0.02785789	-0.00640489	0.03845825	0.09347951	0.13178024	0.12247976	0.10534579	0.07050627	0.07952819	0.04235587	0.02018052	-0.01677371	-0.08345602	0.06957521	0.05641409	0.07992684	-0.05110285	-0.01008657	-0.00220567	0.13174280	0.06682494	0.05493257	0.18370919	-0.09223422	0.11583002	0.11399772	0.09708371	0.04773803	0.05256042	-0.04956003	0.05092122	0.13112440	0.20206474	0.14548685	0.11155734	-0.01093563	0.10299519	0.08185322	0.16419687	0.03451986	0.07553356	0.09207028	0.11732384	0.21465753	0.16564265	-0.02834948	0.03503181	0.06914793	0.14780495	0.16446093	0.02943804	-0.07955340	0.04544152	-0.03721096	0.01514539	0.05636826	0.00080723	0.00386719	-0.11605256	-0.03975247	0.01028081	-0.00423247	-0.03196324	0.03316254	-0.01671149	0.08912863	0.11340262	0.09982701	0.08585654	-0.09135933	-0.01152555	0.12510877	0.09689780	0.05094913	-0.00137171	0.01723315	0.05654392	-0.01215553	-0.00651474	0.01054778	-0.00437526	-0.01864401
17Networks_RH_VisPeri_ExStrInf_3	0.39077888	0.52870334	0.23021876	0.56432939	0.20421904	-0.12241117	0.36599170	0.20646010	0.09343401	0.23900484	0.37732564	0.23151479	0.42379336	0.59350163	0.59002362	0.34564379	0.39350510	0.40648851	0.47142571	0.37292678	0.51959972	0.32654027	0.38377136	0.38982591	0.20585780	0.21956265	0.15259221	0.30868025	0.17385110	0.31626438	0.04965679	-0.01567279	0.28395350	0.21381547	0.34104027	0.42008948	0.06963483	0.33473497	0.44878599	0.29246394	0.16257169	0.42099442	0.27797941	0.27922573	0.22872836	0.10069260	0.12161891	0.03957045	0.17794940	0.02115576	0.20667485	0.17428749	0.15888286	0.19561491	0.04176341	-0.08181815	0.01704947	-0.00679333	0.08285154	0.42861345	0.42238672	0.43061836	0.17196298	-0.04174600	0.26159102	-0.00820090	0.30642187	0.26963234	0.28636368	0.13606225	0.33056369	0.38292406	0.07833605	0.09804584	0.03550895	0.07857085	0.18411700	0.37992967	0.41323286	0.43212127	0.43580854	0.21630533	0.23568628	0.30182654	0.11827977	0.26439469	0.19510720	0.00929416	0.05153784	-0.03022677	-0.06569415	0.11100193	0.26345870	0.18188325	0.07558834	0.29932594	0.38353120	0.20488586	0.26629411	0.50533147	0.04000859	0.32700883	0.06085631	-0.04842746	0.04927706	-0.01491967	0.12240686	0.35831816	-0.08627107	0.31685134	-0.12694868	-0.06980685	0.09576912	-0.14924799	-0.15314087	-0.30555936	-0.00612065	-0.04297431	-0.17074438	0.05030448	0.15630817	0.18772670	0.04104303	0.23196054	0.02763850	0.14466289	0.28748444	0.08887649	-0.01040332	0.10968968	0.20721269	0.09184140	0.13564931	0.16068070	0.33623979	0.19793804	0.13612182	0.08895623	0.26784097	0.20089897	0.14546445	0.22362299	0.29283492	0.03602010	0.18223173	0.23906914	-0.03556794	0.04870270	0.14486594	0.21527110	0.17773443	0.20661743	0.17178739	0.20220340	0.18416431	0.14378582	0.07889050	0.28914573	0.25648451	0.12388302	0.25634974	0.15584733	0.26714426	0.18554755	0.18098029	0.11089719	-0.02977404	-0.01964531	-0.00003486	0.11861046	0.20933694	0.14430479	0.10274004	0.17493780	0.31951071	0.30951498	0.29319488	0.36347358	0.25270305	0.43109494	0.18266444	0.35814012	0.21752568	0.08500127	0.17036411	0.25516215	0.30322411	0.18075496	0.38614252	0.22398754	0.15278959	0.28195569	0.35429542	0.11824974	0.33120724	0.27129052	0.25476692	0.07470214	0.10232902	0.08134379	0.40317488	0.39494806	0.51957193	0.38897449	0.27116978	0.22081790	0.27823027	0.10882680	0.05198209	0.18547594	0.22143576	0.37350777	0.45379914	0.18490757	1.02964550	0.56211120	0.36713332	0.60540471	0.36642778	0.41805834	0.53348772	0.29140696	0.38680313	0.32667616	0.13456056	0.15024249	0.24107008	0.02286592	0.17237017	0.16063270	0.33894038	0.33210138	0.16489221	0.05964838	0.41287251	0.33899339	0.26064695	0.20667215	0.36044358	0.39080762	0.40589583	0.41543869	0.23777445	0.32031365	0.31118411	0.16626944	0.07411246	0.14780004	0.14622557	0.10665034	0.26084484	0.18300582	0.09104506	0.26030751	0.24637063	0.15076513	0.02604948	0.17904694	0.40783696	0.44039823	0.41006836	0.26876122	0.16388939	0.29929650	0.35976155	0.23439105	0.25752881	0.23858004	0.27584979	0.28807329	0.30551693	0.28157609	0.26964105	0.07149804	0.21263811	0.32197794	0.21577488	0.21335060	0.35454300	0.45571433	0.30393979	0.27293124	0.31318682	0.21903789	0.06500582	0.22624404	0.09502360	0.17117037	0.16080223	-0.04555790	0.16114036	-0.03730199	0.08290253	0.09399034	-0.17768194	0.26647111	0.19716620	0.17340148	0.13589408	0.27477252	0.24060395	0.35485052	0.18785432	-0.10782217	0.05943040	0.08135486	0.02580452	0.32366713	0.00707644	-0.09390166	0.14858514	0.27494371	0.01466731	0.27097453	-0.16508425	0.11488287	0.00700278	0.06946282	-0.01687711	-0.10721662	0.06394911	0.05488351	-0.06704426	0.11685995	0.25281099	0.04892610	0.13180395	0.26173791	0.20351702	0.14573396	0.10182908	0.14887115	0.06895412	0.01873230	0.11425752	0.16610176	0.33510533	0.18799228	0.01552461	-0.04532704	0.14079965	0.21723557	0.05914222	0.08669500	0.24289752	0.20348535	0.24967582	0.11940748	0.19652958	0.01284615	0.07065876	0.15121149	0.21170486	0.07134679	0.21916073	0.11939396	0.20059679	0.10990982	0.12353568	0.16186209	0.31986698	0.27400311	0.22199614	0.22867385	-0.03465228	0.19239117	0.04797552	0.17049610	0.14487594	0.19465181	0.28304570	0.32221853	0.12478011	0.32131564	0.00491848	0.10550014	0.30189628	0.13041989	0.19920802	0.24761041	0.20562070	0.24188793	0.11934951	-0.07134792	0.06957012	0.06097342	0.31306675	0.16858104	0.32828270	0.21670863	0.16698874	-0.04906535	0.11667848	0.28878677	-0.02885299	-0.03769544	0.04614143	-0.03279066	0.15993729	-0.04282986	-0.13842169	0.31019216	0.03938399	-0.04695702	0.24534071	-0.17728461	0.08746143	0.00085015	0.08270278	0.05643182	0.05389563	-0.09673369	-0.06452068	0.00039617	0.13089835	0.11340074	-0.03929039	0.10138430	-0.03494909	0.14827377	0.23672363	-0.23294117	0.04952827	0.01228103	0.09873287	-0.07163475	0.11217276	0.11828230	-0.06739691	0.15431075	0.19098154	0.18074419	0.44084323	0.32411028	0.31260445	0.16631889	0.13211828	0.40722077	0.43043254	0.20869129	0.31866621	0.41509553	0.40682200	0.42450546	0.40307115	0.37051218	0.10370990	0.37890037	0.43141606	0.35472387	0.36599117	0.29205117	0.25034264	0.47748780	0.32808253	0.28745898	0.37929129	0.32702925	0.49583173	0.30818580	0.42660756	0.23360571	0.24098530	0.23757399
17Networks_RH_VisPeri_ExStrInf_4	0.34152579	0.46483538	0.14720101	0.45664037	0.36193844	-0.18598311	0.22403629	0.06788524	0.06142958	0.11117342	0.26681917	0.22942708	0.34328492	0.50527548	0.48061875	0.33714591	0.37151731	0.41858589	0.39152939	0.33239423	0.40812487	0.31252057	0.41028458	0.39063883	0.17577258	0.23026629	0.20656071	0.31939057	0.19906848	0.22197918	0.16120304	0.02541332	0.18248701	0.24729001	0.41739354	0.23920827	-0.01175498	0.30348013	0.45545226	0.28311757	0.18240098	0.44724167	0.21652679	0.20245267	0.17802814	0.08449649	-0.04394411	0.06122722	0.17050636	0.13786406	0.08427159	0.09236108	0.17506597	0.03522712	-0.03591176	-0.09007104	0.01012018	0.02902312	0.21568037	0.32038419	0.39970764	0.24257900	0.16905373	-0.16893702	0.21704544	-0.10256014	0.24080343	0.21076823	0.15152231	0.07036751	0.27350228	0.33193938	-0.03507256	0.04332571	-0.02689944	0.04530670	0.18095373	0.32330910	0.31557576	0.33335812	0.30368589	0.13044294	0.21379152	0.23354474	0.04921497	0.16473373	0.17056361	-0.06146811	-0.00844035	-0.13043783	-0.05558893	0.12570356	0.19967065	0.15062306	0.06938692	0.20220916	0.22042905	0.15497359	0.22540218	0.43950286	0.04847597	0.29926594	0.00049717	-0.07272779	0.05272555	0.08733434	0.24902658	0.39318813	-0.04683319	0.29354330	-0.02179514	-0.02359828	0.03330437	-0.15475287	-0.10146715	-0.18024375	-0.10634173	-0.04181051	-0.02499919	0.06772099	0.02931685	0.11917066	0.12174982	0.23197729	0.04844242	0.11001167	0.35621280	0.06636130	0.03705520	0.04177255	0.14716168	0.09044411	0.08853928	0.09887090	0.25876410	0.24438710	0.20797855	0.13126892	0.32916522	0.25510185	0.14969078	0.29441287	0.24673041	0.06343001	0.23092811	0.19251944	-0.01900376	0.17962417	0.18496885	0.27202096	0.18437461	0.23146514	0.21243822	0.16121941	0.12413492	0.11287016	0.20624706	0.21587032	0.25725936	0.11470522	0.23568394	0.16468716	0.21798184	0.20495224	0.29613202	0.16600737	0.11982210	0.08248288	-0.00375829	0.04980347	0.17392460	0.19997539	0.10249718	0.27741562	0.23668818	0.26034263	0.29762419	0.31039220	0.28336369	0.45523788	0.26374670	0.35502135	0.30521138	0.17882043	0.15169339	0.28983966	0.26895772	-0.00235627	0.31677423	0.23150381	0.10896264	0.27065364	0.27885940	0.13585235	0.20841004	0.12271066	0.10866934	-0.02189659	0.00558142	0.03253459	0.31917103	0.27268239	0.44774580	0.28768106	0.12083641	0.10778848	0.25265537	0.04024166	0.01268849	0.12811701	0.15131917	0.32729575	0.41312075	0.15307107	0.56211120	1.05222094	0.42291844	0.50458265	0.32858015	0.46064663	0.42211860	0.31571944	0.42463910	0.23333799	0.22291500	0.16199947	0.30493412	0.06247158	0.30549148	0.21092345	0.34164925	0.37631970	0.23874522	0.16134642	0.30417771	0.31885125	0.27731929	0.33489243	0.44668829	0.37917017	0.34795247	0.35474605	0.26160933	0.25853829	0.27532299	0.22042531	0.03194216	0.13496087	0.18946134	0.06523218	0.24620210	0.13768941	0.09087751	0.26640176	0.18293542	0.03198003	0.04443940	0.10352290	0.32912688	0.36624810	0.28139292	0.29417947	0.14910650	0.26922342	0.34956466	0.17128032	0.21981821	0.25560036	0.26376847	0.31554641	0.30436083	0.28068784	0.17445962	0.07432942	0.12330636	0.23521453	0.11920109	0.22796074	0.29626261	0.48105158	0.33478259	0.28147661	0.17943822	0.14065848	0.03915784	0.16084644	0.01408411	0.03195460	0.12750468	-0.03665174	0.06044535	-0.08663035	0.02774271	0.02355414	-0.17920288	0.17650005	0.24990739	0.16597164	0.06951567	0.21901328	0.25095754	0.31014962	0.27014564	-0.13124494	-0.05639073	0.08747922	0.12306653	0.26934597	0.11036227	-0.09148518	0.19163060	0.22477664	0.02440774	0.28811304	-0.12362399	0.05311452	0.08746947	0.03879692	-0.07095268	-0.12032881	0.03383829	-0.03080427	-0.11082662	0.01104552	0.17854653	0.10043709	0.12359023	0.21847720	0.29648099	0.07990193	-0.01349612	0.20556849	-0.11962936	0.06210781	0.07337088	0.12679738	0.23041010	0.15694243	0.07939352	-0.04979528	0.10382659	0.21682075	0.15276741	0.13876387	0.32710450	0.17061594	0.10214707	0.10733603	0.22613966	-0.02548975	0.01578355	0.14839102	0.23419805	0.11148542	0.14304811	0.10853936	0.27445541	0.11587899	0.22421171	0.17197498	0.29830223	0.30639719	0.18816671	0.19126798	0.02238128	0.30178445	0.15512585	0.16171349	0.05331707	0.20999744	0.24953428	0.24463933	0.23123468	0.18142662	-0.00630484	0.12039720	0.31336455	0.14533268	0.14232297	0.28225977	0.21514972	0.21997971	0.10032288	-0.08666895	0.00087108	0.00354497	0.28277785	0.10791185	0.22801517	0.19361678	0.05817579	0.05081758	0.08167515	0.21403288	0.01086578	-0.00106030	-0.03305441	-0.06223533	0.20596685	-0.00032196	-0.19748736	0.25666188	0.09178259	-0.02903768	0.27788152	-0.04073129	0.10675906	0.08584506	-0.00738743	0.09326696	0.04549562	0.00193283	-0.03925030	0.05576231	0.16071768	0.15783108	-0.09590721	0.17001289	-0.00012246	0.10406259	0.20553749	-0.06079107	0.12647564	0.09879592	0.04029680	-0.09662507	0.09433800	0.24476438	-0.03128655	0.10809267	0.14943450	0.16303292	0.45879233	0.30138669	0.36439652	0.15639468	-0.02833694	0.37655304	0.43211380	0.13327360	0.27973846	0.30729302	0.37030452	0.34593198	0.32628243	0.34283254	0.11417772	0.24676366	0.31220950	0.32373948	0.29571035	0.15676695	0.18452688	0.38093695	0.21798067	0.25698026	0.30892387	0.37151948	0.46439200	0.22122088	0.32713746	0.21602313	0.15125883	0.13782614
17Networks_RH_VisPeri_ExStrInf_5	0.12459896	0.30990894	-0.13929314	0.12763531	0.16893123	-0.03895482	0.03934040	0.05262834	-0.04141057	0.13129640	0.20796544	0.24692298	0.37153202	0.34388673	0.24003021	0.45860792	0.44196475	0.23124814	0.45311293	0.41890869	0.43104969	0.37780523	0.44568929	0.51275731	0.13984240	0.19685300	0.16428696	0.30862411	0.06910467	0.17227113	0.04773368	-0.01380029	0.12698537	0.08078979	0.21628148	0.03398718	0.06086231	0.06052497	0.17505262	0.12448194	0.11953318	0.25953158	0.11680392	0.04718404	0.10398827	0.12536007	0.04122049	0.14343137	0.11726108	-0.02017310	0.07051421	-0.02845438	0.16352610	0.05592720	0.12716308	0.07056353	0.11458086	0.02313309	0.10396591	0.17589571	0.35933403	0.11681306	0.11373906	-0.10428585	0.21775838	-0.07592238	0.17274366	0.12108011	0.12795034	0.04436001	0.13407390	0.11184818	0.04222344	-0.02613380	-0.06776689	-0.05515243	0.08029377	0.24371939	0.19777722	0.20691491	0.21519696	0.04734332	0.05745869	0.23386161	-0.04287864	0.08217566	-0.01536727	0.01915401	0.10396003	0.00045946	0.04060132	0.09596273	0.17586459	0.02171315	0.08879041	0.19257006	0.27104766	0.18201018	0.09216426	0.10528018	0.11380769	0.16899559	0.11245860	-0.19042432	0.00588225	0.04742524	0.17739420	0.17992031	-0.04901467	0.07021622	-0.03887073	-0.08121521	-0.07856077	-0.08671964	-0.05780079	-0.13130660	-0.07305342	-0.10221044	-0.11837005	0.01939223	-0.05503414	0.11715521	0.12770153	0.08197238	-0.00883008	0.01520241	0.10651080	-0.01644174	0.08415906	-0.05036606	-0.02978610	0.01802208	0.11762595	0.00975651	0.04394214	0.06829255	0.06249659	0.00253685	0.08063089	0.05491410	-0.03287110	0.11938859	0.09777253	0.00152826	0.14861051	0.06759144	0.02303552	0.01763472	-0.00890036	0.10915600	0.12545704	0.15032478	0.04265298	0.03624276	0.00171144	0.01360800	0.18068450	0.12659303	0.03854438	0.01397519	0.07403204	0.08356464	0.08283401	0.13024596	0.11189533	0.08173974	-0.05964749	-0.05691663	-0.11970337	-0.04966422	0.07000150	-0.00785694	-0.03687369	0.07902234	0.06757716	0.08452722	0.11426116	0.09168586	0.05240729	0.13258613	0.13638766	0.07139613	0.12376217	0.05378923	-0.00736450	0.05035514	0.10944650	-0.07069135	0.34260779	0.13348026	0.08220334	0.22590220	0.30921022	0.29688044	0.14337575	0.03116709	0.06516486	0.08408585	0.01929133	-0.05401763	0.16817371	0.12822011	0.33727841	0.00606396	-0.13317301	-0.07499057	0.00786645	0.04397796	-0.04998087	0.08018412	0.16451807	0.21505475	0.48045639	0.27471857	0.36713332	0.42291844	0.98028045	0.45450605	0.44124861	0.52240944	0.43061449	0.43108395	0.46210536	0.15558633	0.22126204	0.22322429	0.15971586	0.00758814	0.08921667	0.09043123	0.25261737	0.23827941	0.09758136	-0.01594585	0.17173382	0.20311260	0.17710099	0.15097544	0.20287795	0.23985829	0.08046491	0.18890507	0.04373429	0.25347596	0.25076409	0.14974625	0.10821297	0.15960220	0.13611522	0.16025622	0.19666678	-0.00705146	-0.01825290	0.14447441	0.13732979	0.02811154	-0.02583465	0.04568551	0.25005842	0.12507595	0.04629368	0.14458090	0.02531753	0.25523070	0.26228399	0.16963907	0.22029829	0.17438405	0.17742534	0.25302953	0.24513241	0.20167184	0.02775652	0.07471940	0.10785749	0.13376939	0.02640718	0.14913309	0.30627829	0.29594533	0.13719845	0.22666206	0.05268527	0.10759122	0.07438558	0.16994993	0.05952032	0.08488076	0.20959232	0.01951531	0.16900741	0.15825987	0.03115377	0.08042134	-0.01622393	0.24839362	0.20051305	0.15342220	0.07565075	0.20052257	0.19421655	0.15727443	0.09254758	-0.05277514	0.08394022	0.07123597	0.10373540	0.15852177	0.08123628	-0.07739136	0.10281707	0.18680179	-0.05910034	0.22032170	-0.11593904	0.05455705	0.03867390	0.00021928	-0.04552724	-0.09114688	-0.02150919	0.00261783	0.05868004	0.04189383	0.19934709	0.09776277	0.10246415	0.14179277	0.09500178	0.03792331	-0.00294915	0.11127090	-0.00275165	0.05287462	0.07471400	0.05991857	0.06841842	0.03909854	0.05278231	0.04137112	0.11472226	0.12580916	0.10137099	0.06042186	0.08152231	0.10932702	-0.00584395	0.09715322	0.10170067	-0.06636444	0.08675277	0.17649768	0.02631413	0.03234679	0.04879496	-0.00793244	0.18263450	0.06506343	0.03415099	0.05633612	0.12707864	0.12748526	0.06284876	0.03813319	0.05501665	0.19150384	0.13804625	0.08426409	0.00171724	0.15343232	0.05881049	0.11008192	0.09380862	0.14277980	-0.09946380	0.08260522	0.10376765	0.15689224	0.04378101	0.15768228	0.05353729	0.16700390	0.01762556	-0.04706143	-0.03851006	0.04377224	0.24099177	0.07350141	0.20532034	0.22669154	0.21275372	0.11693146	0.08406579	0.10847443	0.04413956	-0.03251382	0.02534007	0.09009350	0.00691044	0.01630583	-0.09662053	0.14498273	0.03819124	0.00097991	0.25050256	-0.19533344	0.00087812	0.03784046	-0.06202034	0.01688486	-0.01815343	-0.00728148	-0.10526408	-0.03717766	0.07265132	0.01666099	0.07975468	0.12808093	0.06547243	0.02880221	0.18622911	-0.12162104	0.00250278	-0.01913916	-0.06854673	-0.09717299	0.21186315	0.03495739	-0.13492279	0.12198511	0.08501382	0.11468708	0.08560530	0.02986440	0.17065637	-0.03130965	-0.04128134	0.16548097	0.17492997	-0.06957454	0.04427647	-0.04563176	0.10820999	0.05234063	0.07604813	0.04085572	-0.14384333	0.06048340	0.16697935	0.13711141	0.17229307	0.09861468	0.06838193	0.17765761	0.09400691	0.03071083	0.11619732	0.11611711	0.17504596	-0.00432733	0.08880483	-0.00505181	-0.09092735	-0.05675950
17Networks_RH_VisPeri_StriCal_1	0.31637207	0.55196553	0.10954934	0.39560954	0.16985954	-0.08857096	0.19252544	0.05896495	-0.03433232	0.15687127	0.40260363	0.24626396	0.37437472	0.46238665	0.53148644	0.39216219	0.40753721	0.55463738	0.74018133	0.50886231	0.75920611	0.55252982	0.57904551	0.50355601	0.06179465	0.21890395	0.02076964	0.24019033	-0.04915453	0.17005527	-0.06170993	-0.19293686	0.01389522	0.00237912	0.19186820	0.21570287	-0.05722819	0.28288821	0.31325037	0.09842438	0.08886998	0.39754071	0.17538670	0.16079584	0.16663521	0.14723740	0.05177706	0.06983841	0.16558634	-0.04381798	-0.00584248	-0.03579898	0.11830352	0.14223460	-0.03507956	-0.08940161	-0.06521724	-0.18965979	-0.01007179	0.34216171	0.36072080	0.29835419	0.11291005	-0.20827558	0.30458995	-0.08483925	0.20844151	0.21940946	0.11207513	0.01554738	0.23947577	0.22954855	0.02165405	-0.04140352	-0.12503396	-0.15557758	-0.05103747	0.20227208	0.38958844	0.43083895	0.39033075	0.02692022	0.07747366	0.25133407	-0.06670257	0.21789851	0.19686833	-0.00348249	0.10315681	0.08477897	-0.17349740	-0.04925872	0.16956691	0.07301044	-0.13249688	0.27339213	0.40869686	0.05590242	0.11711528	0.31029305	0.12765931	0.31124993	0.07529220	0.02352802	0.07885853	0.00582530	0.21945565	0.38573368	-0.02376552	0.27785754	-0.07799043	-0.08804224	0.01532406	-0.14308778	-0.07277086	-0.28525621	-0.03105806	-0.11402573	-0.11172024	0.10848874	0.08265795	0.08243589	0.06129250	0.18864805	-0.15218966	0.09596266	0.23613855	0.08548186	0.00127717	-0.07615354	0.12137110	0.15286646	0.12620779	0.08224046	0.30186924	0.20213959	0.20890090	0.01224997	0.20318766	0.16001868	0.09798754	0.30940865	0.17385687	0.17710220	0.26988393	0.24054234	0.08424229	0.12218960	0.17118951	0.32965972	0.27309340	0.18953298	0.21831718	0.19115483	0.15015474	0.21824522	0.19400634	0.25041189	0.17331735	0.17349127	0.25891603	0.20859631	0.24656803	0.23696409	0.21030997	0.22174893	-0.00246696	0.04259727	-0.01860217	0.05634388	0.23065875	0.10911898	0.02390273	0.18453875	0.15641925	0.19124950	0.25303371	0.25088376	0.25388254	0.31202051	0.17435956	0.27896095	0.19461175	0.15078157	0.10359418	0.17275363	0.20677243	0.15313853	0.42427253	0.25526934	0.15313512	0.27940976	0.39090297	0.18368651	0.29579922	0.05542734	0.26148815	0.05788895	-0.01752866	0.09739806	0.22301112	0.35155928	0.53896227	0.21642010	0.15883815	0.05816284	0.16407186	-0.03650906	-0.05007065	-0.00847792	0.38143158	0.35181028	0.39479437	0.26106937	0.60540471	0.50458265	0.45450605	1.06654533	0.46129888	0.58094970	0.76098116	0.46555133	0.55136385	0.17821451	0.01955137	0.04972659	0.08048733	-0.04734987	-0.04668838	-0.01513292	0.28810635	0.21483361	0.01558186	-0.08149409	0.26216972	0.32325825	0.29822854	0.27090649	0.37251088	0.27583827	0.27515628	0.25958739	0.13025059	0.32545417	0.34806627	0.18953431	0.05898046	0.13234321	0.04456795	0.04231766	0.14746147	0.09589763	-0.02781527	0.20924810	0.05404916	0.07170606	-0.18981828	-0.03239404	0.35544783	0.36148963	0.30762498	0.02369579	0.04351530	0.34400455	0.38433286	0.16318845	0.26852556	0.19132821	0.24536789	0.26965552	0.33521190	0.29603092	0.15609441	0.00150509	0.18450997	0.24745710	0.01568046	0.12183837	0.38730227	0.55095441	0.29364660	0.19925887	0.16539217	0.07064288	-0.03812514	0.17964621	0.05976182	0.16859989	0.24034484	-0.02185270	0.19221151	-0.00318429	0.03615996	0.11794469	-0.16643088	0.27326644	0.27866578	0.17663188	0.12775594	0.25848414	0.20484199	0.22061352	0.10814614	-0.13422533	0.08186378	0.10794281	0.08142285	0.29523753	0.06231980	-0.03043636	0.17834949	0.22985131	-0.00437110	0.27162309	-0.15648109	0.11267969	-0.02673893	0.02311809	-0.06204513	-0.08752282	-0.04047771	-0.01338162	-0.02812673	0.18918310	0.14636598	0.10980766	0.26306758	0.09243082	0.12923080	0.05762015	0.07984968	0.17199820	-0.04572168	0.00460212	0.16857546	0.14479881	0.18934555	0.18065985	0.05788789	-0.01999343	0.24249965	0.22150382	0.05505717	0.10714440	0.13928031	0.17124233	0.16174238	0.15746566	0.19934780	0.01458847	0.15669457	0.25254452	0.17073640	0.10492477	0.15680285	0.12151085	0.25871201	0.07389304	0.14480856	0.17115746	0.16210417	0.15219706	0.13406442	0.14733345	0.10085255	0.28914648	0.13007239	0.13291398	0.04240862	0.23957230	0.13787470	0.18282457	0.12714736	0.25045820	-0.05648647	0.06591108	0.13897081	0.07475953	0.04445967	0.19691923	0.13640791	0.24023417	0.02718435	-0.14006175	-0.00544493	0.09676104	0.29840050	0.19450889	0.31018627	0.23650138	0.13642754	-0.08608746	0.05551080	0.09266885	-0.05593238	-0.19465672	0.09252487	-0.15592207	0.11359787	-0.11224070	-0.08743324	0.29145670	0.06036153	-0.03826811	0.19116252	-0.20137812	0.02836542	-0.10756650	-0.02595630	-0.03589456	0.00430887	-0.12639312	-0.19365430	-0.07472741	-0.00162754	0.01952724	-0.00023978	0.26117083	-0.04063189	0.04059156	0.16753085	-0.22893037	-0.06160478	0.00400202	0.00703328	-0.14948587	0.14447776	0.08251604	-0.21401028	0.04599986	0.06854469	0.10895888	0.25923405	0.22213721	0.14413454	0.03244188	0.11742693	0.32907438	0.38159148	0.16765563	0.25249075	0.24160020	0.35448019	0.28904205	0.24366775	0.20498407	-0.02678524	0.28914662	0.36153022	0.24274270	0.13320743	0.21279315	0.13603771	0.26684818	0.25710292	0.21206689	0.27216066	0.24471513	0.35975348	0.13617206	0.21904235	0.07546228	0.03885005	0.13108145
17Networks_RH_VisPeri_StriCal_2	0.29507932	0.41406734	0.04069856	0.25856621	0.04889256	0.10149151	0.24913215	0.17318998	0.11830061	0.21337484	0.23502832	0.26621125	0.36782700	0.41686215	0.34446910	0.32773223	0.43030974	0.28496135	0.36739269	0.54094431	0.40365265	0.40719883	0.36858387	0.45797243	0.21492383	0.23145400	0.20454649	0.26527091	0.12136253	0.14753243	0.18377047	0.05985909	0.13035692	0.16076928	0.23794019	0.19139112	0.06044282	0.17282758	0.30127357	0.20009378	0.12625571	0.22386466	0.16568340	0.21348907	0.13367819	0.10907498	0.12980367	0.12743618	0.10652780	0.06631671	0.16525286	0.06900063	0.17258297	0.00989394	0.06984815	0.00232244	0.12170716	0.01874071	0.25819607	0.20247597	0.31779345	0.30672580	0.22281820	-0.01424395	0.30011581	0.12530381	0.18749293	0.21090498	0.22609340	0.10881809	0.20679432	0.14673513	0.00290132	0.01149085	-0.04542770	-0.01498654	0.11969458	0.21557280	0.17745079	0.16152614	0.17404015	0.17273611	0.09324627	0.17991551	0.13889773	0.08289070	0.11227318	0.00571621	0.10170370	0.04074873	-0.01053076	-0.01381856	0.17317911	0.11039179	0.10741494	0.17665824	0.33160048	0.18096920	0.18042204	0.29306055	-0.03591268	0.20000905	0.02380354	0.01382386	0.08305578	0.15901724	0.12849253	0.30189384	-0.05580592	0.18096027	0.06601042	0.01509967	0.11187830	0.10118424	0.02332988	-0.05017760	-0.17106847	-0.00595980	-0.01899763	0.07555337	0.11686720	0.21316075	0.03455237	0.24048421	0.07896933	0.04522574	0.18430801	0.11118884	-0.04555691	0.07218432	0.02961863	0.06815508	0.06522970	0.13898605	0.23097735	0.19579384	0.19441111	0.05709481	0.21068507	0.11661912	0.03446606	0.12025859	0.29279605	-0.04133066	0.10435845	0.14613506	-0.02482316	-0.02258709	0.12017526	0.14925373	0.15085375	0.20959706	0.08366166	0.09734727	0.14411686	0.13253931	0.10290882	0.14440991	0.19380186	0.11837670	0.20539103	0.08243641	0.15970512	0.17380666	0.13631783	0.13319576	0.14464179	0.11663509	0.04831628	0.07008464	0.21852115	0.15460592	0.10930056	0.24212947	0.21604759	0.22156420	0.22342345	0.24444517	0.17318539	0.30472765	0.30687039	0.28478233	0.26627603	0.14163881	0.22521107	0.23216522	0.28690382	0.05548573	0.34121996	0.16923416	-0.00939345	0.03683478	0.28250442	0.25462850	0.23391206	0.17980575	0.17049289	0.07354029	0.15696792	0.03485863	0.25519981	0.18738766	0.40201543	0.20193436	0.04924724	0.03078804	0.27848382	0.15711429	0.18678545	0.19266111	0.26875768	0.30221780	0.45306990	0.25135227	0.36642778	0.32858015	0.44124861	0.46129888	0.91564800	0.53459425	0.40034401	0.37089471	0.37441627	0.22045698	0.06405178	0.16757277	0.19740833	0.05392387	0.13251966	0.13562878	0.29632899	0.28308572	0.19683844	0.07732041	0.22111579	0.23272812	0.22291354	0.14843645	0.20853076	0.22881957	0.16868454	0.20505239	0.11883450	0.23495154	0.23466731	0.08427234	0.04208490	0.13512319	0.01487004	0.06648617	0.07907162	0.10226661	0.04775427	0.06994247	0.14173507	0.04131959	0.05286098	0.12634469	0.22341732	0.22891108	0.14932091	0.20473160	0.09570620	0.28184391	0.34402007	0.30356670	0.23452210	0.27626609	0.24553022	0.26793177	0.21125261	0.14178778	0.17544134	0.17975391	0.10998351	0.21263362	0.11280402	0.20466762	0.24431825	0.26748156	0.10420569	0.17992534	0.11509006	0.05389068	0.09528656	0.11299925	0.05271664	0.09638826	0.26378221	0.05306585	0.14589303	0.05742450	0.02052928	0.03897700	-0.04369890	0.25190091	0.14212284	0.14455907	0.04190770	0.15298979	0.22275934	0.27597739	0.17489920	-0.13474259	0.06183547	0.02417954	0.13477113	0.15302942	0.12771970	-0.09384327	0.12646008	0.23184611	0.12443764	0.34928270	-0.00700018	0.06403726	0.10149091	0.11823160	0.05243268	0.10680230	0.01629667	0.15516813	0.07960580	0.13055530	0.26894875	0.04400095	0.14950675	0.17811489	0.11987438	0.06457038	0.04347865	0.12894737	0.02101399	0.08031436	0.20915738	0.18092332	0.16168152	0.11325561	0.08194245	-0.06641477	0.07716972	0.04128230	0.02192962	0.08477115	0.14419322	0.12547736	0.06006376	0.06369059	0.10628208	0.01295440	0.05436395	0.04705042	0.13016248	0.03699071	0.03610787	0.09156388	0.09505878	0.09489824	0.08389655	0.05109408	0.18082883	0.13893705	0.12848151	0.15482010	-0.00362326	0.14159495	0.11355419	0.15298394	0.03871885	0.13860876	0.13216141	0.21609029	0.02776563	0.24044939	0.10508109	0.20720159	0.15366177	0.16753762	0.13193948	0.20915524	0.20782603	0.18519436	0.15368210	0.00014119	-0.04456102	0.09637967	0.24051529	0.08872465	0.14139772	0.08210445	0.23845850	0.09410016	0.22256411	0.18550567	0.14889534	0.01626142	0.05210709	0.07097511	0.12301801	0.00296448	0.00925176	0.21976174	0.06972196	-0.00323549	0.22655384	-0.09426170	0.16368215	0.09846901	0.10326377	0.01244065	0.12028256	0.03683574	0.00785939	-0.06845427	0.12338579	0.24490919	0.00117622	0.08053057	0.05834741	0.02336507	0.16987817	-0.09224188	0.06810144	0.02705897	0.10626112	0.06409718	0.17779190	0.10699540	0.00116254	0.10475014	0.11680704	0.14716951	0.17917057	0.10505726	0.19629255	0.08237715	0.03700204	0.27558442	0.20461335	0.06501056	0.15416024	0.20287398	0.26019586	0.24062763	0.19711139	0.22999789	0.12090013	0.26736829	0.29946497	0.29862165	0.25359217	-0.02939528	0.03811285	0.29613570	0.18338125	0.08110051	0.19785986	0.29697309	0.33625284	0.23982114	0.24969369	0.19089696	0.19339625	0.18326048
17Networks_RH_VisPeri_ExStrSup_1	0.26416517	0.51540215	0.03481948	0.32687028	0.19734745	0.00303072	0.21287200	0.11180218	-0.02472934	0.24346466	0.27874566	0.27177814	0.39161808	0.45926026	0.41373999	0.45417397	0.51979618	0.37050243	0.60086592	0.59262326	0.55867674	0.49141531	0.55753132	0.66419361	0.18921643	0.28394250	0.18806665	0.31713871	0.03799068	0.20544679	0.09962786	-0.04506616	0.15448085	0.13278012	0.23079681	0.20564643	0.00751270	0.10340570	0.24721126	0.21491161	0.07760361	0.29483088	0.16721618	0.21267380	0.19238815	0.05879315	0.07418402	0.14304499	0.13053399	0.14594661	0.16317288	-0.02492208	0.21030817	0.17650662	0.11426633	0.00004706	0.13682734	-0.00813278	0.14099771	0.24468780	0.38173567	0.23541562	0.21784333	-0.02294062	0.23856183	-0.06692841	0.20141122	0.15431801	0.13590435	0.08554947	0.24837264	0.17167086	0.09933729	0.01182414	-0.02023371	-0.02770450	0.12295070	0.21711812	0.27805352	0.25472639	0.18040044	0.13543284	0.05133814	0.22093000	0.04766417	0.15456889	0.08515258	0.06353051	0.20847062	0.00854413	0.00250247	0.15521102	0.26759617	0.13512684	0.13418153	0.23929507	0.32986939	0.22333091	0.11658357	0.24909489	0.11746446	0.32531242	0.07204975	-0.05903544	-0.00597616	0.06969035	0.29473885	0.28335427	-0.02179056	0.10387115	-0.00122594	-0.07215048	0.00513468	0.04378622	0.05833091	-0.11402006	-0.07089975	-0.01783176	-0.02421711	0.03450389	0.09496509	0.05156887	0.13299617	0.18221529	0.02024999	0.08938285	0.25598220	0.15199284	0.04846370	0.06777991	0.00536537	0.09480283	0.15753255	0.09192979	0.23466815	0.18690451	0.19444818	0.06341761	0.18865797	0.10883688	0.05463571	0.23238655	0.22306973	-0.00120918	0.16142912	0.11794203	-0.00904732	-0.00131973	0.03122355	0.14190147	0.22708334	0.22149933	0.05088507	0.03518439	0.06205785	0.04682782	0.12706794	0.22322400	0.11351238	0.00041155	0.14421339	0.08270579	0.13975469	0.13566320	0.18428663	0.09852096	0.03250649	0.03081358	-0.00864301	-0.07825203	0.19005546	-0.00323632	0.05863768	0.20570975	0.12749069	0.21846255	0.26489419	0.23231183	0.23649012	0.34326226	0.29829229	0.25171683	0.09879663	0.07995768	0.07759279	0.17106665	0.19134112	0.06813621	0.35092197	0.13729138	-0.01446733	0.15259814	0.27937430	0.28696107	0.11492006	0.06927632	0.15346081	0.11354486	0.07044415	-0.00239060	0.26157730	0.22959618	0.47982684	0.17923420	0.04931622	0.09429905	0.20584742	0.14690475	0.06716075	0.15454953	0.29529473	0.36428651	0.46503800	0.23510015	0.41805834	0.46064663	0.52240944	0.58094970	0.53459425	1.00363705	0.57666333	0.56586139	0.51494482	0.20365318	0.20470660	0.25075475	0.19514227	0.09540334	0.14043710	0.10530670	0.28110269	0.26252741	0.14900424	0.05615042	0.26628756	0.22398359	0.16508661	0.18547371	0.24966428	0.23698104	0.18494642	0.26780240	0.15101170	0.36026798	0.37136216	0.20789906	0.13111556	0.11719182	0.17094807	0.08594201	0.18280194	0.07767165	0.04541635	0.16883658	0.14777949	0.14134524	0.04332239	0.05902309	0.25274883	0.27012634	0.23274631	0.17944885	-0.05071223	0.36099686	0.41604638	0.24040760	0.31596223	0.26753551	0.26579719	0.28422035	0.26425095	0.21410568	0.20044596	0.18237192	0.21468025	0.24909350	0.10523707	0.20799999	0.31977194	0.32279956	0.11272650	0.20539361	0.16632621	0.14630862	0.10788621	0.26186099	0.14339951	0.12461454	0.26884387	0.13997162	0.25135315	0.17004414	0.11122798	0.13912978	-0.05556265	0.32244663	0.20295529	0.22114906	0.12686846	0.28346897	0.27299260	0.30042884	0.13208041	-0.08606326	0.14340772	0.15885406	0.13512239	0.25258949	0.03242335	-0.08321031	0.07289576	0.23886160	0.02354328	0.27931662	-0.11507775	0.02164130	0.03247136	-0.01710081	0.02410534	0.06524128	0.00487681	0.06472455	0.07781836	0.06127214	0.26987084	0.15102288	0.17385126	0.21474498	0.08483784	0.03371031	-0.04490994	0.11301869	0.03491344	-0.03078872	0.19525291	0.18260110	0.19485025	0.04780542	0.05813173	0.02733066	0.15539424	0.17621938	0.08573029	0.02490917	0.16374615	0.01119032	-0.00557687	0.13881652	0.15963541	-0.03872869	0.08390422	0.11709508	0.06830524	0.00575870	0.03755994	-0.02465197	0.12944532	-0.02248676	0.03769311	0.07590387	0.11419105	0.06738398	0.03827431	0.03524283	-0.03622001	0.19515641	0.07636519	0.06074352	-0.04253613	0.12036471	0.02405888	0.16515194	0.03397453	0.19679279	-0.04832749	0.08565768	0.10784237	0.13640205	0.00925649	0.16928545	0.21484219	0.11606445	-0.00787273	-0.08668324	-0.08011234	0.11352400	0.24030237	0.07344065	0.19754545	0.10402048	0.13727072	0.03205921	0.17842897	0.14930363	-0.03557973	-0.05949941	-0.06776013	-0.04057477	0.02072340	-0.09133206	-0.06847564	0.18997470	0.13392599	0.00708623	0.16910012	-0.17240746	0.04050047	0.10646813	0.03090029	-0.01814563	-0.00885996	-0.02649584	-0.07532338	0.01133991	0.11901209	0.14921756	0.03825964	0.10538654	0.07677952	0.05052415	0.17550666	-0.19489308	-0.04657751	-0.06435178	-0.04594815	-0.05746724	0.10545489	0.07140659	-0.09359419	0.06368410	0.07701988	0.12023585	0.19533040	0.15974966	0.22540309	0.02770236	0.03611670	0.27081953	0.23680896	0.02293086	0.20212328	0.20997739	0.28371223	0.20890565	0.20378157	0.22176031	0.05613922	0.20861389	0.26629563	0.26075537	0.24213400	0.01628634	0.06159088	0.24304779	0.22171372	0.06467007	0.24962123	0.27878814	0.31447525	0.18046646	0.22614561	0.17454002	0.12929727	0.12395144
17Networks_RH_VisPeri_ExStrSup_2	0.26786828	0.52908815	0.14806008	0.39905671	0.12994370	-0.12162066	0.17672729	-0.03261745	-0.06431473	0.10902662	0.39657181	0.21595136	0.26909152	0.39989413	0.52038243	0.33421230	0.35797567	0.52876883	0.69848376	0.43978690	0.77176350	0.50475420	0.57578485	0.51168902	-0.03694535	0.18121839	0.03315004	0.18672981	-0.10694532	0.17757819	-0.11286289	-0.24800316	-0.05959893	-0.10222677	0.08234038	0.16754795	-0.13400066	0.24850753	0.24699651	0.05239669	-0.03749911	0.31098640	0.10120052	0.19592429	0.19820295	0.10269716	0.01564765	-0.03191514	0.18385468	-0.03911236	-0.01722024	-0.06429857	0.08360846	0.24751710	0.00561205	-0.06649118	-0.01760278	-0.25528364	-0.02880214	0.28342320	0.23527425	0.26359636	0.08905882	-0.20608634	0.26304152	-0.13504020	0.14437354	0.11464832	0.03481877	-0.03408254	0.18229666	0.17052960	0.10506882	-0.08697083	-0.08860711	-0.20088114	-0.10950672	0.11651639	0.39002836	0.38851152	0.34453458	0.02573679	0.00026547	0.22908311	-0.08849269	0.23367585	0.15429165	0.03931896	0.11552833	0.07014928	-0.15858944	-0.05355799	0.19112240	0.09524559	-0.17098663	0.25106338	0.40509978	0.02353671	0.10539780	0.23084989	0.13521469	0.30789189	0.07964468	-0.03208868	0.06601869	-0.06506541	0.26197302	0.30298768	-0.00920836	0.20887920	-0.09413468	-0.08170977	0.07083443	-0.11413845	-0.09984158	-0.21105412	0.00923647	-0.04284897	-0.08648766	0.07841661	0.08184118	-0.01062712	0.05936101	0.16580372	-0.16456968	0.11757755	0.24261659	0.13439925	0.05708635	-0.02319956	0.13678055	0.17850989	0.06953343	0.08087473	0.30703743	0.18993941	0.20806743	0.04928468	0.18960155	0.17743773	0.11865225	0.25840316	0.19300052	0.11510603	0.21477479	0.21310253	0.01186064	0.06041377	0.14342390	0.28389876	0.32391949	0.22716559	0.22048114	0.20965799	0.15038770	0.18748519	0.15609325	0.13493822	0.16371876	0.14230554	0.26701623	0.18435474	0.25609169	0.21815969	0.17908715	0.15235567	-0.04293490	0.02848923	0.02652656	0.03877586	0.25455937	0.06392905	-0.02465266	0.16645699	0.15708951	0.22447351	0.27246988	0.22171421	0.27393887	0.28884698	0.18302681	0.23874166	0.08896127	0.17272988	0.12332762	0.15068187	0.18349853	0.13610356	0.43449056	0.27345069	0.15534146	0.28132325	0.39235665	0.16890961	0.26468045	0.07706273	0.25825083	0.08105178	0.00282533	0.12086365	0.20119060	0.35131514	0.49759981	0.22976118	0.14924066	0.07300682	0.15547484	-0.08209786	-0.07468608	-0.06349929	0.38703785	0.35898699	0.35023332	0.20198938	0.53348772	0.42211860	0.43061449	0.76098116	0.40034401	0.57666333	1.02750686	0.44805373	0.58156582	0.18306043	0.01663850	0.04850385	-0.02909116	-0.10063810	-0.12034858	-0.11206660	0.14094028	0.10961323	-0.07537519	-0.19372010	0.20712779	0.33429122	0.18630579	0.21097890	0.31376429	0.21427298	0.23161048	0.21312490	0.12303657	0.31349783	0.31824675	0.13748665	0.06692881	0.08799397	0.07680013	-0.03162961	0.14374203	0.07505518	-0.03397775	0.16578986	0.02392066	0.06350715	-0.17734214	-0.07748442	0.24052083	0.31290652	0.30159609	-0.02601888	0.01675166	0.33431242	0.36408002	0.08985127	0.23470486	0.17534194	0.22922549	0.19056392	0.27554373	0.24218637	0.15834703	0.06027699	0.18306440	0.20324145	0.00368492	0.07252999	0.36053988	0.45969789	0.29947478	0.19751777	0.13267539	0.05391285	-0.00106327	0.24788194	0.10012313	0.18533119	0.23864848	0.00314510	0.19202481	0.02577350	0.01450511	0.13328569	-0.14570459	0.21481912	0.24054525	0.15257186	0.12725573	0.23329970	0.11932266	0.16202651	0.01650896	-0.08521615	0.10992314	0.12916418	0.06137993	0.26266468	-0.08532943	-0.10078881	0.09411573	0.13686245	-0.00511655	0.19097160	-0.14338403	0.09490067	-0.02821973	0.04451185	-0.02786848	-0.06463809	-0.06943407	0.03946783	0.03060899	0.13175551	0.10744720	0.08120129	0.19432840	0.04611726	0.12174534	0.06698714	0.08285348	0.14874405	-0.00855028	-0.05105072	0.14394852	0.15781979	0.19636979	0.14389591	0.10058911	0.01341593	0.20651716	0.20635773	0.09232264	0.08187325	0.13691011	0.17662730	0.10764321	0.14740545	0.19040411	0.01263380	0.12104371	0.21122095	0.16182991	0.07741016	0.11899471	0.01876642	0.15091056	0.03986858	0.11379398	0.16355765	0.14138251	0.10462524	0.10486611	0.12291449	0.04520811	0.17292531	0.09828053	0.14976298	0.07577242	0.18399556	0.11917898	0.16114070	0.10772406	0.18993062	-0.02387765	-0.00977800	0.10887072	0.07112567	-0.01510001	0.08659448	0.11699793	0.12324444	-0.04295436	-0.18736972	0.02136739	0.12792144	0.34725242	0.20164963	0.29119443	0.17695536	0.13595507	-0.08807767	0.04985188	0.09209710	-0.09518663	-0.20386070	0.02966166	-0.11764769	0.02102247	-0.11935834	-0.01255874	0.22590724	0.08722129	-0.03524144	0.16154215	-0.24668727	-0.01706676	-0.13773525	-0.11645783	-0.08032457	-0.07750840	-0.18547695	-0.20358697	-0.04878240	0.01114056	0.02183706	0.04051911	0.19310855	0.01834656	0.01360284	0.12602832	-0.24084167	-0.10671632	-0.03032747	-0.17137354	-0.25652660	0.06841649	0.07575202	-0.23678962	0.05802426	0.02053373	0.08259566	0.19029037	0.19121880	0.03569648	0.00274970	0.11828295	0.26204877	0.29999225	0.07704798	0.24595682	0.22687752	0.31938405	0.22684425	0.20816577	0.18495633	-0.02988219	0.24216372	0.28692630	0.16521417	0.00782137	0.14545356	0.06145622	0.15395696	0.22705789	0.11562126	0.21594584	0.25884308	0.30525142	0.17633021	0.18123700	0.06258505	0.06325145	0.15516589
17Networks_RH_VisPeri_ExStrSup_3	0.03860000	0.29816296	-0.01931197	0.13521586	0.01673478	-0.12695070	0.04366559	0.03317187	-0.15668629	0.09034616	0.14470437	0.27545057	0.32676242	0.35037224	0.25846995	0.33992940	0.41423647	0.20911906	0.52797656	0.55220097	0.46796756	0.45487073	0.45173339	0.57038948	0.17518340	0.27738036	0.12478829	0.39617901	0.00512247	0.20551037	0.07921420	-0.00054961	0.16225290	0.09095394	0.16634427	0.17506108	0.01165093	-0.05052654	0.11716299	0.22245696	0.08822418	0.20578638	0.22234639	0.12191351	0.18998843	0.05717587	0.06979623	0.12335902	-0.00016379	0.09780199	0.19870996	0.04790261	0.32647600	0.22016245	0.15586118	0.04621192	0.15476894	-0.04414999	0.08380707	0.06722997	0.28433913	-0.01846742	0.01678550	0.01550607	0.14542826	-0.09808497	0.22167072	0.16346759	0.12197473	0.04223693	0.23228685	0.11188082	0.19553702	0.14678827	0.03120136	0.02948679	0.13122603	0.22068041	0.21426135	0.20955032	0.07802533	-0.05561803	0.08961521	0.21322528	0.03875546	0.07512591	-0.00238381	0.09346399	0.22885450	-0.05762722	0.07785219	0.07212607	0.21937753	0.00779315	0.22969518	0.32380134	0.30749430	0.32692620	0.13718358	0.13927026	0.29047303	0.27456998	0.23410271	0.01356601	0.01616049	0.20382247	0.25422006	0.28753512	0.09320533	0.07628618	-0.03743787	-0.10679248	-0.11860532	-0.10692611	0.03115277	-0.20601016	-0.19059472	-0.13204198	-0.01013543	-0.01902564	0.03586447	0.03546267	0.17868326	0.17844988	0.05041878	0.17513093	0.16313339	0.01313522	0.11952402	0.05817640	-0.06660413	0.15965996	0.23521054	-0.01715122	0.05962787	0.14936450	0.09301564	0.07466999	-0.05385781	0.07516458	0.05295747	0.27114083	-0.02137676	0.30738960	0.33320008	0.07506671	0.25463076	0.17094882	-0.02281675	0.10993563	0.17961759	0.10216206	-0.05021210	-0.04852638	-0.07238416	0.06778303	0.16825993	0.16599304	-0.07467095	0.00524223	0.03834670	0.01151476	0.04669860	0.10720180	0.18456857	0.09665418	-0.11753759	-0.09158991	-0.11750776	-0.19148768	-0.09935980	-0.14594243	-0.12832469	-0.05925817	-0.08598152	-0.07268708	0.04603454	0.03220841	-0.00366003	0.13725265	0.01304345	0.03330707	-0.04872118	-0.07048541	-0.15787285	-0.11636646	-0.10470395	0.06772524	0.32641068	0.07438769	0.07489120	0.10756604	0.23718558	0.36878410	0.08508514	-0.04234788	-0.02088833	-0.08935712	-0.05551092	-0.12344320	0.08766008	0.05138103	0.30639961	0.05026380	-0.03557606	0.03910771	-0.00128750	-0.01318450	-0.08083643	0.04912728	0.10073233	0.19256377	0.38993791	0.34303506	0.29140696	0.31571944	0.43108395	0.46555133	0.37089471	0.56586139	0.44805373	1.04036963	0.39838532	0.23467878	0.13261752	0.22256956	0.14042944	0.13046202	0.06947375	0.07962227	0.20236937	0.20428156	0.11669699	0.06456037	0.24585419	0.10839241	0.15601850	0.15279217	0.12303141	0.23995552	0.13090938	0.24124164	0.01992005	0.35636295	0.37360388	0.25399479	0.16808437	0.09700619	0.24743323	-0.01289815	0.19819529	0.13175967	0.00326656	0.24456603	0.14814306	0.17957002	0.06826675	0.06825639	0.29084883	0.14885198	0.10898559	0.13688178	-0.07315377	0.21869074	0.31767492	0.16350306	0.38583634	0.16665098	0.20364243	0.21464624	0.15215793	0.17521246	0.13950531	0.16464154	0.24323290	0.26840316	0.11946921	0.16274710	0.28064669	0.16448983	-0.03443905	0.19881396	0.26057004	0.23030191	0.10439824	0.26289693	0.23242770	0.23322404	0.19509706	0.23815132	0.24675930	0.20952765	0.19734128	0.16550813	0.08968749	0.32591542	0.19373752	0.37475335	0.27286827	0.28676326	0.34205266	0.25405172	0.02006021	0.06252829	0.25573670	0.27408445	0.07261055	0.19679553	0.12684552	0.17456123	0.08441473	0.34484869	0.04487591	0.17943345	-0.17182144	0.10108802	0.03521575	-0.17698175	-0.02617047	-0.00815664	-0.00473194	-0.07254121	0.06368998	0.02720058	0.23722427	0.26937666	0.26939545	0.18421399	0.07562337	0.10083114	-0.02128277	0.13582667	0.08149986	-0.11002529	0.21105253	0.18108420	0.17579223	0.01789776	0.10637787	0.17759127	0.20559573	0.26321341	0.19752520	0.12048223	0.07044885	-0.06762738	0.09223291	0.29826010	0.18935153	0.09009886	0.25614333	0.47666117	0.02212328	0.09920424	0.09054576	0.04086027	0.37936537	0.00872528	0.05118770	0.15643013	-0.01024001	0.00301675	-0.00008591	-0.01556664	0.22445030	0.29046253	0.10907264	0.06868281	-0.02263291	0.14083636	-0.05497594	0.02655276	0.12770996	0.18364141	-0.17584379	0.05252472	0.04529336	0.01212288	-0.03962101	0.05912327	0.10484130	0.00820322	-0.08682364	-0.06176075	-0.05254735	0.13411165	0.14871193	0.02995562	0.06769116	0.07399951	0.09941919	0.01087922	0.01159894	0.06496144	-0.16478486	0.06013301	-0.08540681	0.01489256	-0.06674532	-0.11558057	-0.10027438	0.07725154	0.00221301	0.02237485	0.20691871	-0.23903178	0.03725480	0.15499109	0.04167367	0.03360441	-0.11959611	-0.02065665	-0.01260431	0.02591950	0.28962483	0.07412170	0.07728661	0.12942598	-0.00829086	0.04330487	0.15317033	-0.15402162	0.00892097	0.09476718	0.02893128	0.03958333	0.08748709	0.07111488	-0.07366352	0.06285671	0.14184033	0.14620264	0.10637553	0.12318170	0.19612046	-0.04298136	0.11127335	0.19397545	0.17215075	-0.02748711	0.06588218	0.11927106	0.13951860	0.12688303	-0.01610938	0.03896022	-0.15222661	0.10213849	0.15119969	0.21718663	0.17878917	0.04829426	0.02445408	0.25450585	0.19497807	0.12376848	0.11090776	0.04896015	0.04367255	-0.11899482	-0.03816933	-0.14275466	-0.10939285	-0.08261106
17Networks_RH_VisPeri_ExStrSup_4	0.18684318	0.39795717	0.01729787	0.24852147	0.12368935	-0.07219133	0.09274057	0.05867043	-0.04688639	0.17178391	0.28530191	0.26561054	0.29859674	0.36243348	0.35729538	0.36727186	0.33737583	0.35876989	0.52384597	0.38585085	0.56161955	0.45469326	0.52510576	0.48616009	0.08017140	0.20351676	0.16105369	0.27768455	0.01156390	0.15748070	-0.04104015	-0.15869409	0.07925451	0.04025036	0.17275694	0.08885246	-0.05066495	0.15658741	0.23596433	0.10493625	0.04349092	0.32101717	0.11230978	0.12588130	0.14059030	0.05815051	-0.01202454	0.03843284	0.15893430	0.06637627	-0.01764303	-0.10847192	0.12000873	0.14979862	0.08040108	-0.04329531	0.03233592	-0.05635670	0.06623932	0.20462457	0.23203723	0.17597874	0.10806752	-0.16445864	0.29848545	-0.04349298	0.18401602	0.16443849	0.08451828	0.00080559	0.15758788	0.14623479	0.04394034	-0.12001175	-0.09195119	-0.14296358	-0.02467689	0.17376433	0.28413101	0.23211861	0.22810440	0.06668474	-0.02893286	0.15757214	-0.05657376	0.18512530	0.08937127	0.03709386	0.09537802	0.00403975	-0.09755714	-0.01806156	0.18431051	0.02271831	-0.02601270	0.25419078	0.35249745	0.13878066	0.11108597	0.16601179	0.10332427	0.24215527	0.08289952	-0.02474528	-0.01387776	0.00898473	0.21709427	0.24861030	-0.06158988	0.11743637	-0.06088496	-0.06017710	-0.03592923	-0.06014014	-0.00588058	-0.14856401	-0.03524760	-0.01377116	-0.05632959	0.07333182	0.00981905	0.09397999	0.04735949	0.11682642	-0.08631315	0.03612155	0.15410346	0.05854659	0.03177765	-0.05651473	0.08018488	0.11608996	0.04602069	0.05179172	0.22640055	0.07823282	0.08924895	0.00265268	0.14905242	0.09515432	0.02859725	0.20083193	0.10876086	0.07516885	0.20967778	0.14792973	0.04833813	0.00036559	0.02963349	0.14877925	0.19366770	0.08848686	0.10628162	0.11221180	0.10193744	0.06130561	0.12267961	0.13742852	0.11473231	0.05235710	0.14113688	0.13144978	0.15575898	0.16271576	0.14012155	0.08684457	-0.03485320	-0.01895183	-0.04226501	-0.02771657	0.12797543	-0.00657608	-0.04182162	0.09432884	0.07795897	0.18552946	0.20063275	0.15818090	0.19915875	0.20400454	0.18948132	0.18053256	0.08359028	0.11892207	0.07067178	0.13958997	0.14932763	0.03571559	0.25535379	0.13730283	0.07430615	0.23433627	0.35257916	0.20675730	0.10601841	-0.00562037	0.12235790	0.06738695	-0.01108343	0.00886743	0.24158966	0.24161620	0.47822158	0.14899374	0.02089266	0.01674571	0.11917911	0.00142936	-0.06491000	0.06483921	0.31500565	0.35480694	0.40281699	0.16741927	0.38680313	0.42463910	0.46210536	0.55136385	0.37441627	0.51494482	0.58156582	0.39838532	0.83983966	0.09720837	0.17358653	0.24470764	0.10463914	0.00674752	0.04185258	0.05874200	0.15066695	0.21514789	0.05431074	-0.05722627	0.19006605	0.27760879	0.16122142	0.24124250	0.27385382	0.24752908	0.18677131	0.21098622	0.13154468	0.31375390	0.25976348	0.12985808	0.04505598	0.15700693	0.12823729	0.10053330	0.18831740	0.09841164	0.02347073	0.18427064	0.04587338	-0.02021805	-0.11928271	0.01940968	0.22611498	0.21768247	0.17343846	0.10850249	-0.00163499	0.36989314	0.39838254	0.14672656	0.25395601	0.20867094	0.23252390	0.18732730	0.26869514	0.20827725	0.07449245	0.04500324	0.06458760	0.12407141	-0.01134946	0.09824111	0.33985870	0.37790242	0.22016108	0.25767167	0.02165935	0.07450782	0.05723163	0.20259182	0.01977107	0.08668821	0.23495673	0.03212613	0.18254816	0.07678516	0.00533804	0.16573617	-0.12487444	0.26591179	0.22721587	0.17700477	0.07039107	0.21407140	0.17510369	0.13684042	0.08220451	-0.12793135	0.03061920	0.07729608	0.08305011	0.21898471	0.01986916	-0.09801030	0.05713004	0.15958487	-0.04285439	0.22216947	-0.12816852	0.02334277	-0.00426689	-0.02620417	0.01440028	-0.04626914	-0.10119691	0.02850977	0.04228637	0.08152387	0.16641983	0.02255501	0.10002662	0.06705126	0.08210137	0.00136413	-0.02991494	0.11715231	-0.08457822	-0.03055313	0.03551910	0.05137832	0.09113388	0.00051550	-0.01533106	-0.01991989	0.10823450	0.15455533	0.05636562	0.06331631	0.10132432	0.14671376	0.03996370	0.10846967	0.16463114	-0.09657542	0.05372990	0.15017348	0.12680888	0.05342990	0.05843975	0.04821085	0.08395744	-0.01147262	0.03222687	0.04623171	0.12098781	0.09272378	0.08924061	0.08356956	0.01185517	0.12824662	0.06918040	0.04942926	-0.00173399	0.11401504	0.06466869	0.06592615	0.06917081	0.14275610	-0.07857162	0.00818128	0.07077386	0.04267533	-0.06349917	0.10551105	0.06662036	0.09317245	-0.00070384	-0.13975584	-0.05051890	0.05884200	0.20561640	0.09928310	0.17567190	0.18604028	0.11276524	0.04834224	0.13654099	0.06605370	-0.00880611	-0.16889641	-0.00377886	-0.02581951	-0.02911902	-0.13770263	-0.06516837	0.13064687	0.10360065	0.03790801	0.10276381	-0.17484036	-0.00573937	-0.04462801	-0.10648555	-0.00858218	-0.01703322	-0.08013192	-0.06079260	0.01557905	0.03736821	0.04149106	0.00773452	0.15266864	0.05767757	0.05369436	0.10847098	-0.16429777	-0.03938386	-0.02273257	-0.09921434	-0.19399521	0.13429718	0.07386670	-0.14761170	0.16367365	0.03036367	0.11037181	0.16510367	0.12383892	0.14723689	0.03607419	0.00767929	0.24716028	0.24519223	0.03774676	0.18299302	0.11352901	0.21746801	0.17193002	0.15739212	0.14085686	-0.04690258	0.15537135	0.22909642	0.16942442	0.07554178	0.14508332	0.07682314	0.18255670	0.09312433	0.08145736	0.15543389	0.19455304	0.25660268	0.11180075	0.12965604	0.06490641	0.01573657	0.05680921
17Networks_RH_SomMotA_1	0.15493157	0.23082280	0.16137099	0.19776395	-0.00570007	-0.01066014	0.11278075	0.20089268	-0.01364103	0.08896733	0.12590128	0.18389332	0.30740890	0.23549708	0.24187261	0.05367941	0.17471357	0.09083972	0.13938506	0.24624342	0.18854687	0.04717910	0.22510214	0.16938557	0.21937209	0.16836352	0.19382288	0.29530877	0.18709681	0.11915370	0.12238743	0.28666710	0.24676208	0.20914504	0.19969513	0.34483738	0.21068791	0.16376547	0.28039302	0.35793330	0.14446807	0.10284361	0.25140346	0.13562568	0.11648017	0.05649351	0.02952934	-0.02738758	-0.12769907	-0.07590961	0.25538064	0.36877130	0.15658237	0.00796487	0.14012245	0.09633072	0.37046064	0.23588911	0.39047345	0.33412523	0.27291515	0.23609961	0.17997975	0.13661215	0.19549477	0.05058473	0.22201541	0.25820450	0.17518111	0.28582851	0.26273972	0.25174890	-0.00198137	0.20432072	0.08545627	0.24748741	0.26123904	0.23786047	0.16485972	0.26554870	0.13403042	0.17671384	0.23728359	0.25306284	0.27216081	0.03863848	0.13559045	-0.12204246	-0.08982067	-0.22472895	0.00142078	0.02993176	0.05424775	0.19604485	0.18459590	0.06938342	0.07129884	0.21491916	0.19559868	0.42006233	-0.05680130	0.17814515	0.04234571	-0.19804994	0.00451120	0.03682532	0.03139031	0.22789742	-0.12652888	0.16653307	-0.05245962	-0.11220020	0.06936384	-0.10407452	-0.08161358	-0.19371411	-0.01609032	0.05566705	-0.14367389	0.01869364	0.13726636	0.17590796	-0.03939738	0.17296696	0.20441167	0.09373620	0.19692563	-0.00625461	-0.06277157	0.17064159	0.06249422	0.15539229	0.06181476	0.21468342	0.00123982	0.21379079	0.06872519	0.18844992	0.06870864	0.05535853	0.09513448	0.09728087	0.16051188	0.04832972	0.07110750	0.03556352	-0.05681592	-0.05392194	0.05383118	0.01449409	0.07439919	0.23067775	0.04114211	0.02608809	0.13012475	0.03419681	-0.03970105	0.13438546	0.07442603	0.03590041	0.16006380	0.01348205	0.18923783	0.13410329	0.11176312	0.01629533	-0.07896371	-0.06100554	-0.02214629	0.08141052	-0.08472125	0.08174897	0.13470214	0.12454514	0.23566688	0.27064295	0.18658189	0.24477676	0.05998027	0.37319742	0.03791262	0.19218819	0.05672582	-0.06188391	0.02665317	0.07886861	0.15515030	0.08407635	0.20281588	0.01314083	-0.01484773	-0.00555757	0.07695246	0.02092683	0.17898495	0.12518051	0.10428094	-0.19184747	-0.00087602	-0.05356930	0.35367151	0.17389257	0.24922379	0.15152603	0.26740185	0.14778500	0.14370265	0.14875207	0.02892935	0.25543098	-0.02604200	0.17240312	0.31011185	0.12027522	0.32667616	0.23333799	0.15558633	0.17821451	0.22045698	0.20365318	0.18306043	0.23467878	0.09720837	1.15932798	0.25232159	0.13932085	0.21282670	0.09238916	0.20724872	0.16788680	0.18542964	0.22294793	0.17432937	0.13819780	0.34465601	0.14940934	0.14022092	0.02100602	0.06966967	0.32061307	0.24883474	0.28371402	0.05133944	0.05379015	0.04531374	-0.01002970	0.02762450	0.04252244	0.15009664	-0.01218695	0.07812586	0.08350424	0.03821665	0.10555381	0.28814067	0.08718291	0.36050807	0.27914125	0.25535892	0.28151165	0.27872462	0.28510145	0.02685188	0.19260485	0.23221462	0.25235492	0.21605762	0.24181928	0.26976616	0.27140887	0.22740913	0.20595086	0.21612215	0.36030742	0.23803135	0.20970951	0.34127549	0.22856920	0.16286267	0.15305500	0.10392427	0.04041578	0.38357713	0.22656154	-0.05476140	0.09722592	0.12217253	0.16794909	-0.05279721	-0.16059535	-0.05514431	-0.14172402	0.10960810	-0.01138539	0.04571946	0.16546948	0.00660699	0.03460288	0.04906642	0.03738837	0.14601681	0.32705900	0.07773146	0.03819844	0.00100231	0.04292340	-0.06789125	0.01997128	0.03879512	-0.01422227	0.07118477	0.09706734	-0.03550417	-0.01732048	-0.05429487	0.03342636	0.04519166	0.02788397	0.00639858	0.00847267	0.16057707	0.07346863	0.02796818	-0.00384789	0.18771044	-0.00241276	0.16742254	0.33303725	0.14232369	0.12856408	0.08448327	0.16907095	0.06545109	0.08391199	0.14716946	0.18482950	0.15187761	0.21259535	0.14470945	-0.00644227	0.02027075	0.08933368	0.16930858	0.10608876	0.15390531	-0.06063713	0.17601064	0.10900422	-0.01013162	0.14978869	-0.00799078	0.07209067	0.01532017	-0.06941295	0.11583671	0.02314162	0.07674871	0.14135919	0.08419053	0.16353442	0.17237167	0.12934552	0.09622899	0.11479357	-0.06770797	0.04710527	0.00217107	0.10474196	0.01970017	0.06839381	0.14088078	0.29843207	0.09803278	0.08019629	-0.00117355	0.17254764	0.25331486	0.17485295	0.24366554	0.19135248	0.16041388	0.05389858	0.00057702	-0.01535728	-0.00461952	-0.02035222	0.14681593	-0.04963918	-0.04041356	-0.01796139	0.07963518	-0.10664069	-0.03296998	0.11318322	-0.00764961	0.07057203	-0.16787101	-0.05096386	0.10431827	-0.05297587	-0.01481996	0.07682064	0.00951513	0.06671762	0.05088740	0.01180353	-0.04025935	0.10583522	0.14424660	0.08901116	0.07308780	-0.02820711	0.04985482	-0.02549452	0.24976278	0.18283325	0.04052815	-0.07020303	-0.00700680	-0.02164041	0.09908388	0.00515060	0.08443149	0.05509585	0.14017386	0.07405842	0.14770972	0.14377987	0.03578857	0.05524621	0.22567886	0.06434506	0.13520815	0.24101931	0.27699134	0.13679185	0.09913154	0.26191138	0.26133448	0.10609750	0.06811861	0.18074601	0.20190668	0.14565001	0.17721912	0.29161271	0.09800284	0.17525715	0.22845194	0.30177901	0.29300648	0.02592944	0.10917759	0.24862414	0.33082062	0.14365410	0.16611162	0.24792990	0.26691104	0.15040952	0.13563695	0.16039146	0.16763277	0.18309125
17Networks_RH_SomMotA_2	0.13229911	0.11356275	0.02320413	0.08527683	0.20658177	-0.08352947	0.03305487	0.13977716	-0.08429456	0.18592647	0.02318654	0.17140815	0.22727735	0.29118268	0.09575663	0.20462002	0.27885131	0.00092916	0.07008109	0.09386663	0.01345577	0.13160656	0.18287335	0.25896107	0.11967956	0.44457377	0.46164228	0.29732823	0.24728054	0.18561965	0.07149804	0.04838958	0.20927340	0.14263432	0.14480238	0.14030622	-0.01730522	0.00476805	0.20102892	0.22826417	0.07664322	0.21752983	0.07575277	0.10101957	0.21034914	0.00014250	-0.00687818	0.20904177	0.06863673	0.22971604	0.11881060	0.18469122	0.19749648	0.01317737	0.23973047	0.26358553	0.25828384	0.27459848	0.34876556	0.21524535	0.24086586	0.15635555	0.19808398	0.09003467	0.03445231	0.06171243	0.29831659	0.13610975	0.08848439	-0.05017835	0.14091510	0.13813509	-0.05663240	0.01910694	-0.08023386	0.09172883	0.15337677	0.20884198	-0.03545163	0.04290992	0.08523637	0.32053854	0.09114305	0.09630259	0.06739663	0.09932818	0.07253528	0.06990725	0.00963798	0.00434044	0.02916855	0.13628415	0.09078538	0.10502328	0.14776908	0.02786901	0.12265311	0.20516730	0.07471258	0.16475440	0.05014207	0.07079515	0.02263906	-0.18528179	-0.12195054	-0.10183706	0.01356415	-0.04806821	-0.26214780	-0.06741581	-0.03886477	-0.13259692	0.01757414	-0.01875582	-0.02425171	-0.06700855	0.03512776	0.06511275	-0.03159412	-0.05128618	0.03913129	0.10154538	0.06763020	0.10768534	0.07345493	0.01761697	0.14830028	-0.00080615	0.04222625	0.02622481	0.05482055	0.04809301	0.00893967	0.12358348	0.01961308	0.02024179	0.03112211	0.06574287	0.17728146	-0.01118170	0.00145626	0.05781788	0.10670632	-0.13838552	0.06148803	0.04515148	-0.09436004	-0.16032846	-0.02367713	-0.02245607	0.05886275	0.11274329	0.04443560	0.00219748	0.04683217	-0.19330330	-0.09674341	0.11218953	0.03088195	-0.08267794	-0.03322270	-0.09980076	-0.03225833	-0.00835352	0.06106062	-0.02240225	-0.03776711	-0.03031256	-0.02525737	-0.08974924	0.01110967	-0.08049866	0.09540201	0.11570424	0.12439602	0.26590247	0.11927378	0.24072660	0.13504165	0.20511063	0.23165884	0.16367940	0.00186802	-0.09751500	0.00268869	0.09801696	0.12568640	-0.03275704	0.07109759	0.01006420	-0.00788053	0.16041341	0.04722122	0.13105239	-0.03245917	0.04251304	0.06068948	0.11022709	0.01998435	-0.03949504	0.30187594	0.05444576	0.18739930	0.03190580	0.07401371	0.07695969	0.06061211	0.19393917	-0.03569469	0.34161719	0.01756921	0.21222422	0.25720948	0.06886807	0.13456056	0.22291500	0.22126204	0.01955137	0.06405178	0.20470660	0.01663850	0.13261752	0.17358653	0.25232159	1.02697359	0.59839672	0.23400574	0.02259523	0.29694502	0.23229154	0.11778680	0.27023028	0.16501498	0.08980097	0.18336451	0.10042885	0.12080665	0.17221261	0.10925022	0.08986900	0.22372532	0.28377717	0.21057799	0.19957222	0.24723752	0.14366526	0.14818373	0.00740654	0.36776184	0.07182675	0.31476950	-0.08105811	0.13824834	0.24173094	0.21885646	0.01987858	0.24592800	0.28418620	0.15959704	0.17762406	0.13142083	0.32339404	-0.04884858	0.18439084	0.24970887	0.19575143	0.19259462	0.21502321	0.19095765	0.12216870	0.13067111	0.10474449	0.07779179	0.26212969	-0.00800547	0.06452755	0.04768845	0.01309273	0.14934671	0.04478002	0.04644400	0.25548302	0.08030965	0.21751032	0.06714991	0.12339886	0.06560255	0.02211402	-0.03253812	-0.03278426	0.07510440	-0.00994219	0.06561797	0.11020383	0.02189307	0.21353873	0.10022500	0.14688502	-0.05217137	0.10055929	0.21149316	0.18803641	0.11354296	0.07166412	-0.02406030	0.08916128	0.10148894	0.10441167	0.10647167	-0.06729893	0.00821294	0.04047257	-0.06548986	0.09373753	-0.07830214	-0.11990158	-0.02167082	-0.08344482	0.01440899	-0.00829905	0.07224707	0.01353228	0.06049229	-0.16982166	0.28819704	0.05791394	-0.04539656	0.13083764	0.08095381	0.02412004	-0.10361361	0.14332760	-0.02789151	0.06752084	-0.04451782	-0.00811173	-0.02055050	0.04926871	0.04439666	0.13269752	0.00983524	0.12128516	0.14785415	0.07096881	0.20204225	-0.02374214	-0.05603025	0.06195786	0.05501231	-0.01427721	-0.10855952	-0.04586920	-0.06259444	-0.02830314	0.08143009	-0.10740803	-0.04862910	0.01114104	-0.04122483	-0.00496457	0.09161105	0.13232802	0.04955464	0.01086907	-0.13269956	-0.10292173	-0.00509959	-0.02339737	0.00225206	-0.02995341	0.04256669	0.13892920	0.04442153	0.01748539	-0.13180249	0.05371159	0.13990167	0.12875890	0.04584807	0.21152544	0.14283936	0.09855060	0.01500915	0.02431347	-0.08050956	-0.01359434	0.02209575	-0.02995157	-0.00504738	0.09601302	-0.10421368	-0.03204663	0.05866877	0.11528329	-0.11733049	-0.10661886	-0.16281349	-0.00434809	0.04027180	0.03631119	-0.13708758	-0.13746783	0.05926960	0.06566682	0.03284468	-0.06051480	-0.07270536	0.01951525	0.08159298	0.07043312	0.05091922	-0.08564371	0.13086253	0.22931908	0.15184953	0.05423882	0.05261782	-0.09411661	0.12079467	0.10619213	-0.07346588	-0.15986724	-0.02294727	-0.05545497	0.03128739	0.04592150	0.20844336	0.04987755	0.06496575	0.20851314	0.19437677	0.20981315	0.23304087	0.07261673	0.25075648	0.07809673	-0.12244545	0.20840626	0.18387629	0.02983784	0.08483577	0.06112675	0.14212516	0.19150089	0.18909673	0.20649222	0.08666833	0.13815265	0.15906127	0.17829040	0.17001047	-0.04260666	0.11636992	0.19848567	0.14138367	0.08931987	0.22472187	0.29090099	0.22521462	0.19468525	0.21000069	0.20280608	0.13101706	0.12242384
17Networks_RH_SomMotA_3	0.22282611	0.16789332	0.03656758	0.13257184	0.11562684	-0.03363821	0.08168847	0.23456235	0.00656018	0.27659266	0.06435777	0.22527058	0.28408693	0.34301396	0.14114438	0.21060995	0.44301286	-0.05188390	0.09614398	0.23857266	0.02603508	0.22621906	0.16403113	0.39597603	0.42260716	0.40711514	0.43038327	0.43150108	0.36982211	0.34299768	0.31856269	0.22800384	0.40115863	0.27774978	0.29040976	0.30244723	0.17918334	0.08621444	0.32171603	0.32598503	0.23149077	0.37419250	0.25730512	0.15828793	0.13558061	0.02197060	0.10211379	0.23703073	0.10910868	0.22289479	0.24764382	0.17264300	0.22672090	0.07799197	0.29486284	0.12965732	0.21821202	0.35755783	0.20872119	0.17812460	0.25107579	0.12691266	0.21739045	0.21975361	0.17320873	0.18336031	0.42523970	0.39178878	0.34202675	0.19854342	0.35340626	0.30982534	0.08137392	-0.00676335	0.05578082	0.21313175	0.33102993	0.40055184	0.09013401	0.19732491	0.13814647	0.46937940	0.22453465	0.24135292	0.22918542	0.18786398	0.05300162	0.18657060	0.15654543	0.02957335	0.10755238	0.24898073	0.31673107	0.06154165	0.38551188	0.30559499	0.32719605	0.51271637	0.26281205	0.18588749	0.14203388	0.21450265	0.16250798	-0.12590035	-0.19019049	0.01279514	0.04439842	-0.01283548	-0.17239634	0.05134982	0.00579528	-0.08937187	-0.06119027	0.01594318	0.03702343	-0.08680248	-0.19541877	-0.00982794	-0.03649112	-0.07708462	0.18718222	0.33626215	0.10929728	0.28890993	0.19010622	0.13520819	0.18679078	0.12889576	0.10146708	0.08941802	0.08288793	0.01563100	0.16644995	0.16360597	0.14398209	0.11905297	0.16017723	0.18708020	0.07873618	0.02228469	0.00868572	0.10345950	0.09422241	-0.07907369	0.16832023	0.13273271	0.09300728	-0.10552861	-0.11209967	-0.00208598	-0.02492077	0.00591595	-0.11566828	-0.06956017	-0.03131020	-0.19559377	-0.09740497	0.24189280	-0.04216011	-0.10925447	-0.04005916	-0.09867865	-0.05189719	-0.06746400	0.09296985	-0.09785378	0.01347162	-0.07114577	-0.03328201	-0.09260960	0.02971426	-0.07961538	0.06268882	0.05892238	0.08006612	0.18985582	0.07776481	0.15454717	0.05329813	0.20588361	0.19129997	0.14380346	0.02938264	-0.12655919	-0.01841756	0.09332646	0.11117914	0.10801336	0.08896218	-0.06022843	-0.06326084	0.13720656	0.00551087	0.15642061	0.00691444	0.12236869	0.05261352	0.12137576	0.13625272	-0.05029334	0.33741159	0.07364537	0.19694484	0.01930397	-0.03889185	0.05249754	0.03616814	0.23126546	-0.00478660	0.39241717	0.08343701	0.20012667	0.26701445	0.05012054	0.15024249	0.16199947	0.22322429	0.04972659	0.16757277	0.25075475	0.04850385	0.22256956	0.24470764	0.13932085	0.59839672	1.07811669	0.34499057	0.30953315	0.34601358	0.38116379	0.28932884	0.43247726	0.29091749	0.27925100	0.37202597	0.12121211	0.25714695	0.29123975	0.16748623	0.15246097	0.29950740	0.37467063	0.18620350	0.43907767	0.33648410	0.26567504	0.18362752	0.19474212	0.38440407	0.13281845	0.44835829	0.05360759	0.25468117	0.35333332	0.27803711	0.14831905	0.31024116	0.42591499	0.29443709	0.21372775	0.12841936	0.43628004	0.00505564	0.20287422	0.31961010	0.33406984	0.36337259	0.33846784	0.34147102	0.28711824	0.27979230	0.26291775	0.16119419	0.12046255	0.03125905	0.25769533	0.17042428	0.15454536	0.32043174	0.12660176	-0.03160460	0.53205365	0.25479319	0.39114414	0.27541134	0.25392013	0.16317520	0.13534149	0.11514381	0.11655033	0.09639878	0.09734687	0.15953873	0.30324506	0.08250154	0.45165806	0.18954897	0.35226233	0.13896903	0.34283073	0.42157170	0.34431999	0.16309237	0.05328872	0.11005069	0.16597568	0.10566438	0.24502919	0.15213648	0.01800685	-0.02872484	0.23524265	0.03836078	0.18319150	-0.05798769	-0.05353656	0.00809240	-0.17545559	0.08119438	0.02020312	0.07717613	0.02648382	0.06402734	-0.08811808	0.45329280	0.13447950	0.03025738	0.26709141	0.03259743	0.16337735	-0.04855198	0.14974376	0.01080419	0.08983354	0.11545870	-0.04029142	0.15144569	-0.03849240	0.03479742	0.16592746	0.02815022	0.18009833	0.08471138	0.06044549	0.18811125	0.03027819	0.05835926	0.16085539	0.11424062	-0.03128542	-0.12967152	0.01850888	-0.01790799	-0.05775537	0.16304781	-0.12906912	-0.00802095	-0.02818948	-0.08352512	0.01036006	0.09190096	0.07252357	-0.00142840	0.01499194	-0.08070000	0.02618611	-0.09480680	0.02151378	0.03339672	-0.05135997	0.00499524	0.12944929	-0.00816695	0.18435328	-0.10227437	0.10385561	0.16435370	0.10657627	0.06131707	0.18088280	0.12939391	0.12386792	0.08040254	0.11093864	-0.04877379	0.03793680	-0.04205761	-0.08596526	0.10362771	0.13004266	0.08377483	0.07030367	0.11631811	0.19772836	-0.05430364	-0.04105081	-0.17333340	0.15329824	0.01894459	0.00511124	-0.23089196	-0.18161364	-0.01500507	-0.00515029	0.10144991	-0.14255575	0.03952917	0.18334288	0.06384449	0.07277319	0.00924246	-0.03180390	0.29862614	0.20888490	0.23430426	0.13633648	-0.00098388	-0.07878993	0.03132962	0.15150070	-0.07852466	-0.10569023	-0.02238348	0.02269165	0.00053662	0.04369856	0.15950636	0.11046161	0.22214044	0.35747635	0.17780724	0.31689195	0.26162100	0.13132640	0.29786188	0.07094078	-0.02970169	0.23145468	0.13896044	0.08745276	0.14547789	0.14328326	0.18797794	0.21035794	0.23924178	0.16929134	0.04594807	0.14675361	0.23183042	0.28482098	0.25548959	0.01411782	0.12957175	0.31237157	0.12622758	0.06510809	0.27349599	0.31474483	0.27787285	0.21216860	0.26001056	0.19171153	0.10798473	0.10886064
17Networks_RH_SomMotA_4	0.22819866	0.21994480	0.10302399	0.24394957	0.09541235	0.03147616	0.07215974	0.27647891	0.12931673	0.11264496	0.14098869	0.24987548	0.43750129	0.46839254	0.20596758	0.17176380	0.28351212	0.05606974	0.04714056	0.26101631	-0.01576693	0.08915363	0.13342262	0.14032861	0.40804973	0.20932298	0.27293951	0.57837310	0.44757784	0.33941546	0.49777997	0.39465587	0.61307933	0.65812821	0.55160487	0.38235813	0.45004395	0.08822433	0.39332810	0.47855294	0.40874806	0.25317697	0.37018727	0.12477232	-0.00539800	0.07190254	0.03993192	0.20794637	-0.11269308	0.10358979	0.35096330	0.29073512	0.25068921	-0.11382008	0.14409633	-0.09563710	0.16748235	0.40438050	0.21486698	0.20937863	0.33434544	0.06551388	0.18367936	0.18257928	0.20565286	0.17492280	0.37585340	0.31230384	0.32750652	0.47097066	0.34157234	0.52059984	-0.07659522	0.10942339	0.13717334	0.57323203	0.67054374	0.54264351	0.10147805	0.19578117	0.14582107	0.26752397	0.30502771	0.22585450	0.28060178	0.05890863	0.01008353	-0.02678706	-0.04184169	-0.12702384	0.02619581	0.02312224	0.13278221	0.06910638	0.40528530	0.19319548	0.08032288	0.39441451	0.14178580	0.45231904	0.00988627	0.30560368	0.11828610	-0.08366191	0.01246917	0.13960732	0.04111038	0.16729215	0.05664620	0.21174371	-0.01213290	0.05644420	-0.16513485	0.06886897	0.18132027	-0.06327233	-0.06323032	0.00230290	0.00535398	0.18446155	0.14155807	0.26526066	0.07810945	0.28012097	0.35473035	0.13928074	0.22789062	0.02459968	0.04361015	0.12178181	0.00912248	-0.00507006	0.15641584	0.08473478	0.11829501	0.18416581	0.14718891	0.29763992	0.13651162	0.07765036	0.03747885	0.12052744	0.09782094	-0.03188951	0.09841116	0.11440282	0.10878840	0.03599810	0.04758995	0.08595475	0.00328694	0.04650659	-0.01172974	0.12045124	0.05740732	0.06443333	0.07329526	0.24650224	0.01666659	-0.00710638	0.06515549	0.06568635	0.07852444	-0.02310915	0.13433694	-0.00842678	0.08782564	0.00700711	-0.07701352	0.06229733	0.01202720	0.11771706	0.22711095	0.10849965	0.08767174	0.09533669	0.07455254	0.16755849	0.08632400	0.23754223	0.12507973	0.16751165	0.25233100	-0.04100312	0.03552828	0.15262931	0.13969014	0.03074606	0.13691455	0.10679880	0.01575057	0.12570540	-0.03020765	0.03875118	0.17514445	0.04193417	-0.06581444	-0.14198051	0.05962369	-0.10009626	0.32711003	0.05760116	0.17691990	0.12963495	-0.13839270	0.09401882	0.09766319	0.12073880	-0.00871912	0.27644228	-0.00252453	0.13013130	0.27434717	-0.00006159	0.24107008	0.30493412	0.15971586	0.08048733	0.19740833	0.19514227	-0.02909116	0.14042944	0.10463914	0.21282670	0.23400574	0.34499057	1.02889890	0.33775405	0.66475484	0.67186353	0.50394337	0.56793605	0.61491945	0.54812595	0.56770083	0.08428763	0.22829645	0.11111554	0.09814284	0.43191839	0.23965230	0.42854365	0.18836603	0.23895110	0.22345958	0.11939048	-0.05028820	0.15844581	0.11243947	0.23106835	0.28106110	0.14927780	0.25455442	0.21719915	0.34083421	0.11118690	0.35295749	0.35435766	0.32224542	0.27951307	0.08829003	0.42296645	0.09056780	0.18436727	0.22821164	0.19701993	0.18739007	0.33283346	0.35011525	0.45214888	0.49741298	0.41368360	0.12921361	0.01345535	0.16698034	0.46801859	0.37474239	0.54613046	0.21409602	0.24318770	0.00190479	0.32855691	0.32459213	0.34508338	0.07767128	0.05369170	0.01663661	0.05130559	0.12658140	0.01015128	0.02887900	-0.03129430	0.06652070	0.09235980	-0.03879658	0.21839391	0.15952075	0.25310327	0.09915757	0.17901832	0.34663469	0.36536309	0.22283688	-0.10037868	0.01202866	0.09090099	0.04167554	0.24551283	0.10440679	0.02535822	0.01557243	0.20004886	0.04732815	0.17118391	-0.04520860	0.08393669	0.16126537	-0.07512001	0.07636967	-0.00527314	0.27207752	0.10839757	0.05433097	0.07816311	0.21656479	0.15867742	0.03665577	0.48862289	0.15677096	0.13105082	-0.00749119	0.16042131	-0.10577789	0.11890392	0.07351127	0.15037160	0.14745044	-0.00222644	-0.02743827	-0.00270818	-0.12961357	0.12940644	0.07233819	0.06786877	0.22753154	0.10755011	0.24774150	0.15307454	0.11375762	0.00192078	-0.05713998	-0.07985328	0.09266869	-0.01691471	0.08534304	0.09824800	0.13329990	0.12816344	0.06098407	0.04512923	0.19662428	0.19786465	0.15722075	0.05063168	0.01340199	0.20924090	0.07033732	0.14303844	0.03957509	0.02814540	0.08868817	0.16591754	0.07712015	0.12267844	0.00803094	0.26661813	0.23566023	0.14105132	0.16690525	0.34684126	0.21762831	0.22096096	0.13584940	0.07823003	-0.01802374	-0.08071416	0.14986151	0.05366380	0.01448326	0.20594544	0.07496815	0.13696047	0.12232784	0.20425127	0.07125339	-0.05042117	-0.12446126	-0.04025388	0.13859738	-0.01521461	-0.02730983	-0.00327326	0.08910914	0.13495249	0.13481302	0.06872410	0.17663781	0.32562061	0.06915053	0.14810314	0.06896007	0.05021600	0.19920081	0.11697577	0.20771230	0.18865559	0.11309922	-0.02104955	0.00407146	0.12541732	0.17707681	0.06418905	0.11339258	0.18764659	0.20050208	0.08348801	0.15153342	0.19522913	0.13912238	0.23836825	0.16807557	0.12067386	0.40579600	0.27338379	0.48761800	0.19368643	0.16596884	0.35115603	0.30287290	0.25311177	0.31220176	0.28570027	0.32414781	0.34709517	0.26644949	0.28491535	0.13725567	0.22267231	0.35956308	0.45451304	0.53162551	0.16850491	0.41173753	0.49158419	0.21102700	0.25359454	0.30166337	0.19576601	0.34413311	0.10207505	0.30835544	0.17456403	0.12967129	0.06610475
17Networks_RH_SomMotA_5	0.02394214	0.06592165	0.06072101	0.08024400	-0.01397792	-0.03030717	0.02429944	0.16728994	0.04166057	0.07758926	-0.04998821	0.11177761	0.12709362	0.12252661	0.07315174	0.03406699	0.16573777	-0.08147897	-0.00765787	0.19946054	-0.13505327	-0.07710462	-0.01423338	0.17428617	0.52309056	0.01482885	0.07081130	0.26480863	0.28106660	0.26545151	0.46585366	0.45847738	0.39115631	0.32490146	0.22172848	0.28544880	0.31769359	0.08358324	0.28757732	0.31649148	0.36374969	0.19060505	0.38506787	0.04147745	-0.00630274	-0.03263873	0.05002160	0.14807568	-0.11901157	0.09079112	0.22372318	0.15431335	0.24201888	0.06827578	0.14646844	-0.15692509	0.05826203	0.30484737	0.07898664	-0.05064396	0.12571401	-0.05080502	0.09021960	0.22881167	0.16139789	0.12814689	0.24652784	0.22754410	0.31295335	0.40745066	0.31312296	0.31167754	0.11016528	0.15892575	0.18338593	0.35158251	0.42817887	0.31967565	0.18712499	0.23968863	0.01755340	0.12929395	0.29056629	0.23520459	0.26213358	0.07751003	-0.11343242	0.14423239	0.16535882	-0.13666711	0.22705798	0.24761338	0.31905003	0.08957033	0.44117078	0.30905685	0.12865140	0.58758944	0.20929432	0.13896697	0.04678842	0.12790347	0.11793029	0.02000621	-0.17728994	0.26060509	-0.02591597	-0.01932535	0.13114350	0.12071426	0.10391627	0.04836429	-0.25692118	0.01605620	0.10339769	-0.05437571	-0.13932748	-0.03655703	0.04098441	-0.02901207	0.20822239	0.26110282	0.07002144	0.15343241	0.21274851	0.12818758	0.02991845	0.07634721	0.06070090	0.15429206	-0.08709331	-0.13573775	0.25737841	0.04135023	0.10753081	0.03169162	0.05839881	0.17248965	-0.14326469	-0.06542847	-0.15374675	-0.08776769	-0.09735487	-0.01570904	0.10440399	0.08125553	0.08526458	-0.02575745	-0.20856879	-0.04766167	-0.15713460	-0.20385986	-0.29002995	-0.17794861	-0.17363696	-0.18131704	-0.00945919	0.20768227	-0.12864218	-0.14255487	-0.09921876	-0.07316378	-0.07069199	-0.14453645	-0.00023441	-0.14829304	0.02747920	-0.11842024	-0.09881125	-0.12075465	-0.15264283	-0.14728151	0.03980683	-0.09850811	-0.03343610	-0.09848925	-0.13971407	-0.03777626	-0.10993392	0.06977405	-0.12359762	-0.11782053	0.03215590	-0.13677643	-0.08581165	-0.03791536	-0.04529175	0.20517243	-0.03537927	-0.15189641	-0.09451340	0.00798180	-0.10459768	0.08154982	-0.01080901	-0.05998653	-0.16431498	-0.06592075	0.03249834	-0.13616366	0.11527467	-0.07362864	-0.02444539	-0.03563177	-0.12978381	0.03437642	-0.08681556	0.11824171	-0.02272010	0.17275976	-0.18802156	-0.04043943	0.07572025	-0.04605413	0.02286592	0.06247158	0.00758814	-0.04734987	0.05392387	0.09540334	-0.10063810	0.13046202	0.00674752	0.09238916	0.02259523	0.30953315	0.33775405	0.93052172	0.29750566	0.39340662	0.30173240	0.40361426	0.33966586	0.48538114	0.45977458	0.07583231	0.17240823	0.15142976	0.03545726	0.28884273	0.23638437	0.31482786	0.07398361	0.21927333	0.18177831	0.27526543	0.00514059	0.25452186	0.21269583	0.14607141	0.30391437	0.15151978	0.35347378	0.28523605	0.22439377	0.20316630	0.39863839	0.42135606	0.16913635	0.09560315	0.09704658	0.28917970	0.03998906	0.08775578	0.14241790	0.20027428	0.27984920	0.27271462	0.35508297	0.30579195	0.32919429	0.32446708	0.18232646	-0.02218981	0.11574274	0.34108049	0.35290495	0.40827275	0.31108896	0.14361039	-0.07877071	0.40127025	0.45629078	0.42995529	0.31415715	0.21325423	0.17771566	0.05181120	0.06026343	0.22651207	0.08292427	0.10305061	0.19562449	0.26641653	0.04217837	0.40780339	0.25051189	0.37521689	0.24846446	0.42411903	0.37961847	0.32403353	0.00414561	-0.04371327	0.06302890	0.05962449	-0.05607304	0.13915009	0.00543252	-0.00082914	-0.11609705	0.17376816	0.06322105	0.05982782	-0.08407015	-0.00391785	0.13292506	-0.19144075	0.02903403	0.08485321	0.08222808	0.02903612	-0.05574751	-0.02428714	0.27885436	0.11018275	0.07061931	0.29975897	-0.01644262	0.01090206	-0.12386107	-0.09798644	0.02542675	-0.04814392	0.26944221	0.01626372	0.19154215	-0.17160396	-0.11402800	0.06092784	-0.07422228	0.13791495	-0.11465919	-0.12383396	-0.02453155	-0.07460393	0.02466463	0.09649271	-0.04694242	-0.10577036	-0.06339269	-0.06716352	-0.00493059	-0.05342753	0.15313213	0.02939247	0.02921114	-0.10325955	-0.12972113	-0.07427601	-0.02950798	-0.08526034	-0.05553119	-0.10789479	-0.07651357	0.05539600	-0.11823150	0.01084021	-0.02239551	-0.11453957	-0.03622656	-0.02830917	-0.03867827	0.05656774	-0.10983336	-0.03411808	0.05482145	-0.03438811	-0.01626108	-0.04092193	-0.06174180	-0.06711633	-0.05780183	0.05677377	0.03708479	0.03003962	-0.12707938	-0.06739339	0.07776827	0.08104195	0.04214339	0.13638372	0.12052885	0.07176942	0.02870823	0.09049798	-0.15082082	0.12787493	-0.06087491	-0.08001442	-0.09321284	-0.16033922	-0.01271483	0.00061769	0.07266827	0.07395724	0.15202694	0.29432733	-0.05617861	-0.03195691	-0.03638985	0.24462282	0.24144715	0.12584936	0.13986529	0.13601056	0.03133006	-0.00398532	0.02126630	0.10520709	0.08379713	0.23974938	0.11957019	0.20741027	0.04877564	0.08998502	-0.05502734	0.13549925	0.21602736	0.17680619	0.08308442	0.19090892	0.11135919	0.05593029	0.25993871	0.01710815	0.10738754	0.11305576	0.06141740	0.07288662	0.01804201	0.11534394	0.02973697	0.03391251	0.09034524	0.01027375	-0.01572308	-0.05805482	0.15148346	0.19864751	0.25607188	0.04996603	0.20239359	0.21587754	0.04575989	0.05024266	0.03194445	-0.08247680	0.00390460	-0.10351170	-0.00110113	-0.05147508	-0.06477410	-0.07266244
17Networks_RH_SomMotA_6	0.23305358	0.18333339	0.25677815	0.29789668	0.10451048	0.08150383	0.14717161	0.28176248	0.16463011	0.19973562	0.09701730	0.23605172	0.33064315	0.41866181	0.21113244	0.02831398	0.13685975	0.03986264	-0.11817087	0.15510610	-0.10940033	0.00416305	0.03660941	0.09970875	0.37936172	0.15114813	0.35059075	0.50436921	0.45523005	0.23946313	0.47971030	0.42208254	0.53832462	0.60787641	0.49857678	0.38157237	0.33003412	0.16824992	0.43718008	0.43525336	0.34137689	0.26378527	0.32681718	0.24088967	0.09705728	0.04935196	0.06709445	0.15429107	0.00114718	0.25655744	0.30649409	0.31197611	0.20705806	-0.14692044	0.18575508	-0.01691078	0.22022489	0.39528733	0.33285970	0.20222115	0.28543919	0.12777107	0.23084104	0.20546581	0.20141148	0.16975599	0.32158798	0.25782133	0.30206691	0.36249846	0.28140808	0.42494254	-0.07974890	0.17305559	0.10066777	0.48852835	0.59565616	0.45150009	0.09860862	0.11176546	0.14706206	0.33794604	0.31257694	0.18729364	0.27782708	0.07243153	0.06176084	-0.07059763	-0.01908015	-0.14258079	0.12031703	0.08458043	0.15129191	0.13105716	0.43879679	0.12672255	0.06732993	0.36315372	0.28230714	0.43205193	-0.02315046	0.20457057	0.05305543	-0.05463182	0.09140699	0.10208829	0.05639141	0.16905710	0.03662174	0.21882631	0.05686710	0.07887012	0.03672254	0.09479590	0.12056196	-0.00241518	-0.09886915	0.04514475	0.02388943	0.15692154	0.14736239	0.24536965	0.03208005	0.23197989	0.35198002	0.10752122	0.30198207	0.10340854	0.03454422	0.17085671	0.10791704	0.00927317	0.16215680	0.20609996	0.14036103	0.20236619	0.15245844	0.23063596	0.20394663	0.19043386	0.18700446	0.13162310	0.23825661	-0.10629225	0.10564377	0.12795090	-0.01300804	0.03046172	0.14897090	0.10644821	0.03884653	0.06257485	0.10186884	0.16237326	0.14734672	0.03820055	0.05177730	0.22867767	0.16110794	0.08699572	0.13897734	0.08210738	0.18359553	0.07584516	0.21306946	0.07740429	0.16157530	0.11197775	0.01909896	0.11191581	0.12474252	0.20607894	0.33699004	0.19141218	0.25386506	0.19264750	0.10858796	0.22192948	0.10930321	0.30529622	0.17603831	0.21891147	0.28444253	0.06807459	0.17703654	0.25420041	0.20915934	0.04534903	0.12486016	0.11578501	0.02525214	0.09767394	0.02649390	0.02013681	0.19717313	0.16129704	0.01310899	-0.02850993	0.07738053	-0.00434359	0.38448204	0.11099873	0.17436015	0.28079508	0.02327572	0.18024230	0.25893156	0.17938700	0.11294959	0.37782551	0.02272142	0.19855808	0.25895556	0.00554017	0.17237017	0.30549148	0.08921667	-0.04668838	0.13251966	0.14043710	-0.12034858	0.06947375	0.04185258	0.20724872	0.29694502	0.34601358	0.66475484	0.29750566	0.92883410	0.57929609	0.41066584	0.49235372	0.57806797	0.55215600	0.45449420	0.07915139	0.17444919	0.11611784	0.13423741	0.31740736	0.31811406	0.44084613	0.24072948	0.21524098	0.18005040	0.13640769	0.03149876	0.17865854	0.18299252	0.18088730	0.31324818	0.14749787	0.25449183	0.20386055	0.30623927	0.05938207	0.40429935	0.34407500	0.23065732	0.25526326	0.13600448	0.48595516	0.20211539	0.16802344	0.22154303	0.21140723	0.15111640	0.28891143	0.29629148	0.32090517	0.29235046	0.22558255	0.12256596	0.10761063	0.08954725	0.29960715	0.28916997	0.40171965	0.11255516	0.13708796	0.04281345	0.28041442	0.27308089	0.32451832	0.07847990	0.04511570	-0.05740088	0.05158407	0.12120985	-0.00680985	0.03976419	-0.01586737	0.01700868	0.04442404	-0.04599050	0.14775500	0.11420336	0.16038774	0.07488285	0.10376446	0.27464852	0.36186841	0.19125767	-0.07468188	-0.04711903	0.07621487	0.07838350	0.19938153	0.13011063	0.00466814	0.08134191	0.19558541	0.04692854	0.14508869	-0.00007375	0.01727262	0.21336756	-0.02693980	0.08868407	0.04133846	0.21785947	0.12482745	-0.00036119	0.02015286	0.20076618	0.01724096	-0.02288127	0.40020222	0.28102594	0.21182745	0.06249253	0.18868202	-0.08452395	0.18487369	0.08142960	0.23388714	0.23415760	0.04666129	0.06385264	-0.03884475	-0.17107474	0.15165043	0.15514279	0.12487085	0.34485729	0.12574271	0.18033289	0.12089210	0.15071938	0.13473678	-0.10720730	-0.11940565	0.18720806	0.07473192	0.05809670	0.08960186	0.07372208	0.24572513	0.17304437	0.11435982	0.31671793	0.28385139	0.25313955	0.16878651	-0.00492796	0.14543668	0.07869163	0.20390759	0.15718425	0.07892195	0.23095976	0.24213163	0.15018515	0.16762134	0.15495498	0.26389265	0.29541380	0.16893786	0.28328343	0.30442037	0.19958959	0.16745662	0.21776905	0.10829639	0.09427003	0.01156836	0.13900239	0.06094555	0.01903049	0.13417929	0.02126470	0.22197716	0.13457522	0.25835608	0.13528854	0.07652487	-0.03573858	0.09554798	0.22909574	0.03029601	-0.03226259	-0.02354193	0.14480668	0.11798185	0.14850361	0.09891093	0.24717222	0.32013150	0.19466122	0.21649250	0.07192208	0.07561644	0.31110469	0.21262927	0.33665836	0.30009001	0.10465649	-0.05545344	0.05534468	0.20321018	0.16653220	0.11105238	0.20641869	0.18940711	0.25715217	0.17969426	0.03463181	0.16183987	0.25227230	0.24449138	0.28405357	0.25028989	0.41910327	0.23345393	0.44412948	0.23836258	0.11431399	0.31996385	0.23469594	0.19028861	0.25265005	0.31826139	0.29367574	0.33366112	0.30292644	0.35522069	0.27680615	0.28000900	0.30853046	0.40234662	0.48068014	0.06965068	0.34150152	0.43550802	0.14168817	0.20156274	0.20734763	0.28816652	0.36722452	0.19836977	0.34840504	0.31395767	0.26178144	0.17054151
17Networks_RH_SomMotA_7	0.12523062	0.12609124	0.05714465	0.14286363	0.07196687	0.05101648	0.05705096	0.30584455	0.15942928	0.15392471	0.08352961	0.24698008	0.31586055	0.37361792	0.09958286	0.13163020	0.27140101	-0.03039014	-0.02114073	0.16843452	-0.10139159	0.01281041	0.07567986	0.11897461	0.45022728	0.17071467	0.25984153	0.50540085	0.43155543	0.28335969	0.49451073	0.42600461	0.66109129	0.59118948	0.47510330	0.36774569	0.42585150	0.09630678	0.38534540	0.44353665	0.37838049	0.22071903	0.42081989	-0.00522513	-0.05360587	-0.03789562	0.02508673	0.14470179	-0.12890317	0.09754883	0.31639601	0.24036033	0.24441213	-0.11337511	0.08852773	-0.04783668	0.05859871	0.47133261	0.12048635	0.11971410	0.26790763	0.05378669	0.12763484	0.26539951	0.22056126	0.19546141	0.39048207	0.32987823	0.36285733	0.40931769	0.34477451	0.48422031	-0.05923108	0.05912858	0.13101607	0.49817041	0.61542473	0.51834218	0.12701414	0.16652409	0.12415633	0.29050932	0.26375602	0.20900324	0.25826285	0.07088028	-0.03401547	0.00346430	-0.04247578	-0.13249083	0.06040230	0.07639784	0.15460760	-0.05178526	0.40248537	0.19837809	0.08301183	0.42544124	0.12011264	0.34814560	-0.02231663	0.21977654	0.10871279	-0.11298584	-0.09937936	0.16517066	-0.04569962	0.04383365	-0.01302965	0.14517146	0.02433643	0.06873637	-0.19994679	0.05533636	0.08697346	-0.08655374	-0.08254577	-0.02123456	-0.00403341	0.09429524	0.18835002	0.29510153	0.02776017	0.20858930	0.31286435	0.07219680	0.13553405	-0.03545426	0.00838149	0.06288794	-0.08661958	-0.12648145	0.16496091	0.05388882	0.05964841	0.06530911	0.04366381	0.19664401	0.11332074	-0.03779207	-0.06730124	-0.00346523	0.01917871	-0.11073156	0.02199656	0.10637954	0.05985154	-0.04937160	-0.04455810	-0.00436290	-0.06366300	-0.01058383	-0.09690255	0.03225968	-0.01168080	-0.06356977	-0.01219289	0.21764016	-0.02457167	-0.03284458	0.01186252	0.00540639	0.03591677	-0.03019422	-0.00797982	-0.06042478	0.08733845	-0.02689137	-0.12988906	0.01729471	-0.07716955	0.00228035	0.19022958	0.02486911	0.07089815	0.04035527	0.02123781	0.13726476	0.06705018	0.17523238	0.12105599	0.07875055	0.17493425	-0.08038779	-0.00368380	0.09699925	0.04267015	0.08453082	0.09948113	0.02929528	-0.01807733	0.07316821	-0.05438661	0.06107005	0.07080252	0.01494085	-0.13541180	-0.10015799	0.09883451	-0.09937163	0.29006086	0.01851427	0.08269109	0.05061620	-0.12028739	0.08744333	0.02763727	0.15059498	0.04890515	0.26085124	-0.02894728	0.06524065	0.18648875	0.00200934	0.16063270	0.21092345	0.09043123	-0.01513292	0.13562878	0.10530670	-0.11206660	0.07962227	0.05874200	0.16788680	0.23229154	0.38116379	0.67186353	0.39340662	0.57929609	0.91488888	0.45780703	0.52574117	0.58188472	0.57535582	0.57258453	0.10201327	0.19209367	0.12363627	0.05235825	0.40414900	0.26960461	0.43991194	0.21638155	0.16951139	0.14196298	0.08023855	-0.09473131	0.14160807	0.10571110	0.19886150	0.28152434	0.13133884	0.22407277	0.23084463	0.26881607	0.09114394	0.33556911	0.39170175	0.30543501	0.18722601	0.05511134	0.38347307	0.13388573	0.09639243	0.20157231	0.17247567	0.20776279	0.29515656	0.35048587	0.34482479	0.45306780	0.40640602	0.10896352	-0.01537627	0.09188688	0.38555821	0.32696124	0.49851499	0.27415242	0.21285417	0.00449349	0.40669780	0.32412004	0.39307028	0.15788299	0.07240836	0.07836263	0.02015549	0.03939162	0.06397810	0.00186872	-0.03337386	0.09772560	0.14666138	-0.00755801	0.25941844	0.10978381	0.26239957	0.09429084	0.21541639	0.43671370	0.34711751	0.24706495	-0.04973552	0.01084787	0.02716168	0.03363557	0.23866250	0.12031502	0.03461968	-0.02728262	0.18720081	0.07392741	0.14181581	-0.02087207	0.03495434	0.16068685	-0.09136908	0.00724532	0.01614770	0.19887382	0.01309713	-0.04914793	0.04253232	0.21900202	0.09809771	-0.01656491	0.37907420	0.11190951	0.08923943	-0.02573502	0.10318174	-0.09143276	0.10242996	0.08150379	0.04138164	0.15647851	-0.09815496	-0.10179179	0.00577312	-0.19630882	0.09649636	-0.00913783	0.03030243	0.15082207	0.06707075	0.17500358	0.11327825	0.02515672	-0.06221065	-0.10738347	-0.13882888	0.05067975	-0.03080403	0.11720877	0.13437732	0.06664328	0.05868290	-0.00848856	-0.03694839	0.18163612	0.17602226	0.10467721	0.02470930	-0.06542092	0.10052108	-0.01678985	0.09372432	0.03396112	-0.02466427	0.09477060	0.09757364	0.04102380	0.10272954	-0.03642100	0.23636814	0.19676278	0.08632099	0.12331373	0.26433274	0.16510886	0.18696968	0.14426554	0.09799654	0.00707475	-0.06857140	0.05039832	0.02223882	0.03378345	0.18664456	0.05695779	0.18638084	0.08840683	0.15653173	0.08590578	-0.02705172	-0.09135564	0.00535014	0.07725344	0.01665584	-0.11839110	-0.03118836	0.01933338	0.04748984	0.10128730	0.01531375	0.15995959	0.33072514	0.09040600	0.12932049	0.10853960	0.04011637	0.22676668	0.11450679	0.18199568	0.19086428	0.02575452	0.00338332	-0.04554645	0.09246326	0.14335771	0.13086586	0.13445619	0.15919134	0.18474339	0.16190161	0.05408280	0.18322326	0.19424243	0.22970209	0.15344595	0.17580133	0.33836412	0.19857284	0.41405981	0.11036608	0.12625907	0.29086574	0.24379407	0.20798702	0.19419883	0.18502937	0.19859063	0.20357625	0.17844019	0.17482589	0.08267113	0.10173207	0.30714652	0.34596495	0.46180946	0.07245043	0.32627773	0.46607369	0.09065056	0.21970797	0.16368005	0.15323477	0.23299688	0.04546271	0.21372139	0.15410878	0.06363633	-0.01283210
17Networks_RH_SomMotA_8	0.28575653	0.28466589	0.09172691	0.30475257	0.16546260	0.09892135	0.26028368	0.22640664	0.18125381	0.14435432	0.19022007	0.23862626	0.38875425	0.42296740	0.33532947	0.20811343	0.29685546	0.20022444	0.18877801	0.35373787	0.13329343	0.20187373	0.23755503	0.26659540	0.43205548	0.22032366	0.20751826	0.41574023	0.42397285	0.26095507	0.40177120	0.29251133	0.47381039	0.41128455	0.48889029	0.40681063	0.36539190	0.19661106	0.44324704	0.37495614	0.38488705	0.39645944	0.34957004	0.06758241	0.07274164	0.06207907	0.01306257	0.11865157	-0.08035833	0.09005975	0.18998049	0.27665114	0.16933554	-0.15721530	0.02979774	-0.20318152	0.05975246	0.25337862	0.11158632	0.29583071	0.40140185	0.24989454	0.18631238	0.13762175	0.28172068	0.15094763	0.30245608	0.29571833	0.30646540	0.31095773	0.37013928	0.43550951	-0.11976277	0.02601119	-0.02235294	0.27263038	0.43411739	0.46652948	0.19438981	0.31217161	0.25534854	0.24629243	0.29971843	0.23856963	0.21411133	0.05689513	-0.00535750	-0.08152918	-0.00928976	-0.00779116	0.05352708	0.21919264	0.20497307	0.00464086	0.29004267	0.19366898	0.22487503	0.36787586	0.20421849	0.43744525	-0.09859108	0.17505084	-0.01219682	-0.01841057	0.07322983	0.17091385	0.08945831	0.18493415	0.05321351	0.33205178	0.06355395	0.12280822	-0.05061590	0.11330453	0.15323092	-0.08003302	-0.08284369	0.06086064	0.00572468	0.03037094	0.15753648	0.32224840	-0.02454804	0.27355471	0.15217893	0.11231440	0.19083044	0.01373615	-0.07874955	-0.01481767	0.05612686	-0.10454101	0.23380851	0.15090236	0.13624338	0.15057409	0.07792137	0.12743845	0.16074270	0.07413421	0.05798306	0.08947375	0.14309327	-0.02230138	0.12363651	0.17053802	0.07359716	0.07239941	0.10693525	0.12346928	-0.02093156	0.04908176	0.03174493	0.11378083	0.10596004	0.04935636	0.04551707	0.28424395	0.13858168	0.04048191	0.12687610	0.14591145	0.12664940	0.02306128	0.09649506	0.02137030	0.13876537	0.05820970	0.02411707	0.03831579	0.02176993	0.10163384	0.22132471	0.13400239	0.14858475	0.10831437	0.06405356	0.20896108	0.10483334	0.26528502	0.12855565	0.18360935	0.34257903	0.01628869	0.07590155	0.15503560	0.20568193	0.05867369	0.22374864	0.15859223	0.05775016	0.10430060	0.08293574	0.13422761	0.17813162	0.12324658	-0.00578792	-0.05634159	0.12500434	-0.04408666	0.27868462	0.13449452	0.23025983	0.20158746	0.03619821	0.05488524	0.19386551	0.15805725	0.06574995	0.22735556	0.07989421	0.17458762	0.28311030	0.10126100	0.33894038	0.34164925	0.25261737	0.28810635	0.29632899	0.28110269	0.14094028	0.20236937	0.15066695	0.18542964	0.11778680	0.28932884	0.50394337	0.30173240	0.41066584	0.45780703	0.98193006	0.50533592	0.46010758	0.39150878	0.47213430	0.19243719	0.31785351	0.35484160	0.28782428	0.31889701	0.33904764	0.41622378	0.17283675	0.22120319	0.25403109	0.24298933	-0.00475357	0.23906296	0.04652775	0.09236625	0.21774690	0.10447411	0.23430857	0.21027727	0.26036347	0.12345351	0.18171849	0.26799484	0.33827659	0.31582594	0.17881292	0.33494146	0.18757630	0.14578708	0.17798461	0.23832750	0.29471279	0.26203530	0.29849760	0.39728638	0.38294527	0.32663153	0.14147788	-0.05531661	0.03454479	0.31919016	0.21586757	0.40352069	0.27659532	0.34431253	0.11676603	0.29255529	0.38573363	0.33107602	0.05577152	0.08472032	-0.02627932	0.12786715	0.18192108	-0.00809067	0.13045012	-0.00903855	0.15650512	0.10752916	-0.04610649	0.27161443	0.21510366	0.20002488	0.15302232	0.18811149	0.35288693	0.40414734	0.26778055	-0.10756859	0.09113149	0.03950933	0.00101728	0.17199448	0.20469993	0.03002835	0.04898193	0.28508621	0.13408686	0.29034997	0.05876227	0.14988890	0.20156216	-0.06904609	0.12558720	0.09497720	0.19783094	0.17517422	0.00131319	0.16712949	0.27472268	0.03468093	0.15613627	0.29427584	0.20183529	0.21507907	0.08022718	0.20145255	-0.03273899	0.16623535	0.20182547	0.21752762	0.22156110	0.13868115	0.01325158	-0.06343200	-0.02525976	0.10282146	0.06730106	0.14554219	0.26711644	0.12368677	0.28948774	0.16580911	0.17221730	0.03452766	0.02154468	0.05603173	0.19164190	0.01551570	0.15455203	0.18313090	0.19259910	0.13815034	0.15265605	0.16204100	0.21859055	0.26129639	0.20781578	0.16851741	0.02366236	0.19460048	0.09821160	0.15943887	0.09412845	0.09710078	0.15580509	0.20087415	0.09534494	0.27170883	0.02103372	0.29631424	0.25767175	0.10728150	0.21030335	0.36140575	0.19203238	0.31147587	0.20801064	0.09900814	0.04784337	-0.00336562	0.16432969	0.11510801	0.26387053	0.20863444	0.18360666	0.16455375	0.08205521	0.15870980	0.10691324	-0.00256767	-0.01487440	-0.00017724	0.17972815	-0.06507584	-0.04913793	0.13779277	0.08077723	0.03727824	0.24862786	-0.06060467	0.25900881	0.23192497	0.04522058	0.11586048	0.09277606	0.13479893	0.15876290	0.17077010	0.22764790	0.14916509	0.06069368	0.09465051	0.06912661	0.13597788	0.20264419	0.07020698	0.23971501	0.22557595	0.19905103	0.01952538	0.13628156	0.21341188	0.17606727	0.16556491	0.17251263	0.19269826	0.38696404	0.19622569	0.32850832	0.12317157	0.12514606	0.33241180	0.27286272	0.24037916	0.28752292	0.25560053	0.30679157	0.30259356	0.32867967	0.33218670	0.21079143	0.27269269	0.35809908	0.42207467	0.46980808	0.17201778	0.34077261	0.49205722	0.18216138	0.22757484	0.27791177	0.22604650	0.43027004	0.22711192	0.35542650	0.24451003	0.22824600	0.17437808
17Networks_RH_SomMotA_9	0.24416735	0.31436489	0.07386916	0.30290206	0.20934252	0.00945820	0.16790375	0.28522981	0.11325534	0.16727169	0.15977020	0.26143899	0.45406184	0.51518655	0.33548069	0.22557115	0.33082376	0.15839827	0.14173143	0.28654403	0.12256576	0.19333933	0.25164624	0.36004922	0.47191011	0.27269637	0.26817390	0.47585476	0.41732771	0.35077011	0.51007294	0.32992101	0.46082898	0.45270474	0.42681502	0.33472533	0.29564448	0.23972728	0.48179674	0.42539171	0.38098150	0.45286481	0.40215239	0.13851732	0.11522269	0.10109717	0.02858146	0.27445412	-0.16088133	0.12222971	0.26208778	0.20140858	0.23577489	-0.07774056	0.16064341	-0.09487927	0.14369316	0.34170222	0.24143245	0.24424570	0.34271188	0.18127914	0.23509568	0.14029656	0.27162353	0.14053311	0.40108187	0.37329197	0.36678017	0.37447827	0.35591170	0.49784574	-0.10172107	0.09686079	-0.04224544	0.36564431	0.53239324	0.60196893	0.19335842	0.35929529	0.28283416	0.27120626	0.29015115	0.33803114	0.24636573	0.18887642	-0.04341754	-0.11915484	-0.02829353	-0.09469790	0.02923613	0.11763864	0.28655241	0.11391646	0.36260804	0.23530903	0.23619003	0.46938561	0.18561681	0.39514447	-0.03641340	0.20703728	-0.01501051	-0.06689343	-0.01821641	0.17116675	-0.00098629	0.14242297	0.01083350	0.20939009	-0.00532080	0.00966068	-0.11196286	-0.01087069	-0.00036835	-0.13205558	-0.16564446	-0.09179429	-0.05463354	0.03436704	0.20276724	0.30189163	-0.07302703	0.23226981	0.23357388	0.09400675	0.16837022	0.02263617	-0.02764888	0.07692204	0.05642708	0.00486158	0.13036513	0.14518061	0.13567724	0.08163493	0.11032641	0.21862128	0.11728672	0.08283197	-0.01297319	0.06863245	0.08286729	-0.08381649	0.11615645	0.14249700	0.03238550	-0.00889358	0.04237545	0.06278160	-0.05344304	-0.02793886	0.02989318	0.04609624	0.06977451	-0.03423199	-0.05063177	0.22291482	0.06741824	-0.02355544	0.07280827	0.04713778	0.09337730	-0.01123556	0.04469950	-0.06754546	0.08067674	-0.00881444	-0.08916496	0.04727146	-0.04533758	0.08559848	0.17954722	0.07721374	0.12889658	0.14758194	0.04498932	0.16950487	0.03950763	0.26686653	0.10697118	0.16936015	0.25177961	-0.03190299	0.06748906	0.15226945	0.17890915	0.00865568	0.13295145	0.08529625	-0.00707380	0.12801827	-0.00096652	0.05778453	0.12419882	-0.00494517	-0.02245755	-0.13113744	0.05880473	-0.09256697	0.31741994	0.07798553	0.25120963	0.14100829	-0.03234200	0.10322698	0.13431474	0.18360561	0.02906595	0.30105912	-0.01182747	0.18696750	0.32487083	0.03178226	0.33210138	0.37631970	0.23827941	0.21483361	0.28308572	0.26252741	0.10961323	0.20428156	0.21514789	0.22294793	0.27023028	0.43247726	0.56793605	0.40361426	0.49235372	0.52574117	0.50533592	0.95615545	0.53895129	0.51981485	0.58148680	0.27323014	0.38555666	0.36895180	0.28167683	0.38757048	0.38044530	0.56006701	0.28796284	0.29726107	0.29401383	0.26000583	0.03066283	0.29440214	0.16264194	0.23372496	0.41952763	0.16687745	0.34760595	0.32882404	0.33492111	0.05605312	0.30733668	0.38194054	0.40815340	0.28639580	0.17912699	0.42678138	0.12457239	0.19872554	0.29434971	0.23653421	0.33179600	0.40349166	0.44681666	0.41273438	0.50789168	0.42315444	0.18950387	0.04582909	0.07013541	0.40003435	0.33432377	0.47700920	0.36971405	0.39653841	0.11086251	0.45569526	0.35008460	0.32839337	0.13648644	0.18760166	0.03546914	0.01855414	0.12579680	0.05178298	0.09801034	0.00661015	0.13815494	0.20099116	-0.10001435	0.41906911	0.28914280	0.35328942	0.13470903	0.32542942	0.45051467	0.39318446	0.18606311	-0.20789177	-0.04079091	-0.01716589	-0.02937268	0.23035531	0.06877905	-0.01118738	-0.01962205	0.19822092	-0.00357144	0.27156038	-0.04816945	0.04951043	0.16864862	-0.13494006	0.03797355	0.00116636	0.17518992	0.13781510	-0.06425818	0.01278522	0.32980648	-0.01429509	0.01228052	0.35450603	0.09024668	0.11636094	-0.01550857	0.15138464	-0.08828154	0.09343890	0.17308442	0.08320309	0.15693365	-0.05613658	-0.10184913	-0.10633360	-0.07967809	0.07671505	-0.00873679	0.03868532	0.17975095	0.13870011	0.13701765	0.05787953	0.08247816	-0.08491864	-0.12767389	-0.07293417	0.13041525	-0.05021156	0.14017839	0.05263845	0.08495405	0.10638822	0.03967147	-0.01071364	0.22883768	0.23256646	0.15604071	0.09487841	-0.10506217	0.10661493	0.07981241	0.09014039	0.06466096	-0.00169273	0.14814520	0.15040070	0.11764701	0.09909688	-0.11145512	0.16883699	0.23637300	0.04318184	0.09454105	0.22085110	0.11610124	0.19061012	0.11394435	-0.00261133	0.01133016	-0.07192889	0.08391813	0.06249926	0.12704438	0.18561097	0.03466885	0.08044352	0.07026130	0.15862465	0.02902120	-0.13657254	-0.14476462	-0.02812879	0.09239456	-0.13045194	-0.07489288	-0.01521435	0.00322016	0.03584471	0.22777834	-0.04696294	0.21478786	0.27471806	0.02073855	0.05712327	0.14010357	0.06932140	0.13289724	0.17392789	0.16632302	0.18887904	0.04616249	-0.00534756	0.00847325	0.08262568	0.14029386	0.07549764	0.09345464	0.23565438	0.11383219	0.00365439	0.12966965	0.24822372	0.10630822	0.24333304	0.12834207	0.23730216	0.41519983	0.27728022	0.48237759	0.16562855	0.07622765	0.40592009	0.38575300	0.26426684	0.25310296	0.29341902	0.31187075	0.32620269	0.28234069	0.25947065	0.09909809	0.22293714	0.38554233	0.46115108	0.53775588	0.24190010	0.36124688	0.54681738	0.29318663	0.28067931	0.30080585	0.23341001	0.41539088	0.15199269	0.31851400	0.14802116	0.11070190	0.07448735
17Networks_RH_SomMotA_10	0.13052827	0.16717907	0.07639997	0.16844519	0.04695182	0.08613484	0.10553845	0.25210511	0.13725451	0.12278269	0.16393885	0.27429216	0.34797092	0.36735817	0.18474257	0.08268658	0.18936274	0.06085214	-0.04535133	0.18753991	-0.05510555	0.04372310	0.09458578	0.15263605	0.37924274	0.13146091	0.21524895	0.44364835	0.40160257	0.30104015	0.51952388	0.42465314	0.51441838	0.54325747	0.47087422	0.30865300	0.33812011	0.17633345	0.40879772	0.41957576	0.37807217	0.27333666	0.37549390	0.10457864	-0.01566257	-0.00879692	-0.03692400	0.19784304	-0.11558328	0.08974291	0.24642089	0.25825272	0.21237517	-0.18537222	0.14064865	-0.10140889	0.13387838	0.40493424	0.20834516	0.15231414	0.30167208	0.07124769	0.10982646	0.21660500	0.23262379	0.17065989	0.31596036	0.26615877	0.30306779	0.38800224	0.21922377	0.38405582	-0.13640226	0.10728789	0.01974491	0.42403157	0.60333090	0.48358215	0.05734414	0.13414351	0.13590368	0.19533523	0.24573103	0.14803587	0.24779606	0.05883688	-0.04788457	-0.13899632	-0.03914720	-0.13969121	0.10281772	0.09857213	0.18136903	0.03905965	0.40744364	0.13999563	0.06621959	0.38947866	0.17188574	0.35404847	-0.05652537	0.18839834	0.00654237	-0.03657839	0.07115427	0.22643403	0.01881176	0.13477257	0.09248332	0.20309475	0.05236275	0.10580807	-0.05088954	0.10333699	0.11445850	-0.02957162	-0.12991057	0.00640782	0.02159196	0.10170349	0.10258266	0.27114180	-0.07934502	0.16079080	0.30784291	0.01127361	0.11053275	-0.01448342	-0.05061727	0.10515844	0.00256533	-0.03789617	0.18475028	0.07698827	-0.02883967	0.08295095	0.05206377	0.19606950	0.13238225	0.07128456	0.05478112	0.07814485	0.12151892	-0.11146701	0.03891090	0.08345818	0.08716731	0.03677642	0.06757174	0.00085347	-0.06709604	0.01767352	0.00203846	0.10801132	0.07667426	0.02967336	0.04171444	0.15509802	0.07485525	0.01588262	0.08957835	0.06670531	0.11490483	0.04769805	0.07686714	0.00757644	0.13106533	0.10680067	-0.02650777	0.09565892	-0.01655049	0.13582694	0.27741754	0.11612637	0.15892148	0.11357238	0.04426165	0.11834675	0.04029712	0.20441948	0.11342258	0.09489331	0.27062442	0.00440530	0.14482806	0.20987420	0.14677072	-0.04392653	0.09180532	0.05997272	-0.02600091	0.03287933	-0.02899264	0.04412373	0.14327590	0.00563269	-0.05572229	-0.12573773	0.02171021	-0.06477737	0.29225165	0.00014449	0.11195363	0.12580254	-0.05011889	0.07613309	0.14376556	0.15729008	0.11362125	0.29904636	0.02317609	0.15090437	0.22842812	0.05308069	0.16489221	0.23874522	0.09758136	0.01558186	0.19683844	0.14900424	-0.07537519	0.11669699	0.05431074	0.17432937	0.16501498	0.29091749	0.61491945	0.33966586	0.57806797	0.58188472	0.46010758	0.53895129	0.86751513	0.56379673	0.47978444	0.11236430	0.22045635	0.22068037	0.14237047	0.36777554	0.26666414	0.45541518	0.20574322	0.14606151	0.10167724	0.17285486	-0.08051595	0.14044882	0.03937803	0.19435413	0.22557448	0.06616302	0.33028195	0.17489037	0.23768477	0.03939258	0.33608116	0.32934322	0.23812312	0.18306668	0.05679131	0.38481396	0.16201983	0.12288072	0.15732660	0.16454435	0.16384891	0.28926744	0.27897584	0.28634972	0.34051156	0.27488245	0.10669285	0.00007143	0.03888838	0.33094034	0.27236282	0.46341874	0.19000656	0.17005185	0.01907341	0.26166281	0.28750908	0.30419995	0.08909285	0.02113032	-0.03285965	0.00251605	0.11850675	0.01851280	0.02968430	-0.04361642	0.08217493	0.11131496	-0.06951263	0.22174111	0.15915909	0.22283060	0.06941877	0.19282959	0.38095909	0.34714682	0.15734783	-0.14023426	-0.01083441	-0.01563877	0.05014309	0.19830088	0.11201207	-0.00180614	0.01089779	0.20136409	0.05894734	0.18975100	0.02661829	0.05597227	0.21408678	-0.01308709	0.04550928	0.08062769	0.14873874	0.14670548	-0.03245318	0.04050066	0.15131122	0.04506083	-0.04698732	0.36086348	0.14309303	0.10048075	-0.00976879	0.11931460	-0.07198011	0.14261000	0.05706655	0.17040838	0.15674974	-0.06028041	-0.05128021	-0.08835720	-0.15383303	0.08416794	0.04551017	0.04346026	0.19292045	0.11655559	0.15460656	0.07034854	0.08559890	-0.01657832	-0.07834607	-0.11213911	0.15960582	0.00310571	0.07625605	0.13922773	0.08852085	0.18248682	0.07585452	0.03061031	0.23483121	0.21308563	0.17608118	0.10433647	-0.03479607	0.11029816	0.06259102	0.14182018	0.10447750	0.05859062	0.16500514	0.14473305	0.07392805	0.10999644	0.06763032	0.21855972	0.23789252	0.12336186	0.18742347	0.19392272	0.14331074	0.15121833	0.19288101	0.09106661	0.02818278	-0.06072664	0.06153041	0.04021500	0.00997898	0.03199474	0.07698767	0.20825099	0.10695020	0.17496829	0.12267006	-0.04820841	-0.08172563	-0.01362438	0.11627167	-0.05578737	-0.00179884	0.05223830	0.08842161	0.07977520	0.15598420	0.05223157	0.24391431	0.33122079	0.13910687	0.16832638	0.16583084	0.11483113	0.25349716	0.20188508	0.23643893	0.24928750	0.08507871	-0.02024210	0.00624494	0.10487822	0.18616525	0.12260404	0.17086088	0.17367843	0.25706627	0.19076843	0.05185519	0.23571691	0.20874052	0.22910247	0.17991181	0.21877787	0.34650887	0.22486484	0.44557816	0.17425457	0.08912834	0.31844774	0.26130224	0.24719928	0.19094506	0.22513923	0.23274206	0.24286454	0.18769829	0.25022610	0.18234565	0.18489271	0.30849915	0.40655869	0.48369505	0.06376245	0.29110923	0.50964915	0.13055778	0.22134827	0.12780072	0.16236740	0.27187679	0.08106128	0.22630064	0.20046704	0.13349636	0.07784961
17Networks_RH_SomMotA_11	0.02117628	0.06083204	0.09946030	0.14287196	0.02827898	0.06315355	0.03238640	0.22336961	0.17208783	0.06584105	0.06389432	0.15387868	0.17844309	0.24758564	0.10138870	-0.01740362	0.08923343	-0.04434160	-0.12513720	0.07911178	-0.17068578	-0.05351210	-0.03928395	0.05671525	0.52535802	0.07188141	0.12692709	0.38002390	0.38235917	0.24302339	0.57988376	0.53066350	0.48986223	0.59138174	0.45163176	0.29676905	0.33732751	0.09722920	0.34466814	0.40398484	0.31352975	0.22115282	0.28534919	0.12964679	0.03977629	-0.00499178	0.05462071	0.16178454	-0.09693253	0.17048266	0.32317044	0.22279417	0.21286742	-0.15762825	0.08935259	-0.11618588	0.15635097	0.40026680	0.19981003	0.08910047	0.19812588	-0.04252818	0.09502342	0.26040275	0.15757344	0.14719656	0.24491935	0.24555424	0.30764081	0.45439529	0.23626789	0.37286446	-0.05575033	0.11139174	0.06572243	0.51487959	0.57350041	0.47397563	0.03855425	0.10689216	-0.00074696	0.21396942	0.32583406	0.17194180	0.34956277	0.06557570	-0.07920736	-0.11650207	0.00240104	-0.10737451	0.15207668	0.11467756	0.21071569	0.04565308	0.45018992	0.16230143	-0.01926057	0.46233358	0.27034668	0.22858936	0.00622481	0.18987243	0.02221977	0.00130256	-0.03422514	0.26601624	0.00685595	0.16272547	0.10464310	0.20103032	0.04042306	0.09586631	-0.05781344	0.05321722	0.03712593	-0.05145374	-0.13786515	-0.00145764	0.06532818	0.09944152	0.15302935	0.23082894	-0.05496682	0.18452687	0.35605604	0.04231822	0.15145299	0.05865071	0.05546104	0.17009379	0.01662555	-0.00531737	0.24696789	0.13192110	0.04808045	0.16485248	0.08888507	0.20117605	0.01902757	0.12722251	0.04055335	0.04472686	0.13295947	0.00509639	0.08420774	0.08580032	0.08692749	0.11960249	0.04056537	0.04627804	-0.10847648	0.04294831	-0.00508356	-0.00148168	0.03396160	-0.01057679	0.05598821	0.26636681	0.03307074	-0.01750403	0.07155321	-0.00160977	0.08288244	0.05859923	0.10216130	0.00917738	0.15574390	0.05962114	-0.00776430	0.08396027	-0.09578912	0.10028319	0.22223574	0.10777085	0.11070127	0.04990841	0.02981913	0.15816658	0.02671929	0.19374681	0.11292516	0.10233517	0.24745648	-0.05206755	0.10261830	0.13706254	0.05930056	0.02964061	-0.03187354	-0.06088921	-0.10350124	0.00289959	-0.10388459	0.08326115	0.12044420	0.02876770	-0.10422294	-0.10441947	0.00097354	-0.05796689	0.20784943	-0.05736974	-0.03823434	0.02390846	-0.06460456	0.07929840	0.03718385	0.11871560	0.10532189	0.23148464	-0.10387880	-0.00316248	0.09314286	0.01676428	0.05964838	0.16134642	-0.01594585	-0.08149409	0.07732041	0.05615042	-0.19372010	0.06456037	-0.05722627	0.13819780	0.08980097	0.27925100	0.54812595	0.48538114	0.55215600	0.57535582	0.39150878	0.51981485	0.56379673	0.96268206	0.46724220	0.00813731	0.18158797	0.13370164	-0.00463295	0.21115083	0.25023900	0.41684291	0.24818485	0.18687120	0.14011400	0.20663329	-0.00978238	0.15362256	0.08055422	0.19571140	0.28992392	0.14177543	0.23374465	0.19247364	0.25761750	0.07706004	0.39488404	0.33583935	0.24013397	0.12035825	0.06539450	0.35574590	0.18552746	0.03849605	0.07618684	0.10007857	0.12512444	0.19755095	0.25603639	0.26975552	0.27024568	0.26690916	0.07018835	0.02128174	0.05192336	0.29689674	0.31306474	0.51123667	0.14200190	0.09734959	-0.05428874	0.29453765	0.33442092	0.35804343	0.11214375	0.01422784	0.02208274	0.05465925	0.05963421	0.09155010	-0.00181893	0.03455407	0.03373148	0.11996964	0.03000166	0.24172564	0.08313841	0.22905186	0.18680976	0.19036992	0.38404980	0.36922038	0.19406542	-0.05692626	0.00948060	0.02832669	0.07487827	0.15781638	0.14184109	0.08015828	0.03881521	0.19531579	0.07829354	0.10360229	0.04460311	0.03390604	0.13607859	-0.04104925	0.02102875	0.02884552	0.16972924	0.02244648	-0.04849790	-0.06205077	0.10994924	-0.00890034	-0.03549922	0.35416872	0.13280957	0.21823562	0.13173239	0.14236168	-0.05893465	0.15560989	0.17760770	0.15754072	0.26950991	0.00414568	0.01684594	-0.02826786	-0.23327962	0.10006027	0.10047412	0.13400188	0.21568416	0.12099651	0.12449925	0.10198319	0.06372323	0.10700266	-0.08657971	-0.06335068	0.16234130	0.00179835	0.08051118	0.08065478	0.09897001	0.16380008	0.15156058	0.08285055	0.20343545	0.17806852	0.10072322	0.10095910	0.01829517	0.17538309	0.06212833	0.13284161	0.11432246	0.04240979	0.15554658	0.16635776	0.03042522	0.13719330	0.08468050	0.22132750	0.23917868	0.14591373	0.22007294	0.23435426	0.18507348	0.11926598	0.23591577	0.19182717	0.12720891	0.02428317	-0.08278159	-0.02203769	0.02560632	0.01359674	0.01331295	0.16714053	0.10161774	0.16599378	0.15277885	0.06668138	-0.02222823	0.12910196	0.17642741	0.00941030	-0.10110579	-0.06289337	0.04089898	0.01972285	0.13950305	0.13449396	0.24586008	0.41776395	0.06842975	0.09829044	0.14758900	0.14311116	0.32156783	0.18513089	0.23042008	0.23923388	0.04181965	-0.04712445	-0.00909971	0.18019801	0.09599843	0.20898341	0.23307855	0.28950296	0.16814344	0.21741717	-0.07193426	0.21667847	0.29474196	0.18340936	0.16917387	0.21320650	0.25759353	0.19730501	0.36717710	0.17785924	0.09962333	0.22144056	0.22444850	0.17806027	0.15258631	0.22704974	0.12388009	0.14941288	0.16688268	0.16682818	0.15288139	0.06279173	0.19860385	0.34460401	0.42165201	0.03856014	0.26810247	0.41615456	0.14415039	0.20448514	0.06518701	0.16665477	0.19322289	0.01886122	0.12024915	0.16028624	0.02746623	-0.00036058
17Networks_RH_SomMotA_12	0.26390143	0.36112556	0.18788988	0.34536806	0.13172029	-0.03834144	0.19042799	0.30629446	0.05259864	0.19974741	0.25552274	0.29079707	0.39434859	0.56736918	0.38394306	0.20874074	0.31211626	0.19194130	0.23242937	0.32616537	0.20443492	0.09786217	0.26131802	0.29776563	0.46616524	0.19983439	0.16456917	0.51802901	0.36569998	0.40587963	0.42156806	0.39115072	0.63449576	0.48820365	0.43822355	0.60989455	0.48291256	0.22614270	0.46757213	0.53194132	0.39735974	0.30257474	0.58451796	0.09813814	0.04750099	0.01872254	-0.00274241	0.06754672	-0.20728288	0.00361137	0.35987181	0.24692531	0.32862263	0.07346982	0.11215813	-0.10402795	0.09916928	0.26089645	0.11114581	0.18914108	0.31282161	0.19603859	0.16531521	0.23982938	0.29172437	0.14343748	0.57915877	0.49715500	0.51097247	0.52973811	0.64272172	0.69232096	0.05165548	0.18431874	0.14083780	0.53498696	0.66622772	0.63768112	0.37291995	0.45618190	0.27231510	0.30704218	0.45478252	0.45757174	0.29482700	0.19201978	-0.02653313	0.04261277	0.02049723	-0.12972788	-0.06138349	0.04672595	0.31032398	0.03218359	0.39628976	0.45841535	0.24452623	0.55993655	0.14584647	0.45944466	0.03550109	0.32576212	0.19275307	-0.17415897	-0.20915589	0.17208189	0.02173693	0.01458720	0.07609114	0.16471089	-0.02369272	0.03116999	-0.18228292	0.04792019	0.10551618	-0.18504881	-0.06685748	-0.00851760	-0.01949760	0.09369678	0.40116805	0.31652132	0.07310969	0.37225594	0.36078182	0.28520557	0.19866386	-0.01018929	0.05289786	0.11945149	-0.07542537	-0.07325991	0.14409239	0.05510955	0.22346591	0.15429130	0.14313024	0.39853021	0.01620045	-0.02336672	-0.07764928	0.03416519	0.00405209	-0.09489869	0.11607713	0.26115424	0.01635680	-0.09397688	-0.14805054	0.09748976	-0.07561502	-0.05119722	-0.18255397	-0.01689427	-0.03961907	-0.08715360	-0.10578489	0.20661087	-0.00343742	-0.04694959	0.03355159	-0.01320236	0.12282328	-0.07186928	0.01655309	-0.19782890	0.02540770	-0.05472348	-0.14750594	-0.03573760	-0.03729548	-0.10221883	0.10559946	-0.01077562	0.08542092	0.06331206	0.05222927	0.13635808	-0.04251737	0.25116181	0.02606153	0.11210450	0.06099651	-0.14594293	-0.08344312	0.00245079	-0.00700710	0.21423530	0.23648178	0.02428127	-0.01234433	0.12117634	-0.01854815	0.07388704	0.09852384	-0.04744815	-0.10855798	-0.12413841	0.07365983	-0.15597279	0.34793044	0.15417577	0.27532959	0.14751750	0.06469222	0.14359048	0.09337673	0.13711127	0.00669603	0.30889817	0.04609661	0.22933204	0.27149172	0.06388244	0.41287251	0.30417771	0.17173382	0.26216972	0.22111579	0.26628756	0.20712779	0.24585419	0.19006605	0.34465601	0.18336451	0.37202597	0.56770083	0.45977458	0.45449420	0.57258453	0.47213430	0.58148680	0.47978444	0.46724220	1.04703705	0.20921084	0.29916823	0.17011346	0.12185023	0.50823717	0.38222532	0.62501949	0.15935984	0.39843070	0.31297401	0.18951385	-0.02302278	0.14947968	0.24597497	0.10733238	0.37855041	0.17578908	0.31886111	0.35471304	0.32578258	0.17340142	0.39039614	0.46856213	0.39091708	0.35884806	0.33088474	0.45751693	0.06889624	0.23866406	0.40593146	0.25299161	0.43401634	0.51399936	0.66462453	0.57346634	0.69305528	0.66582464	0.38889132	0.06452855	0.30132805	0.65528787	0.49058428	0.57971453	0.54519296	0.42664535	0.05928349	0.55483974	0.67528761	0.60994102	0.22623595	0.28600802	0.24000225	0.07434619	0.09247821	0.06196860	0.09435019	-0.04183123	0.06822569	0.24210759	-0.03576949	0.40958548	0.23404690	0.45827731	0.26595923	0.48145700	0.51765909	0.47034993	0.07985956	-0.04661970	0.07732478	0.14678898	-0.03062193	0.37493672	-0.12146306	-0.09098954	-0.15791586	0.16083365	0.09648866	0.18366861	-0.09026146	0.08093779	0.15741197	-0.09096036	0.11034153	0.06416426	0.22085940	0.09981180	0.02958562	0.15422906	0.38370010	0.16140937	0.13229807	0.55818787	0.04467841	0.03989758	-0.12244760	0.08380632	-0.08388959	-0.08042363	0.15474269	0.14397634	0.25744690	0.01166793	-0.04985243	0.09357463	-0.00260582	0.24903324	-0.00388515	-0.06512120	0.09180697	-0.01445230	0.22321246	0.20366998	0.01008626	-0.07652659	-0.08354762	-0.06734513	0.04573429	-0.04445311	0.33120184	-0.02503735	0.03799524	0.00671927	-0.06624085	-0.01903408	0.09073331	0.08638182	0.05906538	-0.00335286	-0.16647302	0.09651710	-0.10273229	0.04468666	0.01762233	-0.08609336	0.07241223	0.17952968	-0.03639655	0.09846023	-0.18681632	0.16581479	0.19418519	-0.00620082	0.05173279	0.09243896	0.11528802	0.02484156	-0.08797293	-0.08710723	-0.03344415	0.06149686	0.15545753	0.04495745	0.14165778	0.21035196	0.08841220	-0.00246514	0.03642085	0.17650171	-0.18443720	-0.11949269	-0.26585061	-0.12970051	-0.01752041	-0.11306327	-0.03749305	-0.02502223	0.02273042	0.01331701	0.21022273	-0.10906988	0.07708595	0.18703167	-0.01158036	-0.01809663	-0.00638910	-0.03425165	0.13656733	0.08706058	0.18649928	0.15519259	0.07798654	0.01507515	-0.02119428	0.05466510	0.15334918	0.00650750	0.03563284	0.13622980	-0.01545769	0.03936660	0.07104178	0.21538176	0.05242940	0.19853261	0.20292648	0.19857678	0.37494803	0.26397502	0.38611796	0.07943417	0.20941157	0.40581425	0.39369094	0.24664823	0.28515889	0.27642656	0.32855348	0.29026525	0.25657253	0.21450060	0.07588456	0.14903958	0.42817765	0.47813190	0.44930626	0.14518614	0.40717578	0.48088075	0.28568831	0.23845070	0.26862891	0.15464231	0.31902359	0.09002079	0.27364802	0.13363228	0.12098473	0.07376338
17Networks_RH_SomMotA_13	0.32416539	0.41429758	0.22482021	0.43578321	0.15500937	-0.16800955	0.24833497	0.08787269	0.08247377	0.09262730	0.25358263	0.21940570	0.26112600	0.36385332	0.42403454	0.19675200	0.17144802	0.32656031	0.17452229	0.13621528	0.27216273	0.16199526	0.31856631	0.18022933	0.08027629	0.17603780	0.15928038	0.18793815	0.14572745	0.20701596	0.07046143	-0.06500163	0.10501540	0.10990927	0.17343916	0.19022590	-0.05725624	0.55462550	0.53150784	0.21364636	0.22024603	0.43756496	0.30209109	0.09388667	0.06720646	0.01240200	-0.10355881	-0.03276416	-0.01286535	0.00178973	-0.00863427	0.09914026	-0.00257912	0.11237351	0.01382228	-0.04979916	0.01974155	0.01667167	0.09622396	0.29043186	0.23214639	0.29580891	0.15973206	-0.09673479	0.19049584	-0.02746400	0.14579986	0.12127579	0.06801576	-0.05684592	0.12696705	0.22461881	-0.04486011	0.02414952	-0.03020599	-0.07610217	0.04682634	0.19943276	0.43197786	0.36176428	0.63624954	0.17861147	0.05334078	0.15636008	0.04423989	0.13990432	0.17946050	-0.03155152	-0.09114997	-0.21069366	-0.07168674	0.00905006	0.19053075	0.24865041	-0.10327243	0.07456301	0.34255901	0.15001939	0.15854492	0.39227373	-0.10770461	0.05503494	-0.05173474	-0.10655724	0.10390760	-0.02247789	0.01157405	0.09675504	-0.06833461	0.17642269	-0.04943437	-0.04406935	0.05506697	-0.14079661	-0.10400277	-0.18422055	-0.09698319	-0.09450829	-0.14369742	-0.11269068	0.00541896	0.16188147	0.01352819	0.14333228	-0.01693991	0.05290466	0.27995713	0.19166064	-0.00251784	0.06977472	0.26275300	0.07592550	-0.09633937	0.22000662	0.25186465	0.20149889	0.20404182	0.01238849	0.32745116	0.18028012	0.10539338	0.03651599	0.19420561	-0.16388500	0.09384649	0.15992733	-0.17746668	-0.11524665	0.20631108	0.19990356	0.11345275	0.18698049	0.24261814	0.25273800	0.23404637	0.01800937	0.01747265	0.06162321	0.25173150	0.08683896	0.21332056	0.08900052	0.20241905	0.09269905	0.11565221	0.02047046	0.05796508	0.06051498	-0.01383502	0.21679956	0.12022907	0.18641030	0.15858954	0.28226609	0.25607039	0.27005487	0.17494556	0.28058069	0.33636711	0.34335695	0.22360285	0.27753132	0.14231116	0.25279974	0.25791447	0.27110104	0.33650412	0.06645609	0.20204476	0.16509757	0.06339002	0.24419079	0.23508884	0.00108284	0.24978535	0.12181807	0.14212551	-0.05785988	0.06693921	0.18554111	0.20325410	0.20524371	0.28863660	0.33520444	0.10332923	0.18409043	0.25209695	-0.06299048	-0.09107331	0.04331077	0.07198938	0.20920316	0.24560398	0.06674459	0.33899339	0.31885125	0.20311260	0.32325825	0.23272812	0.22398359	0.33429122	0.10839241	0.27760879	0.14940934	0.10042885	0.12121211	0.08428763	0.07583231	0.07915139	0.10201327	0.19243719	0.27323014	0.11236430	0.00813731	0.20921084	0.95533140	0.24996331	0.36747677	0.45755427	0.35947957	0.47884775	0.39057845	0.45771916	0.08305191	0.12560031	0.14964079	-0.09526534	0.21464408	0.06285162	-0.01826191	0.17973839	0.01912240	0.17173471	0.14452393	0.06472827	0.03244108	-0.00823506	0.08041382	0.21972604	0.30688555	0.19434486	0.15697540	0.30651811	0.18518316	0.19650072	0.06396898	0.16641803	0.15086443	0.20265960	0.11724367	0.24409273	0.23235903	0.02748242	-0.01410676	-0.00623009	0.04841713	0.09563934	0.07203307	0.39653561	0.45593749	0.55533500	0.27710556	0.08473677	0.17590545	0.08670754	0.11344711	-0.01531999	0.07074053	0.05018961	-0.10426430	0.04119779	-0.12840679	0.06208727	0.18040483	-0.10769814	0.17358145	0.40511147	0.09081662	0.06319689	0.16065637	0.14551632	0.27742001	0.23016848	-0.06271090	0.00126878	-0.03312873	-0.00487373	0.15665060	-0.05135592	-0.11339815	-0.05703251	-0.01490894	0.03169145	0.18569684	-0.08395113	0.02885359	-0.00888063	0.03815633	-0.12539012	-0.09313897	0.05471395	-0.01955461	-0.17282232	0.15953296	0.16656313	-0.06603057	0.07801024	0.00266969	0.23691860	0.17260064	0.15106551	0.13140226	-0.00724434	0.17564771	-0.00584036	0.14732535	0.19651088	0.12351650	0.04537753	-0.09572027	-0.01838205	0.03678024	0.02781631	0.13761210	0.30795969	0.20633327	0.10768546	0.00086442	0.07432334	-0.06934047	-0.16138210	-0.10949844	0.26861061	0.02923765	0.12934495	0.02151631	-0.05409486	0.09776920	0.18557921	0.15142795	0.30197532	0.32073129	0.24936431	0.26865560	-0.14270588	0.02892895	0.10869201	0.24513515	0.22670620	0.03446274	0.26904743	0.21409321	0.03742179	0.20395636	0.08024373	-0.06315930	0.33192820	0.16974887	0.15237327	0.23861344	0.20660613	0.16157067	0.14561356	0.01329795	0.07859029	-0.13732779	0.22118273	0.13439547	0.13833968	0.16152358	0.02763947	0.06169658	0.13851218	0.16241766	0.15528891	-0.13194155	0.03908162	-0.03146370	0.18377860	-0.00371764	-0.04850700	0.02325320	-0.04368014	-0.04081872	0.10604769	-0.09593374	0.04520037	-0.02185114	0.02892880	-0.10913735	-0.02206606	-0.01216467	-0.06904349	0.06263222	-0.01474942	0.18157264	-0.00415002	0.12364870	-0.01858575	0.08408282	0.08212233	-0.01041686	-0.03844578	0.14399837	-0.08025406	-0.22693715	0.02890971	0.01157781	-0.04038422	0.22279472	0.11944340	0.21192440	0.35765571	0.30272668	0.18487013	0.10885219	0.05133115	0.38634698	0.32191969	0.18303289	0.31840000	0.35159955	0.43776335	0.35831561	0.38071052	0.30722259	0.06897010	0.34121575	0.30387533	0.19112782	0.14309860	0.23738042	0.10776141	0.25634556	0.19431136	0.14365951	0.24235602	0.20058906	0.34610526	0.21514108	0.28798926	0.15419503	0.17481847	0.06824664
17Networks_RH_SomMotA_14	0.16705032	0.14555598	0.01620782	0.11793252	0.02315726	-0.05419547	0.07010338	0.01562958	0.06089538	0.01195351	0.06350792	0.09991176	0.33115411	0.30017225	0.17220714	0.25803873	0.20354371	0.10250207	0.19729587	0.25019375	0.17248654	0.24371634	0.18623077	0.26184306	0.35995609	0.25284384	0.11404664	0.25943075	0.33424694	0.34303856	0.35466579	0.09314697	0.10213904	0.13253900	0.21383426	0.14213990	0.09728208	0.29752587	0.33843455	0.15054859	0.28217241	0.51542255	0.21351191	0.11449098	0.02661944	0.10705635	0.00014344	0.18853124	-0.08581275	-0.09315825	0.00961694	0.12045954	0.09272897	-0.06759076	-0.05754338	-0.04141676	-0.04420956	0.09192471	0.11816455	0.19257364	0.25922271	0.10354903	0.10520639	-0.02643451	0.22210308	0.09435237	0.21980213	0.27458321	0.25369715	0.08961055	0.25369772	0.22970406	-0.10569617	0.05549504	-0.00414697	0.02306285	0.16121127	0.33237781	0.14559460	0.35823254	0.26137075	0.11079623	0.28809419	0.18629930	0.06662091	0.12305211	0.16113192	-0.01259885	0.01051968	0.01411303	0.04938114	0.05463852	0.22809367	0.12111276	0.12266126	0.30890782	0.36489024	0.27415746	0.17640527	0.19428405	-0.05154317	0.14759412	0.04736047	0.10953153	0.12495303	0.08365995	-0.06619856	0.17443447	0.00530758	0.29401725	0.06729707	0.03012166	-0.06626577	-0.02885651	0.11066032	-0.04242148	-0.30118621	0.01860419	0.12052754	0.06831589	0.08083461	0.26833713	0.03550708	0.18673269	-0.00615026	0.13180701	0.14247869	0.05244778	-0.05327799	-0.03519402	0.14479803	0.00332268	0.15654518	0.07274170	0.12866179	0.09537803	0.21331197	0.08752131	0.15911363	0.07964135	-0.02833310	0.04932819	0.02285973	0.12544121	0.19429744	0.23080303	0.19555590	0.10080482	0.13155701	0.27836632	0.08156036	0.00386983	0.12961912	0.11599542	0.10252982	0.14152771	0.11652863	0.31211890	0.10143625	0.19864894	0.12821500	0.16946975	0.13566162	0.11589471	0.07423971	0.08854025	0.24255274	0.15026514	-0.00644657	0.15903041	0.14034655	0.09471525	0.14655084	0.16250151	0.13844474	0.10953203	0.04289945	0.09505694	-0.10018041	0.14784054	0.03239005	0.09449722	0.27057799	0.14918306	0.15255186	0.15985499	0.14684496	0.19652520	0.18513142	0.22848716	0.19771793	0.13738679	0.01623620	0.03570901	0.20820391	-0.10454297	0.09231088	-0.09127173	-0.07817797	0.00409743	0.08304112	-0.04684233	0.05772796	-0.01516281	-0.02528045	-0.00876096	-0.01434120	-0.01938378	-0.12353852	0.06035364	-0.01941555	0.00140579	0.17555444	0.04210219	0.26064695	0.27731929	0.17710099	0.29822854	0.22291354	0.16508661	0.18630579	0.15601850	0.16122142	0.14022092	0.12080665	0.25714695	0.22829645	0.17240823	0.17444919	0.19209367	0.31785351	0.38555666	0.22045635	0.18158797	0.29916823	0.24996331	1.02764805	0.58034786	0.40189937	0.17624810	0.27918633	0.30141334	0.15757272	0.24925372	0.27579062	0.23186323	0.02655969	0.25405158	0.03363784	0.06977686	0.26355869	0.05941419	0.20668254	0.23213023	0.18970185	0.07160518	0.07921395	0.19447104	0.26986936	0.26489762	0.06566756	0.15955639	0.17463547	0.11404508	0.12760258	0.20357118	0.37366847	0.25378945	0.34767976	0.37643032	0.33757866	0.27896293	0.14966431	-0.03285118	0.03855623	0.29747514	0.11981903	0.17589121	0.37842232	0.38964749	0.18620967	0.30918368	0.27250060	0.14472861	0.02425076	0.09265510	-0.01396308	0.06784660	0.09688221	0.01498933	0.06143941	-0.07779655	-0.03799839	0.15957704	-0.07987481	0.31943325	0.23042678	0.33613804	0.10352534	0.26450925	0.38813078	0.18873103	0.04544232	-0.07665199	-0.00621617	-0.02085759	-0.00631917	0.16878006	0.10023146	-0.00050153	0.05831023	0.24551387	0.08854669	0.25846520	0.05899130	0.07493972	0.15871607	-0.04958620	0.06271726	0.03224677	0.07233835	0.02110663	0.05749358	0.10509218	0.28885139	0.07836540	0.19283641	0.10394192	0.14725115	0.10049790	0.11765549	0.08728218	-0.05345046	0.14768858	0.27126560	0.05570194	0.15333002	0.14232574	-0.02154827	-0.03969332	0.11539260	0.07366723	-0.07864064	0.05670734	0.10525367	0.23807376	0.15324690	0.04636810	0.07999987	-0.03292902	0.07682988	0.08751820	0.22626901	0.12184212	0.27196050	0.11335691	0.19835978	0.11707768	0.10728435	0.14895272	0.18661566	0.19769776	0.20643688	0.18168365	0.13549610	0.18985861	0.16190869	0.15329585	0.20824720	0.13538054	0.18152759	0.10597106	0.14691252	0.23439390	0.04696159	0.14682716	0.16940609	0.08090460	0.04276066	0.09022867	0.03537180	0.19743791	0.13545560	0.00308959	0.13918084	0.10290736	0.15620854	0.20159768	0.15375111	0.19912231	0.01146918	0.00254722	-0.03286833	0.09276915	0.01469077	0.00402075	0.07829404	-0.03787793	0.24678746	-0.02527776	0.02856574	0.16725380	0.04487756	-0.01958869	0.18143105	0.02700770	0.20398457	0.07437998	0.12918734	0.01313680	0.13694475	-0.09863179	0.01169989	0.07414321	0.00974245	0.05222129	0.04240061	0.04280335	-0.02692420	0.18026840	0.01673733	-0.06901261	0.04950960	0.17174567	0.09660087	0.01228902	0.05686645	0.10720846	-0.03255913	0.13603934	0.04641392	0.12511108	0.27724017	0.18346263	0.28293227	0.01591070	0.09668058	0.25930876	0.29359730	0.17771219	0.19326227	0.19733957	0.26582358	0.21031804	0.22347041	0.11249348	-0.01802362	0.13752696	0.22738825	0.23350038	0.20924031	0.13677958	0.18453306	0.32174438	0.22148674	0.13309998	0.19165400	0.11721705	0.24436509	-0.00670187	0.13679216	-0.05180223	-0.08491266	-0.00982306
17Networks_RH_SomMotA_15	0.15212948	0.16258778	-0.07065854	0.11916043	0.17032766	-0.12136876	0.08562728	0.01630496	0.02769333	0.05619449	0.11562524	0.12463089	0.25958623	0.23559926	0.25518788	0.25974089	0.17878097	0.20465633	0.15167100	0.14303365	0.17738849	0.27937783	0.25061332	0.32312240	0.33062546	0.29109515	0.17451843	0.21909672	0.36332190	0.36494189	0.33055976	-0.09412617	0.03117524	-0.00759075	0.27423352	0.02270158	-0.00405612	0.36099304	0.41036852	0.03118357	0.36084164	0.68739742	0.18875533	0.04371915	0.06424093	0.10099854	-0.07802035	0.25030085	-0.10180421	0.06484184	-0.12937137	-0.05837374	0.04877007	-0.10463304	-0.03448490	-0.12757495	-0.02195060	0.02463645	0.10868594	0.16489571	0.22115229	0.08780619	0.07007788	-0.08241941	0.18714717	-0.03611535	0.08904892	0.11571985	0.05976835	-0.02573161	0.07645490	0.13101575	-0.21205909	-0.04707773	-0.13720802	-0.15166114	0.03419171	0.30088143	0.21619782	0.35463024	0.33227794	0.01808328	0.07162256	0.13402940	0.04024946	0.18270888	0.03509416	-0.11790883	-0.01133009	0.08524528	0.01633443	0.23278677	0.28065249	-0.00130521	0.03466973	0.13798748	0.35720507	0.27563501	0.11107230	0.14581903	-0.10254154	0.01898804	-0.11958180	-0.02367940	0.10435918	0.03536039	0.01399285	0.10673287	-0.05532848	0.25092312	-0.01164588	0.05729151	-0.02822712	-0.06231787	0.03165630	-0.02985585	-0.17862798	0.05526122	0.00329615	-0.08526962	0.00995327	0.18685373	-0.13808111	0.10422585	-0.19409946	-0.01963591	0.08045790	-0.04358609	-0.17212027	-0.12394955	0.15151289	-0.02970819	0.12500899	0.12508422	0.03629613	0.02621068	0.01399630	-0.03986246	0.24915738	0.03326507	0.02697790	0.06808245	0.04676146	0.10323652	0.18895123	0.16028720	0.09613192	0.12063545	0.16572731	0.15200258	0.04873430	0.02703777	0.16581768	0.17172701	0.15732122	0.10301438	0.04112044	0.25719027	0.18354068	0.06509413	0.13794534	0.16309256	0.14058143	0.09321278	0.08508156	0.01988362	0.18423994	0.13228621	0.08205356	0.09574734	0.00212458	0.09103878	0.13935678	0.18465841	0.14305658	0.18648692	0.05725827	0.11831850	0.06715008	0.12214745	0.12155101	0.14811107	0.23081274	0.14678777	0.14625027	0.16816000	0.16784118	0.03141565	0.08026597	0.17712763	0.15828565	0.19033037	0.10767888	0.04966096	0.04702541	-0.09818815	0.00452267	-0.13422092	-0.02629297	-0.03123343	0.10098734	-0.02031494	0.11409794	0.03096068	0.00724431	-0.07606188	0.04860627	-0.07907112	-0.15713177	0.04353850	-0.04113331	0.09550695	0.14284879	0.09730616	0.20667215	0.33489243	0.15097544	0.27090649	0.14843645	0.18547371	0.21097890	0.15279217	0.24124250	0.02100602	0.17221261	0.29123975	0.11111554	0.15142976	0.11611784	0.12363627	0.35484160	0.36895180	0.22068037	0.13370164	0.17011346	0.36747677	0.58034786	1.07192937	0.63672111	0.18514666	0.38975494	0.36074957	0.29476608	0.14900268	0.20915144	0.38475090	0.01736798	0.31792265	0.12179594	0.07583134	0.35431746	0.07885894	0.32231713	0.31646284	0.13629212	0.00410356	0.02748250	0.09253358	0.20505430	0.23048037	0.04069975	0.14037427	0.18366504	0.17702498	0.08648503	0.11515149	0.31748980	0.17236612	0.18754055	0.20796365	0.20492492	0.18095025	0.05892045	-0.07028872	-0.10296538	0.04457742	-0.00782241	0.13688146	0.31991594	0.41440149	0.37905116	0.29588247	0.12733348	0.08061389	0.07101516	0.13040864	-0.09682591	-0.01924166	0.13779216	-0.04186655	0.12470094	0.02324323	0.12655333	0.24698141	-0.15770480	0.37482192	0.38211306	0.24989567	0.04570101	0.29340898	0.32881064	0.11728852	0.10806559	-0.19970218	-0.03915882	-0.12322824	-0.02969222	0.07281216	0.12022775	-0.02574867	0.01625334	0.22390419	0.04873593	0.23297533	-0.04326783	0.06486339	0.09692091	-0.08568840	-0.02018274	0.04968097	-0.03976335	0.00727445	-0.09630933	0.06458150	0.19261759	-0.09177412	0.00898902	-0.08444176	0.17975593	0.05596124	0.01961367	0.05224712	-0.07900181	0.10337611	0.21493501	0.00416295	0.04230505	-0.02911409	-0.13492890	-0.19601807	0.03660433	0.05581581	-0.02487207	0.00664334	0.16974603	0.18634887	0.03853730	-0.07287178	0.15267078	-0.14987309	0.01242006	0.04390568	0.28482853	0.08302089	0.14176742	0.11955867	0.11607435	0.08421002	0.10195531	0.09081626	0.22022034	0.26556837	0.21556030	0.24658358	-0.00076901	0.13773919	0.14800138	0.13848359	0.19987725	0.08707465	0.18853292	0.03785303	0.16944806	0.09759936	-0.00538430	-0.00502652	0.19135740	0.03236571	-0.00408533	0.08930126	0.00843600	0.19808687	0.05992662	-0.01589563	0.15232356	0.04648892	0.04995409	0.16600203	0.16568550	0.14594992	0.02481387	0.04682652	0.01364949	-0.01299027	-0.02096847	-0.13689573	-0.03209173	-0.04123049	0.11070317	-0.11343759	0.00719916	0.10772487	0.00622266	0.02189810	0.11525984	-0.07925888	0.25098538	0.06737132	0.01857473	-0.01450608	0.23150635	0.00489316	0.02386065	0.27921128	0.03912767	0.02172545	0.05606724	0.02337988	0.03766451	0.18013607	0.04201215	0.00331290	0.07830913	0.17711796	0.01095560	-0.07340416	0.04691052	0.18357595	0.01813422	0.18692158	-0.00268755	0.14903030	0.29530438	0.13130049	0.20114935	0.13437695	-0.05918255	0.25673116	0.27923188	0.15585011	0.16689113	0.14470952	0.20821283	0.15198415	0.20569550	0.16202385	0.04124014	0.17753985	0.13817624	0.14446493	0.08631345	0.13763032	0.08452574	0.31546675	0.15010396	0.04527145	0.07910535	0.10069827	0.22516770	0.08685255	0.11112670	0.01682556	-0.02464313	0.00081303
17Networks_RH_SomMotA_16	0.35349519	0.35748510	0.17225165	0.36340537	0.20202693	-0.11210374	0.22813488	0.09563182	0.12096981	0.16930985	0.26567361	0.18899854	0.32276016	0.27951520	0.41340202	0.28788797	0.15226504	0.36338788	0.16696917	0.16691158	0.27690532	0.28221644	0.26137764	0.28589484	0.13725032	0.20619180	0.19762337	0.14528908	0.25948862	0.23954943	0.12581223	-0.16609578	-0.00419258	-0.04500623	0.19962933	0.11528390	-0.01559884	0.47655528	0.47244348	-0.02451309	0.35027029	0.60128023	0.29161971	0.20611408	0.13486820	0.04966083	-0.04249362	0.11022017	0.07969353	0.14970304	-0.04923020	0.01299653	0.06161223	-0.02541952	0.06144035	-0.05816269	0.05154705	-0.02891036	0.18782567	0.26472635	0.30145859	0.17639094	0.12267021	-0.13007805	0.19301045	-0.06785312	0.08207738	0.16000671	0.07309776	-0.00946730	0.07758982	0.17133208	-0.16421429	0.05031415	-0.09315355	-0.16139446	0.01661362	0.23148704	0.32561655	0.32382356	0.48430650	0.09699562	0.02423850	0.19763679	0.03700374	0.21030113	0.19684451	-0.13722473	-0.02476113	0.01429909	-0.06981104	0.17011532	0.22552600	0.13909378	0.00916669	0.13043172	0.37907385	0.12227188	0.18171678	0.32887048	-0.16147395	0.06153295	-0.13753689	-0.04006001	0.14296612	-0.04478495	0.02907061	0.19302073	-0.10498576	0.29779006	-0.00605667	-0.02946203	0.14629243	-0.09027266	-0.02114543	-0.12944655	-0.20196928	-0.08072963	-0.08207628	-0.03121548	0.02674685	0.12678889	-0.13305158	0.09499630	-0.18592085	-0.05365324	0.20216938	0.08288811	-0.17571524	-0.07058666	0.26708118	0.02170339	0.02180118	0.17267530	0.08890023	0.10171513	0.05527381	-0.08013918	0.31285984	0.18228088	0.21670391	0.19857346	0.24311441	0.02444456	0.19455855	0.15611376	-0.06820495	0.02564986	0.28647184	0.18504105	0.14819568	0.16404740	0.26071864	0.29622544	0.27898161	0.18455113	0.06246548	0.24106345	0.34272263	0.14503610	0.27292993	0.20549851	0.24979958	0.21519050	0.19018028	0.08801851	0.14011714	0.13407212	0.05867166	0.19899736	0.17032888	0.27831239	0.17169575	0.26840438	0.28831551	0.30904676	0.20371266	0.18663163	0.18962275	0.29338084	0.21759048	0.33363495	0.30492872	0.21480711	0.29658354	0.33948891	0.37831986	0.04404896	0.19446563	0.25957986	0.12826110	0.20851023	0.27013678	0.01232198	0.23706300	0.13649773	0.20956295	-0.07831244	0.08760507	0.11757099	0.18028265	0.16183436	0.30798240	0.30890753	0.12295655	0.11271102	0.25982966	-0.04008906	-0.05489386	0.04207526	0.10430100	0.25003996	0.25387398	0.11135660	0.36044358	0.44668829	0.20287795	0.37251088	0.20853076	0.24966428	0.31376429	0.12303141	0.27385382	0.06966967	0.10925022	0.16748623	0.09814284	0.03545726	0.13423741	0.05235825	0.28782428	0.28167683	0.14237047	-0.00463295	0.12185023	0.45755427	0.40189937	0.63672111	1.02553368	0.32627071	0.41536346	0.30276948	0.23198353	0.19067265	0.21154747	0.31568890	0.06253606	0.30813233	0.15296674	0.04848359	0.31338027	0.16494578	0.25353750	0.27000195	0.20576593	0.00623060	-0.00423126	0.03237931	0.22344137	0.32182638	0.19249666	0.18777555	0.22356637	0.25042776	0.15464660	0.12348593	0.22759410	0.17978705	0.15679459	0.16878098	0.18748099	0.13375622	0.11525152	0.02359849	-0.02726389	0.05118591	0.03775435	0.05231343	0.28122390	0.45651851	0.44690906	0.24439495	0.11224771	0.04898051	0.05184191	0.15524096	-0.08136429	0.03629706	0.23158620	-0.06687002	0.19804866	-0.03110644	0.18976260	0.16364568	-0.19353587	0.28007295	0.32145780	0.14538439	0.04705759	0.16998853	0.22870631	0.17797591	0.16979305	-0.19944812	-0.04748343	-0.04594607	-0.03934630	0.09933367	0.03395029	-0.08583248	0.08341833	0.18292282	-0.04763833	0.17470246	-0.10572433	0.15021058	0.09151019	0.02411963	-0.07121355	0.00461432	-0.08528332	0.00467002	-0.16819409	0.10361889	0.17352446	-0.09767801	0.01250037	-0.02280542	0.32549797	0.14231788	0.08933906	0.14242993	-0.04638331	0.17151790	0.13489017	0.06258123	0.12396941	0.06872220	-0.06017150	-0.25206794	0.06115328	0.08292122	0.03004938	0.06008286	0.25441435	0.17892415	0.14663997	-0.01423762	0.19949016	-0.06056033	-0.05820004	-0.01621818	0.29586178	0.09471051	0.11623246	0.06940318	0.04322579	0.11661457	0.15593719	0.13924455	0.29878113	0.34449907	0.26849236	0.31601437	-0.04711461	0.13832207	0.14198603	0.16184897	0.18721320	0.10912159	0.26856046	0.14184902	0.18721795	0.22140575	0.10994679	-0.03838460	0.25658578	0.08196090	0.12213346	0.19893962	0.03576306	0.25369459	0.14538367	0.01023342	0.11856495	-0.01634959	0.19769491	0.16179221	0.13854453	0.19851631	0.07377652	0.10828097	0.05396683	0.18557908	0.09834216	-0.07115620	0.04844946	-0.00147930	0.16173600	-0.09114933	-0.02915915	0.18427497	0.04660223	0.03091872	0.09392396	-0.10086869	0.16707028	0.01165635	-0.03675046	-0.01577489	0.17465690	0.02049626	-0.03941674	0.20045320	0.11621456	0.12903198	0.04713847	0.05462644	0.03025020	0.15332670	0.11206507	0.00370891	0.06836142	0.14963760	0.05201538	-0.15732117	0.13668748	0.12862171	0.02377789	0.23152544	0.16476400	0.19341339	0.38025942	0.19358106	0.20958781	0.19891124	0.03231997	0.34714190	0.27645870	0.24118132	0.25234421	0.29517931	0.37852766	0.32334595	0.34298186	0.31758786	0.11961264	0.38612688	0.23648300	0.19711328	0.14933404	0.24889086	0.06239869	0.28843965	0.14553030	0.13507158	0.21919154	0.19338377	0.39640253	0.28565220	0.30405564	0.15654149	0.19772726	0.19086316
17Networks_RH_SomMotA_17	0.21410512	0.30698572	0.10828145	0.23619687	0.05107724	-0.14606283	0.13931610	0.26418195	0.00184710	0.14521920	0.21549503	0.27994104	0.41300758	0.38702540	0.32134220	0.24339426	0.32310948	0.19651767	0.20566326	0.28525147	0.21251840	0.13131257	0.28750319	0.22405691	0.22430389	0.03380644	0.18060929	0.42869413	0.23051579	0.31944923	0.28395508	0.20032878	0.46114199	0.31430517	0.33159510	0.38127603	0.33065884	0.28909800	0.45835500	0.36784030	0.43012802	0.29669370	0.55299456	0.07067576	-0.00489084	0.03597667	-0.10400206	0.05474846	-0.15042069	-0.07638926	0.14845466	0.20547424	0.22246306	0.03688420	0.10570537	-0.01964028	0.03941892	0.14173542	0.10944894	0.20398643	0.36483960	0.06288331	0.06685524	-0.00637744	0.27338381	0.03697137	0.34489055	0.25389997	0.26826011	0.26841990	0.26861953	0.39360955	-0.05490092	0.17446804	0.10263984	0.22473901	0.39114081	0.39938371	0.36363274	0.34031513	0.39178698	0.10827365	0.16028104	0.26676478	0.17542896	0.05327826	0.16948652	0.01691373	-0.09248173	-0.25442642	-0.00221361	0.05024825	0.20346259	0.12367256	0.16677404	0.23069888	0.17628258	0.37597486	0.16156984	0.56770319	-0.06691113	0.28760545	0.12497052	-0.17619894	0.02513116	0.11110647	0.01092944	0.17862746	-0.05906009	0.18532723	-0.06058424	-0.06095623	-0.13354938	-0.10525138	0.01046588	-0.29555072	-0.09988697	-0.12112979	-0.22241436	-0.03215984	0.10611673	0.27094603	0.00339441	0.10191288	0.13941622	0.07102260	0.13399530	-0.00898150	-0.02823375	0.01996162	0.01804834	0.01419372	0.06802025	-0.01817872	-0.00862378	0.08895166	0.03006955	0.14358782	0.10695887	0.01821096	0.01021658	0.16889442	0.11506290	0.01000594	0.12660112	0.08678558	-0.03086030	-0.10226276	0.01983023	0.02573885	-0.00109194	0.06233901	-0.11399276	0.10968718	0.02862809	-0.02683438	0.02732706	0.19106403	0.08000773	-0.05312410	0.05466102	0.00125975	0.08577002	0.05818836	0.08636100	-0.03629792	-0.09870661	-0.11689405	-0.16664966	0.07734596	-0.07220158	0.08587035	0.10836796	0.10076477	0.13798055	0.13692396	0.17600231	0.12894776	0.06005453	0.31154601	0.08059168	0.18730715	0.18040868	-0.06826702	0.07399776	0.19544403	0.23733607	0.04173561	0.16622739	0.02425694	0.00560272	0.08514070	0.15713708	0.07300929	0.21527162	0.06488091	0.02938716	-0.12044742	0.02388848	-0.07349557	0.36526069	0.13800202	0.34055551	0.20209777	-0.01674860	0.10736032	0.15192451	0.08741796	-0.07636874	0.20723165	-0.01792831	0.24302737	0.36431583	0.07564992	0.39080762	0.37917017	0.23985829	0.27583827	0.22881957	0.23698104	0.21427298	0.23995552	0.24752908	0.32061307	0.08986900	0.15246097	0.43191839	0.28884273	0.31740736	0.40414900	0.31889701	0.38757048	0.36777554	0.21115083	0.50823717	0.35947957	0.17624810	0.18514666	0.32627071	1.00317353	0.34143171	0.41790922	0.08132407	0.13276704	0.10489340	0.14889547	-0.06964400	0.20212547	0.06913279	0.10979767	0.23691639	0.15001782	0.17323375	0.22740242	0.21300244	0.08296681	0.18157438	0.24633898	0.35753276	0.32254464	0.22972737	0.31707242	0.11150731	0.25953869	0.28972305	0.23966405	0.24257086	0.31370596	0.35469928	0.34471661	0.47071604	0.40842886	0.18690534	0.02693486	0.18891038	0.40072985	0.31469263	0.38846511	0.37948917	0.37350677	0.19709111	0.30319788	0.37818730	0.36849144	0.15362902	0.13142714	0.14284693	0.07267936	0.10988859	-0.04715984	0.02583791	-0.06952894	0.13833460	0.14744306	-0.07861595	0.31667591	0.28356276	0.23347557	0.17713591	0.26381189	0.31477822	0.40770642	0.17485080	-0.05142021	0.02778932	0.07804806	0.04284939	0.28961303	0.01495314	-0.03235180	0.01839465	0.26801462	-0.08520015	0.07529503	-0.22783975	0.14431698	0.04561453	-0.02234349	-0.07904376	-0.03350164	0.02274404	0.00675032	-0.18430494	0.13845520	0.28001344	0.10796393	0.06240915	0.33790127	0.20500968	-0.00660234	-0.05341085	0.01761533	-0.03723056	0.12400552	0.05439171	0.05476791	0.11726800	-0.01162236	-0.07411561	-0.05457933	0.04701793	0.18364970	0.01575376	-0.02159493	0.07586856	0.00816894	0.27360495	0.13708329	0.05483807	-0.09580074	-0.07858336	-0.00621362	0.05916513	-0.02310182	0.17237995	0.11957505	0.06592919	0.06408569	-0.04865792	-0.02013029	0.17365972	0.18888542	0.11140602	0.04777085	-0.10577757	0.16945994	-0.06330520	0.03153696	-0.01739313	-0.00157953	0.10165706	0.14418343	0.11197954	0.09999137	-0.09129463	0.03051406	0.20041116	0.10617515	0.11104362	0.18789667	0.10688364	0.15665856	0.06911413	0.07529216	-0.11101383	-0.16866848	0.15090695	-0.01233490	0.00597804	0.12085046	0.15768791	0.12186638	0.15954614	0.22752580	0.06293234	-0.04180876	-0.12818805	-0.08464415	0.01661500	0.02497928	-0.06001921	0.02531812	-0.05744805	-0.01961515	0.17396340	-0.06867272	0.05808627	0.14655913	-0.05654008	0.07916957	0.03818027	0.05309988	-0.03631182	-0.07322827	0.21583152	0.16482039	0.02238398	-0.02225125	-0.14534924	-0.07010597	0.21975803	0.05252043	0.07739038	0.17643039	0.13555229	0.00850292	0.19560022	0.12286220	-0.06492411	0.24055511	0.27530759	0.21517848	0.29493993	0.21930297	0.36608471	0.12714613	0.19174966	0.37110101	0.29915534	0.18241145	0.13186053	0.22513012	0.26481734	0.24166938	0.17402912	0.20216903	-0.01540888	0.22099037	0.32533323	0.33499900	0.33735656	0.31304382	0.26647918	0.38693711	0.11001307	0.28874026	0.17272428	0.00258358	0.24788794	0.01113946	0.13161448	0.02391404	0.05082250	0.01544035
17Networks_RH_SomMotA_18	0.42270999	0.40814021	0.45357136	0.53387942	0.17934158	-0.04390118	0.36300057	0.21585806	0.17476826	0.18041159	0.24698801	0.24077019	0.26540907	0.46751357	0.47635906	0.13397163	0.12188412	0.28536112	0.09801828	0.17148699	0.20512779	0.11897956	0.21257879	0.22598814	0.25944850	0.21848570	0.25518610	0.32338335	0.34390468	0.27804929	0.24668070	0.09298147	0.27459256	0.23013483	0.34368991	0.39190073	0.00087641	0.50365962	0.63865433	0.30969271	0.32671048	0.50238225	0.37502890	0.21711069	0.16004579	0.04515776	0.00299616	0.08705216	-0.00406773	0.16777310	0.14140088	0.23134407	0.10400373	0.03692625	0.08073973	-0.08089712	0.04647002	0.14168079	0.19975935	0.33792586	0.23529296	0.35282001	0.27123273	0.03795832	0.24069279	0.09410330	0.26679268	0.23321876	0.18995571	0.09362258	0.25453578	0.36846262	0.01834868	0.19385346	0.03355624	0.15182932	0.20616741	0.28794987	0.42767229	0.38203501	0.51149659	0.27580569	0.19160902	0.19851426	0.19148067	0.23384378	0.11003775	-0.03203375	-0.02516883	-0.09096370	0.05277115	0.13730846	0.29441451	0.18975913	0.14253268	0.15570194	0.29573932	0.31399422	0.31508931	0.51669443	-0.07248083	0.09907479	-0.04531741	0.01187788	0.07624069	0.00687124	0.00870501	0.14766608	-0.12726389	0.27809067	-0.05032179	0.00145328	0.08894428	-0.11003491	-0.12088202	-0.21722234	-0.08210863	0.03177737	-0.15324677	-0.01895239	0.18092695	0.25028079	-0.03960605	0.21241654	0.12538445	0.07377843	0.36689010	0.15279028	-0.06926830	0.10150409	0.19381659	0.03306290	0.05502887	0.35587949	0.32164226	0.27243562	0.18171024	0.07262713	0.32366383	0.21566732	0.20229254	0.12190509	0.23419622	-0.09045480	0.19224419	0.19930962	-0.10359707	-0.03626148	0.22089159	0.18328528	0.06836014	0.15365378	0.18484977	0.19303701	0.22742697	-0.02482574	-0.00676592	0.24126193	0.29812660	0.05835230	0.20452496	0.02842080	0.20752979	0.06620316	0.23310242	0.01359774	0.05608966	0.04609626	0.08221211	0.14157653	0.12252528	0.15135755	0.23134268	0.24638330	0.33555664	0.30041588	0.17781594	0.38137930	0.32135471	0.44268415	0.20565414	0.33987254	0.23292471	0.14720777	0.21330516	0.26170543	0.27676906	0.17558027	0.15144618	0.09107364	0.05858964	0.17136807	0.16595456	0.04324169	0.25572604	0.21524027	0.11415195	-0.02883380	0.07425356	0.11365781	0.34571915	0.27469503	0.30670672	0.46601539	0.25941881	0.32960225	0.34278508	0.04870676	0.01558800	0.25222066	0.09444654	0.27175260	0.25118627	0.10556418	0.40589583	0.34795247	0.08046491	0.27515628	0.16868454	0.18494642	0.23161048	0.13090938	0.18677131	0.24883474	0.22372532	0.29950740	0.23965230	0.23638437	0.31811406	0.26960461	0.33904764	0.38044530	0.26666414	0.25023900	0.38222532	0.47884775	0.27918633	0.38975494	0.41536346	0.34143171	0.90720278	0.55201302	0.42379568	0.21378235	0.25307921	0.29938654	0.07143171	0.22582881	0.26845515	0.05643082	0.35760017	0.14334286	0.28319237	0.31601366	0.21377303	0.13296115	0.21320264	0.29369639	0.29801217	0.43884151	0.35360620	0.31134059	0.32202478	0.21633819	0.24497980	0.21780712	0.29662094	0.22018842	0.26284583	0.23432963	0.22646198	0.27792490	0.15195341	0.09614462	0.13872981	0.20648723	0.23915318	0.17112386	0.35644043	0.40465062	0.43951489	0.35409011	0.30961992	0.31922681	0.13798258	0.21755244	0.05583373	0.13684065	0.01521190	-0.00799328	0.10309005	-0.01075166	0.14657326	0.22181463	-0.11815240	0.27672138	0.28230451	0.16451021	0.12456677	0.25006795	0.22949918	0.40410039	0.19671906	-0.07127351	0.00794120	0.02469648	-0.03202664	0.22659367	0.06004268	-0.03989442	-0.01269907	0.18798641	0.05208322	0.18923316	-0.16390471	0.05628562	-0.00887524	-0.04332706	-0.03829795	-0.03055236	0.11933185	-0.03308724	-0.13899145	0.03811598	0.28049471	-0.03471812	0.07330237	0.17492204	0.29283385	0.23135400	0.16206923	0.18997187	0.04714828	0.13898515	0.14976931	0.18918090	0.39682538	0.09349358	0.06363630	-0.06768335	0.00518042	0.16653133	0.06503961	0.13446647	0.38315817	0.22720950	0.19373259	0.06620690	0.15641661	0.04409163	-0.14267658	-0.02055279	0.29314945	0.04345475	0.21310110	0.12426120	0.08093755	0.18145146	0.21235595	0.19588789	0.33495005	0.34183475	0.25482050	0.30184711	-0.11489829	0.08612628	-0.01100625	0.23570189	0.22623079	0.02867917	0.29682274	0.30126206	0.12244342	0.25141160	0.06230732	0.03087547	0.37518044	0.10873632	0.25707978	0.24694678	0.19003664	0.15908278	0.15934015	0.03136212	0.16774934	0.02672999	0.07932908	0.07038953	0.17479779	0.15824423	-0.04790478	0.00442947	0.13848320	0.24031457	0.02984623	-0.03625174	0.01289584	0.06790767	0.21935319	-0.04480835	-0.12708287	-0.03692001	0.08161366	-0.02914000	0.07774016	-0.11845513	0.13537218	0.08387122	0.11750422	0.00021258	0.06823113	-0.02058095	0.11065842	0.19222009	0.18525645	0.21716435	-0.01818726	-0.01066040	-0.01863736	0.23026072	0.15931582	-0.00071210	0.12208581	0.15650067	0.11447933	-0.03743831	0.03581490	0.17235936	0.12705036	0.25381420	0.20581636	0.32348660	0.50535874	0.34872448	0.29958271	0.28197445	0.08082625	0.44588816	0.34884962	0.27522876	0.36736055	0.41520752	0.44174627	0.38743537	0.43733674	0.39500670	0.23068335	0.42040398	0.37538006	0.32092318	0.32265736	0.19826246	0.20638287	0.40752979	0.30637656	0.24741301	0.25777157	0.33521391	0.47293380	0.32619078	0.38003119	0.25592540	0.28610739	0.25155929
17Networks_RH_SomMotA_19	0.28964753	0.38405358	0.29953524	0.44680426	0.18113672	-0.00740191	0.28270499	0.27432091	0.09544510	0.21107648	0.30153346	0.31756348	0.39959129	0.56812491	0.48952737	0.15106991	0.23529801	0.27259068	0.14894467	0.21945791	0.20575821	0.12182828	0.29733032	0.33472144	0.36352795	0.27518012	0.19012934	0.45773655	0.30592512	0.35928050	0.37822151	0.21572971	0.45824187	0.41226295	0.40624776	0.43237445	0.18227025	0.36006454	0.56385807	0.44689993	0.30529386	0.47153072	0.43058981	0.16303687	0.08417971	0.03114390	0.03749595	0.12391905	-0.11979560	0.13303028	0.23930561	0.20586569	0.17905741	0.01436471	0.13991432	-0.10431874	0.12480853	0.15911022	0.18112982	0.28242752	0.33922789	0.26370718	0.20853811	0.12512513	0.22369109	0.05779325	0.41249903	0.29797561	0.31376071	0.26281595	0.36375185	0.50590208	-0.04082877	0.13960065	-0.06051061	0.32578250	0.47147132	0.51740686	0.37601029	0.42263644	0.42531490	0.29838015	0.28406267	0.33897351	0.22888513	0.23338163	0.01738797	-0.09928359	-0.03190177	-0.09648912	-0.00166295	0.11732506	0.36538301	0.14470749	0.25200490	0.23123164	0.23922766	0.44649560	0.24212750	0.47189627	-0.06639852	0.16529398	-0.01511397	-0.14158164	-0.04824927	0.03645752	0.06659112	0.08104122	-0.03580383	0.16492293	-0.11496022	-0.01439630	0.05694570	-0.09836209	-0.11333296	-0.25939858	-0.09055238	0.00137965	-0.14399110	0.03191969	0.20496787	0.24690855	-0.08652236	0.24398713	0.19190205	0.07426909	0.30078260	0.06420429	-0.02788581	0.07252689	0.08446210	-0.01336046	0.10906977	0.29413757	0.21186191	0.16719037	0.09810765	0.16520334	0.20335644	0.14515391	0.12472605	0.07876390	0.22880063	-0.13896325	0.13806988	0.13104096	-0.06836592	-0.03982688	0.06292666	0.10527155	-0.03702551	0.13547052	0.07162122	0.09904901	0.11446193	-0.07733729	-0.05900506	0.23596909	0.17649339	-0.04194692	0.15564534	-0.00262409	0.17753621	0.03983990	0.12410545	-0.09857216	0.02673854	0.00136775	-0.07801139	0.05992136	0.06409348	0.07576931	0.18125338	0.18170572	0.29091342	0.29640162	0.16283757	0.35979315	0.19644912	0.42119525	0.20892343	0.26107393	0.16302391	0.02163584	0.15874055	0.19401649	0.18453449	0.06604015	0.17713900	-0.00374953	-0.00554170	0.18119725	0.15933542	0.09612631	0.21911199	0.09328303	0.00069709	-0.08064905	-0.03397270	-0.02256328	0.37904694	0.21532411	0.33007729	0.33993855	0.19022670	0.27628826	0.26705562	0.13878365	0.05930105	0.34637044	0.06503434	0.31040239	0.33197322	0.08704690	0.41543869	0.35474605	0.18890507	0.25958739	0.20505239	0.26780240	0.21312490	0.24124164	0.21098622	0.28371402	0.28377717	0.37467063	0.42854365	0.31482786	0.44084613	0.43991194	0.41622378	0.56006701	0.45541518	0.41684291	0.62501949	0.39057845	0.30141334	0.36074957	0.30276948	0.41790922	0.55201302	0.95558767	0.41629629	0.28270940	0.26938834	0.33926642	0.07557779	0.18926500	0.20857537	0.15997225	0.37993327	0.12513187	0.34509483	0.30216846	0.27875713	0.12052880	0.28436345	0.33045514	0.34872978	0.39417356	0.35573620	0.42784367	0.22940454	0.26219159	0.29786163	0.19535550	0.30169936	0.32219092	0.40116455	0.31494881	0.42189933	0.44323175	0.20520750	0.09915806	0.15577581	0.35560882	0.33778477	0.40095235	0.42069569	0.41445195	0.28329898	0.43198963	0.45324224	0.48489419	0.11735990	0.22930448	0.06535487	0.12510236	0.07466091	0.02302203	0.15616615	0.02034998	0.08965291	0.24023886	-0.12551977	0.40340942	0.33199031	0.28484631	0.17308763	0.34001184	0.39359329	0.48508592	0.21603820	-0.12093836	0.01954871	0.00631479	0.02503392	0.27415232	-0.00963498	-0.06796138	-0.06054701	0.19867906	0.00212959	0.18321842	-0.18432534	-0.00813067	0.01624369	-0.06128374	0.01384292	-0.03789978	0.12750864	0.01581840	-0.08798570	0.05810223	0.26951570	-0.05327404	0.02428896	0.32946308	0.20342980	0.18724910	0.06796457	0.16986457	0.01850541	0.09899867	0.11813877	0.23289515	0.33918057	0.04314119	0.01229648	-0.04791113	-0.04209720	0.15214157	0.12029453	0.09789763	0.33004625	0.09166758	0.13834955	0.08348651	0.10926555	0.00189383	-0.15636789	-0.05613525	0.23310931	-0.02418299	0.18021803	-0.01247130	0.00364989	0.13380590	0.13097053	0.11102288	0.26255424	0.30166127	0.17053919	0.18732785	-0.17198266	0.10238777	-0.01419128	0.13015846	0.18618783	-0.00042386	0.21792475	0.32199462	0.06931304	0.16552925	-0.01109560	0.10988247	0.32043972	0.11837923	0.21291003	0.24061713	0.22000254	0.09086964	0.08264226	0.00063215	0.06276183	0.04279911	0.09167781	0.04630429	0.16628921	0.10407985	-0.01803407	0.04258329	0.08174150	0.23262966	-0.04596251	-0.14905068	-0.13726760	-0.06269818	0.15804476	-0.05689300	-0.12055147	-0.06184109	0.02220961	-0.03080454	0.22174392	-0.15264693	0.14142106	0.16679048	0.08831051	-0.00765273	0.05936103	-0.07203014	0.07310363	0.20435534	0.23316525	0.23346866	0.04616586	-0.02589683	-0.03471217	0.16352813	0.19556860	-0.09587957	0.05420288	0.20662275	0.03021718	-0.00787978	0.03288973	0.23254030	0.08249019	0.25316135	0.25448251	0.33989942	0.46923943	0.33603613	0.40003478	0.23182719	0.03411436	0.48511178	0.43056861	0.19908442	0.33151666	0.33893068	0.40222538	0.35493523	0.39941837	0.36840377	0.16934848	0.32626220	0.41098719	0.42862782	0.42340368	0.20099224	0.28570601	0.52199044	0.33796483	0.21155036	0.25818063	0.28643103	0.41377617	0.23123270	0.33945903	0.24000506	0.21520209	0.13523640
17Networks_RH_SomMotA_20	0.22936741	0.26611547	0.19102899	0.41422610	0.22388921	-0.04496032	0.23246703	0.11496924	0.16223651	0.04227956	0.17301689	0.17777083	0.14087359	0.32228251	0.29439294	-0.00600020	0.08712414	0.21834838	0.03058842	0.02548673	0.09418358	0.10029461	0.12321208	0.06609007	0.14622900	0.31877014	0.20687852	0.25918101	0.16544594	0.19912578	0.16294743	0.04916551	0.17731552	0.32598386	0.29624476	0.15174415	-0.07155685	0.41446043	0.46791801	0.31296049	0.05993293	0.36031707	0.08790956	0.05433777	0.01064144	-0.08524419	-0.04186209	0.06071872	0.06339019	0.16523084	0.07575414	0.07933390	-0.09562353	-0.03495059	-0.00537989	-0.14614652	0.02934391	0.19053139	0.14344457	0.31152484	0.14325997	0.33534961	0.24612390	0.00789576	0.12304540	0.03937259	0.13502864	0.07501207	0.08281476	-0.02165332	0.07713122	0.24009529	-0.07053446	-0.00456735	-0.03215043	0.13553359	0.16650157	0.22517419	0.24766675	0.16043809	0.37532120	0.21307586	0.08631104	0.05231019	0.17194047	0.11418823	0.07107963	-0.13982173	-0.07459030	-0.13986554	0.02141522	-0.01530074	0.16136813	0.14107695	-0.01039204	-0.02698611	0.16685272	0.16146476	0.18834963	0.27668580	-0.03049925	0.10797287	-0.09034204	-0.03666982	0.11417652	-0.01958371	0.08973288	0.18159727	-0.14197811	0.13854544	-0.11334487	0.03444244	0.13745129	-0.14502133	-0.21326143	-0.11827356	-0.07926515	0.02398615	-0.04649793	-0.03004606	-0.01376218	0.16263397	-0.05000778	0.18040739	0.09836875	0.00201649	0.30767952	0.12483697	-0.01607562	0.17130616	0.20410104	0.09467747	-0.00471323	0.30887121	0.25418838	0.21212767	0.16266997	-0.01550486	0.40275815	0.17751726	0.16774458	0.07351941	0.22088161	-0.12442254	0.07125020	0.15088468	-0.12704344	0.08194981	0.22957363	0.13798453	0.08986798	0.23972477	0.33694588	0.19289380	0.21946726	0.02788765	0.00788926	0.17840969	0.25313552	0.05394392	0.22552515	0.02686724	0.17401677	0.07322506	0.15640690	0.01666349	0.13037958	0.06257442	-0.05338433	0.15912253	0.07320457	0.17166684	0.26135399	0.28174217	0.28511874	0.32225994	0.19739322	0.43432031	0.46348311	0.38721636	0.28986823	0.28657041	0.22274703	0.21539268	0.27490587	0.29071167	0.22402135	-0.01470910	0.11475304	0.08070652	0.00565732	0.16529668	0.08255939	-0.12418599	0.21107871	0.12679412	0.02123158	-0.03353487	0.00993382	0.12684854	0.26897603	0.17238362	0.11994046	0.27516157	0.11806750	0.27599116	0.21018088	0.03623194	0.06200914	0.13184136	0.08380970	0.11259334	0.06612631	-0.00932066	0.23777445	0.26160933	0.04373429	0.13025059	0.11883450	0.15101170	0.12303657	0.01992005	0.13154468	0.05133944	0.21057799	0.18620350	0.18836603	0.07398361	0.24072948	0.21638155	0.17283675	0.28796284	0.20574322	0.24818485	0.15935984	0.45771916	0.15757272	0.29476608	0.23198353	0.08132407	0.42379568	0.41629629	0.94743800	0.03579590	0.04378999	0.10394576	-0.15146736	0.11511559	0.03528529	0.03871191	0.14157522	-0.02948351	0.09054263	0.04340033	0.06826608	0.08844172	0.10444226	0.12854248	0.21145956	0.23752603	0.14545691	0.20238990	0.30213328	0.05456418	0.07684074	0.04089163	0.07971685	0.05050625	0.12221931	0.00012646	0.05784780	0.15922737	-0.04730900	0.00223284	-0.04342419	-0.00734540	0.07356464	0.09675820	0.16762854	0.21714272	0.48237094	0.14498168	-0.00306259	0.14371810	-0.04545827	-0.00644717	-0.06043751	0.09621669	-0.09652775	-0.05912804	-0.03799487	-0.07204775	0.01727584	0.01269563	-0.13085118	0.12291217	0.24141157	0.03421714	-0.03697114	0.06830276	0.17374180	0.25691160	0.40834540	-0.08998809	-0.05222919	-0.10797156	0.00910910	0.14099428	0.07909313	-0.00263599	0.01029565	0.02502001	0.09067649	0.18345447	-0.07731847	-0.11862886	-0.01314903	-0.02904685	-0.16321101	-0.18634671	0.14620954	-0.13463611	-0.16952223	-0.06919904	0.07074368	-0.11691385	-0.04872558	0.01645075	0.19784769	0.19022559	0.19407621	0.12773284	0.05584596	0.14037166	0.00868538	0.12710931	0.20013669	0.05914783	-0.00429167	-0.11614414	-0.16958728	0.00165784	0.06569629	0.18194941	0.39026141	0.22354837	-0.04592190	-0.10444127	0.07807912	-0.02024910	-0.17805060	-0.10760197	0.30744655	0.03274548	0.04422553	0.01939247	0.06532736	0.09112437	0.23801088	0.13882118	0.38700703	0.35054289	0.21702462	0.29082828	-0.07156974	0.05607018	0.07561225	0.22720010	0.23145650	0.04940391	0.27535584	0.23865771	0.04685254	0.08338972	0.15614596	0.06532337	0.34721914	0.19250805	0.22777130	0.33066641	0.36009948	0.19681024	0.19859731	0.03534878	0.15637191	-0.05346441	0.07226832	0.09857637	0.11911402	0.03386766	-0.10577658	-0.02244694	0.10272679	0.13007049	0.16217625	-0.13296655	0.05274530	-0.01414864	0.25933963	0.06679494	-0.14004601	-0.05063527	-0.01392571	-0.05816176	0.09418436	-0.08795944	0.15879622	0.14060135	0.13625130	0.00728807	0.09373036	-0.05470486	0.08427735	0.18753787	0.01580404	0.17215655	-0.14992790	0.01830964	0.00065337	0.21339140	-0.04619586	-0.10852737	0.02241647	0.11552152	0.02835151	-0.03233545	-0.09966720	0.14167359	0.10264754	0.16130479	0.07177117	0.18463681	0.38848784	0.31898535	0.23867717	0.18905664	-0.12449297	0.32907268	0.35209636	0.05667007	0.33300337	0.32335054	0.33604141	0.31392380	0.38307920	0.32176592	0.12233188	0.23505673	0.17710086	0.16299104	0.27115919	0.07526948	0.08340803	0.28814039	0.27787313	0.13315923	0.19661172	0.39369170	0.32066483	0.23453767	0.27590832	0.23299914	0.16249582	0.04889893
17Networks_RH_SomMotB_Aud_1	0.21424377	0.29659511	0.15556630	0.26911022	0.04328909	-0.14165998	0.19410952	0.06890873	-0.09109583	0.14531874	0.18469040	0.18763464	0.25271835	0.42183818	0.32163359	0.18441447	0.34157715	0.18525648	0.36569846	0.37809576	0.33287861	0.35533276	0.25336645	0.41530142	0.32460860	0.24601283	0.17725553	0.35624581	0.19112530	0.28779865	0.17185563	0.16629614	0.23221390	0.20291678	0.27042956	0.30715614	0.13759339	0.12327000	0.25120437	0.20148183	0.18113161	0.34495242	0.25970861	0.41876004	0.36001899	0.14849397	0.19828838	0.16514500	0.10110942	0.26151473	0.31153070	0.09548129	0.37153580	0.27647580	0.20084748	0.02935753	0.14021446	0.03855094	0.11195946	0.13446993	0.21629024	0.09965441	0.06526994	0.04889545	0.14505513	-0.03997574	0.32418373	0.25493842	0.26971229	0.16341141	0.38347115	0.31970991	0.24167711	0.13540281	0.05675748	0.18417490	0.18262118	0.33213994	0.34682441	0.30217246	0.17224474	0.25611379	0.21468477	0.33420571	0.05788778	0.29904057	-0.01393025	0.20031855	0.37631887	0.15204556	-0.01451604	0.12253298	0.37809209	0.00266443	0.40437380	0.52920572	0.41269304	0.41424031	0.24485011	0.13566750	0.24270218	0.29314932	0.25046924	-0.03306824	-0.17202440	0.02495520	0.25344736	0.11409740	0.11203836	0.19896674	0.06471769	0.02086179	0.01901558	0.06787438	0.14484842	-0.04702133	-0.11236874	-0.02112898	0.08127528	0.12245011	0.23094481	0.13316004	0.16966588	0.30993996	0.18228111	0.22783034	0.24096208	0.16239974	0.16148067	0.07533158	0.03504312	0.00615148	0.16689052	0.06675428	0.30922654	0.21425966	0.28127520	0.20341777	0.00318193	0.07943814	0.04952209	0.16620343	0.06153673	0.08477432	0.30299466	0.28785671	0.17015461	0.04235737	-0.12970180	0.17929518	0.03869572	-0.05530183	-0.08344802	-0.02658287	-0.03919995	0.07779092	0.08333049	0.33682255	0.00215538	0.03265527	0.03508685	0.05085936	0.07525192	0.02682217	0.19778580	-0.00752176	0.06460299	-0.01810310	0.02685093	-0.15055021	0.19118962	-0.08571933	-0.09441791	0.00232162	0.02196023	0.03140074	0.08364912	0.05900149	0.03725890	0.14330660	0.07041166	0.12878137	0.05265399	0.00473065	-0.05182440	0.00247267	0.02121140	0.18358694	0.20503317	0.08115504	0.01398808	0.21805140	0.07446082	0.12135801	0.17989082	0.11315146	0.17612518	0.08815382	0.06926525	-0.02264984	0.11923470	0.11275270	0.26811445	0.12029095	-0.03217031	0.06749517	0.08428072	-0.01686669	-0.06725371	0.12647259	0.20721901	0.21408458	0.23281805	0.16332385	0.32031365	0.25853829	0.25347596	0.32545417	0.23495154	0.36026798	0.31349783	0.35636295	0.31375390	0.05379015	0.19957222	0.43907767	0.23895110	0.21927333	0.21524098	0.16951139	0.22120319	0.29726107	0.14606151	0.18687120	0.39843070	0.08305191	0.24925372	0.14900268	0.19067265	0.13276704	0.21378235	0.28270940	0.03579590	1.07312469	0.66656937	0.32383354	0.24710979	0.26027715	0.42692036	0.10879912	0.45448956	0.15515077	0.23384160	0.38131302	0.30232002	0.10105249	0.15552713	0.21910344	0.28451821	0.24544685	0.17273406	0.24894199	-0.01586398	0.21311812	0.32259047	0.24667462	0.31698946	0.25980477	0.31979780	0.31003406	0.35531642	0.29797022	0.21919709	0.13415674	0.14961602	0.32952029	0.13940809	0.22007118	0.40539867	0.32775010	0.06955991	0.46956156	0.30560962	0.35541443	0.27596620	0.37585110	0.20620890	0.04925637	0.37943383	0.33480010	0.37371221	0.18543180	0.08282889	0.38625779	-0.01141784	0.44683105	0.20062878	0.41638260	0.24780048	0.39607864	0.36717549	0.27523556	-0.00468384	0.06233327	0.15086453	0.25031251	0.14112848	0.35167547	-0.02764713	-0.09224119	-0.01365411	0.24868992	0.13563197	0.35426815	-0.03359814	0.11436596	0.12848274	-0.15386880	0.12008968	0.06691833	0.18217128	0.12972922	0.16780689	-0.02003821	0.28749586	0.12989356	0.05967620	0.24037498	0.06964420	0.11684833	-0.07856010	0.08823217	-0.03884939	-0.10651119	0.24825104	0.09773670	0.28507026	0.06324186	0.05775323	0.12998550	0.05440516	0.31267636	0.08436723	0.02877522	0.14689957	0.02944819	0.14918913	0.25615560	0.16430405	-0.01686124	0.10041138	0.12256887	0.03109430	0.05697537	0.17095411	-0.10014409	0.18686661	0.01633648	-0.00436496	0.07966789	0.04474791	0.00455014	-0.00195464	-0.00565436	0.02739312	0.22195221	-0.01637846	0.02959660	0.01035289	0.04005935	-0.01518237	0.07861630	0.02220822	0.32466867	-0.04087610	0.17430078	0.06481254	0.04734032	-0.02823045	0.05623187	0.06078040	0.06274867	-0.00979615	-0.02717549	0.00570300	0.12602931	0.12186432	0.02481115	0.32262469	0.19418383	0.27277380	0.07837916	0.16086219	0.31139192	-0.16082488	0.02240816	-0.11043427	0.15634972	-0.01031235	-0.08630467	-0.14375748	-0.04726670	0.07088224	0.08376172	0.17702850	-0.23235338	0.04193557	0.20140559	0.09843186	0.01843208	-0.07055314	-0.12814652	0.16122661	0.14755401	0.18845058	0.11231429	0.05461395	-0.01087958	0.04130816	0.18680816	0.13941245	-0.25959591	-0.03251991	0.06604824	0.02487198	0.04164813	0.17619151	0.12163406	0.12503080	0.28662873	0.18145308	0.22893155	0.30278250	0.07569834	0.13693750	0.02034963	0.17764961	0.23309471	0.24929348	0.12318395	0.20963590	0.28106809	0.28809353	0.25176206	0.24455567	0.18426145	0.06097190	0.16720272	0.30190092	0.27444211	0.19757337	0.13283272	0.16062365	0.26034554	0.30126454	0.19120442	0.27531118	0.27854805	0.30673794	0.16229698	0.30035952	0.11196808	0.13424903	0.20027532
17Networks_RH_SomMotB_Aud_2	0.13819628	0.25312373	0.13606891	0.22613218	0.08721990	-0.20195817	0.14254065	0.00908745	-0.18060555	0.06012978	0.09985392	0.12025596	0.25112107	0.42930452	0.26781352	0.28680748	0.32714351	0.12834237	0.41500672	0.35098630	0.31290509	0.30094175	0.31526536	0.46404486	0.28182801	0.30112595	0.14433237	0.33496826	0.17748918	0.23587369	0.10477515	0.02792391	0.15872357	0.14154301	0.19489100	0.21111492	-0.01566495	0.06402795	0.22675721	0.16714418	0.13241409	0.34498573	0.17249743	0.43993634	0.51726314	0.20190029	0.25296884	0.29361427	0.09584317	0.35487378	0.33028369	0.15717362	0.33240655	0.27545317	0.13992945	0.04078518	0.07059156	-0.06617086	0.04452919	0.06558523	0.19303685	0.05923962	0.05397605	-0.00412610	0.06546733	-0.11724750	0.19091511	0.12573442	0.16340118	0.05546371	0.28272818	0.20292460	0.24538556	0.09843311	0.05935837	0.11119911	0.12638923	0.24833524	0.29582705	0.31008721	0.22653080	0.15893805	0.15801094	0.30742993	0.03800926	0.35716600	-0.11746477	0.16549170	0.37078459	0.24748027	0.03409054	0.15734416	0.34020230	0.01436073	0.27739692	0.38518045	0.32218299	0.31218447	0.13623034	0.13644829	0.22253198	0.17622009	0.18900876	0.03377458	-0.14146430	-0.01499013	0.27113071	0.06816782	0.05619719	0.19169215	0.07195135	-0.05939685	-0.01347167	-0.01461344	0.08336767	-0.03760440	-0.08630980	-0.07552780	0.10418285	0.06081291	0.18895994	0.02454306	0.16852296	0.19023539	0.03480755	0.19832738	0.23720851	0.10784461	0.17305319	0.05520354	-0.00716410	-0.05129439	0.19715769	0.06195651	0.26903473	0.10373544	0.16535535	0.16127350	0.04260271	0.07546758	0.01985007	0.12741199	0.03366361	0.05606387	0.21898895	0.20095479	0.08409825	-0.00873709	-0.12211095	0.12776103	0.07623646	-0.01315720	-0.06802954	-0.06569901	-0.06494776	-0.03335788	0.00366217	0.31453586	-0.00491600	-0.07468171	-0.02425064	0.00457560	0.03265920	-0.00547375	0.13184492	0.06391152	0.02455200	-0.06836478	-0.04029309	-0.22138239	0.11355509	-0.17479028	-0.11776030	-0.04345686	0.02340128	0.05243592	0.08766348	0.10555218	0.04992904	0.13758932	0.04466985	0.09798320	0.01922582	0.02074116	-0.13696344	-0.10156234	-0.04775416	0.11405729	0.16912041	0.09735547	0.03195687	0.19864004	0.10382670	0.19266706	0.10935447	0.11324029	0.06236020	0.01367165	0.05959165	-0.10771263	0.06288566	0.07331904	0.22912849	0.11186646	-0.09453388	0.09124888	-0.01096028	-0.07630784	-0.14996701	0.03998064	0.06645017	0.13669192	0.23186622	0.26343147	0.31118411	0.27532299	0.25076409	0.34806627	0.23466731	0.37136216	0.31824675	0.37360388	0.25976348	0.04531374	0.24723752	0.33648410	0.22345958	0.18177831	0.18005040	0.14196298	0.25403109	0.29401383	0.10167724	0.14011400	0.31297401	0.12560031	0.27579062	0.20915144	0.21154747	0.10489340	0.25307921	0.26938834	0.04378999	0.66656937	1.07068362	0.44508117	0.41338334	0.36685420	0.52313024	0.07882666	0.54169110	0.26642723	0.18411550	0.48736146	0.36284199	0.11951041	0.11923729	0.19239030	0.17540469	0.24497992	0.13886002	0.14517676	-0.03072980	0.15288005	0.24219067	0.14159485	0.27416297	0.15606481	0.18947403	0.31933864	0.25870609	0.19024290	0.19588872	0.15449409	0.21881307	0.27393629	0.15982802	0.18137776	0.36935017	0.29954627	0.05631551	0.36280588	0.25210839	0.27134479	0.22547373	0.38720471	0.20870781	0.03149707	0.22118297	0.33041757	0.41830478	0.31490808	0.19684108	0.37054484	-0.03207583	0.39213569	0.26976746	0.36672786	0.26053056	0.31984764	0.26397249	0.23671613	-0.02474165	0.05268577	0.14923337	0.22972428	0.13461693	0.23664767	0.02044036	0.01109131	0.04101982	0.21184977	0.12701030	0.34903613	-0.10666274	0.08981611	0.10655350	-0.19741703	0.11071805	0.08870799	0.08629437	0.11057299	0.12321383	0.02765390	0.22183727	0.12313246	0.11861538	0.17622880	0.11338947	0.11878157	-0.04350673	0.13293855	-0.00926381	-0.11997776	0.31907707	0.11560886	0.26666718	0.07055035	0.06300069	0.14535732	0.09451111	0.25268960	0.10379274	0.03996827	0.14655821	0.03505932	0.11289141	0.23328314	0.15551511	0.03023014	0.07469252	0.12429290	-0.01807358	0.02405835	0.06050055	-0.06470855	0.15991278	-0.00696437	0.02447440	0.04943820	0.01433589	0.05271196	-0.02184780	-0.02514336	-0.03436828	0.20053228	0.06055647	0.06618514	-0.00337604	0.08645545	-0.02228815	0.09971745	0.09383340	0.27525218	-0.12340446	0.05386316	0.09042978	0.04909360	0.00987839	0.08639212	0.09584636	0.06364010	-0.04960053	-0.07141985	0.06766768	0.12497791	0.08832886	0.06975801	0.24999945	0.19887573	0.00725238	-0.03956655	0.15749103	0.22894978	-0.19783895	0.04895658	-0.07190633	0.14771968	0.01289979	-0.02780712	-0.11125423	-0.00934689	0.12170106	0.09898632	0.19784143	-0.15275670	0.05808898	0.18137117	0.09260289	-0.02599300	-0.07319478	-0.15123964	0.05810468	0.21139371	0.13043226	0.10828068	0.06459063	0.02120203	0.07435124	0.22961613	0.20558158	-0.09478643	-0.02329920	0.14911272	-0.00087166	0.00694901	0.04586270	0.06265853	0.03628901	0.21121243	0.10688135	0.22851147	0.27934352	0.00341651	0.12838350	-0.07075658	0.05992048	0.19156023	0.18654852	0.06595613	0.10890166	0.17081899	0.19332799	0.19190877	0.17785769	0.12396419	-0.02412266	0.13851695	0.23370528	0.22739497	0.18191809	0.02973096	0.11717892	0.23592305	0.23688598	0.08415981	0.17434990	0.28800478	0.24670897	0.18224622	0.21780879	0.04946825	0.08267969	0.07849813
17Networks_RH_SomMotB_Ins_1	-0.01923982	0.13389990	0.13753309	0.10473399	-0.04773832	-0.14732856	0.04623693	-0.00817605	-0.07593511	0.00899998	0.17114663	0.09058077	0.22573133	0.23825554	0.25345407	0.20191227	0.14741154	0.15000982	0.15653068	0.15732054	0.13163399	0.09711145	0.18674458	0.37877915	0.31312016	0.06908718	0.12613469	0.19035225	0.13515270	0.23311598	0.17608629	-0.04686745	0.08467761	0.12373797	0.19755972	0.08943851	0.05233155	0.09978872	0.22372777	0.11087536	0.32684974	0.44279354	0.22050742	0.28694322	0.25012949	0.17405449	0.18771853	0.23455085	0.03207479	0.33572436	0.18111946	0.09028010	0.30592283	0.09583457	0.21486036	-0.02767019	0.06636603	-0.12696880	0.06297205	0.04651317	0.20718260	-0.08348428	-0.05422598	-0.04101451	0.05458654	-0.16312808	0.08097581	-0.01762826	0.01110384	0.02663187	0.01694689	0.10166629	0.06162051	0.13994576	-0.02735977	0.05001479	0.10615701	0.23069519	0.26785490	0.24537998	0.20532706	-0.00973370	0.08308931	0.18654177	0.07983268	0.33057173	-0.00274751	0.02559099	0.25814364	0.14233094	0.08726161	0.28668835	0.38488205	0.07575136	0.22248700	0.21351792	0.19659047	0.35681007	0.13437563	0.12625812	0.03858886	0.04943330	-0.05392414	0.01052631	-0.00263771	0.11152576	0.11364704	0.03477722	0.06743238	0.18224595	-0.03196732	-0.13763359	0.07790020	-0.02823700	0.06522532	-0.09046126	-0.03933427	0.09895165	-0.10489658	-0.07411178	0.07072528	0.04082818	-0.05816908	0.04029496	-0.03977726	0.03184511	0.06172203	0.00661802	-0.03256758	-0.00722268	0.08363098	-0.10224051	0.15224750	0.04912667	0.07547743	-0.02417354	-0.03015412	0.09888032	-0.04457946	0.07713863	0.05369118	0.03523485	0.11447764	0.08114488	0.16872744	0.04128000	0.05553010	0.09267256	0.00313838	-0.03418864	-0.07744705	-0.08372724	-0.06722995	-0.03655286	0.04627250	-0.00414046	0.02793653	0.33035552	0.09100900	-0.11057850	-0.01819749	-0.05519809	-0.04118206	-0.02510541	0.06602768	-0.08546330	-0.00119332	0.01701000	-0.01708589	-0.10096781	-0.02092972	0.03828842	-0.06197994	0.02538602	0.08923167	0.13755326	0.04408495	0.03258977	-0.07343838	0.12059305	0.03089897	0.11190904	0.18104618	0.02844005	0.06303558	0.09151182	0.09315482	0.01026441	0.02494396	-0.05699731	0.01813534	0.08816088	0.06942098	0.22118858	0.05588035	0.15983225	0.03361757	-0.01820766	-0.09307726	-0.01923065	0.05622080	-0.01857575	0.13667899	0.09979470	-0.05845031	0.15999848	0.04589988	0.00952632	-0.06660515	0.10533450	-0.05777598	0.09551433	0.19598189	0.18263148	0.16626944	0.22042531	0.14974625	0.18953431	0.08427234	0.20789906	0.13748665	0.25399479	0.12985808	-0.01002970	0.14366526	0.26567504	0.11939048	0.27526543	0.13640769	0.08023855	0.24298933	0.26000583	0.17285486	0.20663329	0.18951385	0.14964079	0.23186323	0.38475090	0.31568890	0.14889547	0.29938654	0.33926642	0.10394576	0.32383354	0.44508117	1.10691613	0.39609131	0.23022212	0.31851297	0.17623234	0.43027274	0.24689146	0.32241520	0.39240045	0.21783771	-0.02812015	0.07973627	0.06888049	0.08400663	0.20762718	0.13970302	0.13279711	0.06560874	0.15870377	0.02228742	0.08486935	0.14427700	0.03585679	0.00425630	0.10097919	0.04407821	0.11380738	0.09989153	0.06394051	0.05653793	0.07332133	0.11468147	0.09013271	0.22734475	0.20862093	0.12507764	0.18265198	0.23422583	0.20446221	0.19599803	0.29816217	0.05785253	0.05190044	0.17176296	0.22080436	0.31740416	0.28226921	0.25376374	0.35041152	-0.09483848	0.43500578	0.34891280	0.26394270	0.14487539	0.26610073	0.18731452	0.21876987	0.05837596	-0.11249699	0.03947580	-0.03161285	0.01167971	0.07429301	-0.03223439	0.01114986	-0.01858106	0.24378911	0.02766497	0.12703017	-0.16453578	0.05240409	-0.03696537	-0.04036685	0.02950350	0.04053339	0.04125528	-0.00966920	-0.06023954	-0.05462313	0.10647691	-0.06136128	-0.00288282	0.04067476	0.09632126	0.11157463	0.05364314	-0.00106733	-0.01862120	0.04608297	0.20733699	0.10921935	0.20506749	-0.00316836	-0.05982304	-0.05006150	-0.02346026	0.01045224	0.03382895	0.03711160	0.12445471	0.00839634	0.08143257	0.02178905	0.09778205	-0.02504827	0.02962587	0.09046666	0.13051437	-0.03733922	0.00372908	-0.05778562	0.02908366	0.05856068	0.04589497	0.07689732	0.06444731	0.15381791	0.03414613	0.16910431	-0.07036861	0.12281418	0.05743609	-0.03624099	0.08678296	-0.00351865	0.03297994	0.09531369	0.11013484	0.16863013	-0.02189202	-0.03139671	0.05580163	0.03703564	0.00661484	0.04766866	-0.05954164	0.05159842	0.08729279	0.13492488	0.01608219	0.05357006	0.00957339	-0.01126816	0.23731042	-0.09607362	-0.12053427	0.00179448	0.21866445	0.16245937	-0.05965673	0.05174370	0.00015636	0.10004540	0.04073954	-0.04652622	-0.08992610	0.01962129	0.05917818	-0.00661998	0.21339177	-0.09235465	0.08423759	0.13988167	-0.00765680	-0.00269692	0.01809394	0.06239823	0.10524204	0.31133402	0.10093910	-0.02045496	0.17010904	-0.03514781	0.03679065	0.21813392	0.15814847	0.00346316	0.11667669	0.15066576	0.01588233	0.03839942	0.05741780	0.11257586	0.05280953	0.20281771	0.09869297	0.15775393	0.25314914	0.03324681	0.17157891	0.27966193	0.06531999	0.28030384	0.24543628	0.09511304	0.00434078	0.11666890	0.10823183	0.05157645	0.15419171	0.12415263	0.06692400	0.10731739	0.14009833	0.18299028	0.17336962	0.10169645	0.12184497	0.31461865	0.20497940	0.11718035	-0.00354431	0.08306406	0.15963011	0.05708586	0.06319413	-0.00916558	0.03667968	0.02246960
17Networks_RH_SomMotB_S2_1	0.07318013	0.07892839	0.16305166	0.06090802	-0.03850821	-0.00328966	0.03461866	-0.00965084	-0.03397160	0.10252315	0.00847653	-0.03715915	0.12827933	0.10629229	0.09897605	0.05887515	0.10997139	-0.03488824	0.09731329	0.08603072	0.06912918	-0.00918840	0.08659154	0.25939003	0.07888246	0.01419262	0.16492006	0.07415327	-0.00277784	-0.04359228	-0.04374465	-0.09174068	-0.07976806	-0.05581513	0.04393352	0.01445127	-0.13135259	-0.06616979	-0.01609203	-0.06780981	-0.04057021	0.17792752	-0.06927695	0.31159809	0.37641191	0.25617756	0.41385350	0.16203128	0.11129112	0.22789352	0.21226030	-0.01438350	0.09496135	0.18932660	0.21858818	0.17560817	0.21162738	-0.17795720	0.16160997	0.00392075	0.12452010	0.03636258	0.07348225	-0.02750386	-0.04008463	-0.08715230	-0.04673296	-0.04405550	0.00258207	-0.10653514	-0.08092037	-0.09936667	0.18867526	0.15140150	0.06062235	0.04347736	-0.13980263	-0.00771852	0.03093266	0.07413347	0.03055596	0.15011603	-0.01539844	0.19899582	0.09762226	0.27626991	0.00336201	0.04914163	0.27503723	0.29002753	0.14965403	0.29084126	0.28536692	0.18909230	0.09994903	0.08095909	0.00074906	0.08134864	0.15279112	-0.00209320	0.02783767	-0.04791915	-0.06328930	0.09146132	0.01771972	-0.09040424	0.11783326	0.00836717	-0.08860940	0.04869537	-0.02445916	-0.17731101	0.14900844	-0.01713406	-0.08078322	-0.06203900	-0.04207705	-0.01610654	-0.09994749	-0.01931153	0.10643401	-0.01550633	0.01209024	0.02662506	-0.04926655	0.10079887	0.11244854	0.15899892	0.04508620	0.01736239	0.10765086	0.02911779	0.14302409	0.08689445	0.07913421	-0.01059929	0.02738442	0.09466759	-0.12299173	0.16029893	0.08200612	0.05083181	0.22045309	-0.04634527	-0.01411836	-0.09058414	-0.04686253	-0.04922053	-0.03118188	-0.01518126	-0.07916060	-0.00250952	-0.03951807	-0.13920747	-0.01270621	-0.15384298	-0.13978865	0.11469696	0.00484369	-0.12383489	-0.04172561	-0.08299500	-0.01526959	-0.00205765	0.03062698	0.06128465	-0.06968933	-0.02916867	0.02253317	-0.05545388	0.19710147	0.04000777	-0.08138060	0.01971218	0.11662030	0.12422080	0.07615992	0.01141521	-0.07946229	0.09801723	0.05614744	0.16827813	0.00996250	0.01104287	0.02500372	0.01821081	0.10907145	0.05030673	-0.03379445	-0.09765672	-0.03545778	0.06339747	0.18517759	0.19450240	0.03574953	0.27932926	0.11758776	0.11416161	0.03388789	-0.01060888	0.08830202	0.17376391	0.25708625	0.16154912	0.05880492	0.16220506	0.07950143	0.08052543	0.03924124	0.14863050	0.08299303	0.13890935	0.23908604	0.20447527	0.07411246	0.03194216	0.10821297	0.05898046	0.04208490	0.13111556	0.06692881	0.16808437	0.04505598	0.02762450	0.14818373	0.18362752	-0.05028820	0.00514059	0.03149876	-0.09473131	-0.00475357	0.03066283	-0.08051595	-0.00978238	-0.02302278	-0.09526534	0.02655969	0.01736798	0.06253606	-0.06964400	0.07143171	0.07557779	-0.15146736	0.24710979	0.41338334	0.39609131	0.97826405	0.22688470	0.29655512	0.19749318	0.33543830	0.27618725	0.03713495	0.33289146	0.29781846	0.06583298	0.11199892	0.13597590	0.00432515	0.12613212	0.12442515	0.02519084	-0.12148716	0.10108487	0.06563442	0.08808571	-0.00573418	-0.00765615	-0.08987268	0.11772189	-0.09833617	-0.10134086	0.08388527	0.32459894	0.20743140	-0.02625788	0.12643300	-0.10122125	0.03555541	-0.00745066	-0.08605795	0.05572537	0.08482734	0.03717913	0.13156042	0.28659051	0.10196417	0.07601040	0.16727629	0.17400795	0.22448249	0.37493226	0.21518356	0.25374952	0.05287751	0.20026648	0.05793247	0.04383274	0.14022887	0.05023403	-0.07164799	0.04676564	-0.04615734	0.02126598	0.12703192	0.05578753	0.07865536	0.03720773	0.00546631	0.02253595	0.09040822	0.12834800	-0.07331374	0.05842559	-0.13719570	0.04170730	-0.09598724	-0.03724152	0.12132397	0.10420681	-0.09061416	0.07263818	0.02549672	-0.03984150	0.13894646	-0.05861662	0.03896342	0.00670878	0.06675407	0.14998941	0.10172927	0.05440601	0.13581813	0.07938427	0.24640989	0.05062514	0.16517966	0.06114644	0.07954463	0.06962211	0.08134829	0.01935078	0.05006743	0.03714164	0.04098179	-0.04521374	-0.01915258	0.03345696	0.05386489	0.13587180	-0.02093912	0.06631102	-0.10153194	-0.12007527	-0.10329367	-0.20931637	-0.09835439	0.03300472	-0.01413014	0.03431878	-0.00768666	0.02627239	-0.05494969	-0.00079096	-0.11800601	0.02121516	-0.06536713	-0.07914616	-0.00895844	0.02954648	-0.02065146	0.14045623	0.16204504	0.15771466	-0.03132625	-0.03160765	-0.04708689	-0.07095787	0.06042672	-0.00808077	-0.03885637	-0.02555557	0.02442918	0.05498483	0.02950756	0.14740316	-0.01805319	-0.04074055	0.14375838	0.03420440	-0.12393711	0.00749067	0.11411971	0.10497463	-0.13768319	0.11311154	-0.03183425	0.24629300	0.02338141	-0.03064476	-0.06802583	-0.06472147	0.08729684	-0.02372975	0.17233030	-0.03426840	0.03507061	0.04488192	0.09357112	0.00591413	-0.03895289	0.02016089	0.03019928	0.11774031	0.17284996	0.11154729	0.06254350	-0.14802147	0.07792023	0.14442698	0.04620313	-0.05712395	0.11393014	0.03637991	0.03364747	0.07838993	0.08219538	-0.01482496	0.01123171	0.02151421	0.14588506	0.18476947	0.04014351	-0.05734196	-0.00013487	0.02606204	-0.03300741	-0.02414880	-0.10793118	-0.02223720	-0.11964581	0.00322410	-0.00959440	-0.00927355	0.03624046	0.02432691	0.05641378	0.11164619	0.09805202	0.03949037	0.02738426	-0.01472299	-0.03323520	0.02768758	0.03309615	-0.06205658	0.04484833	0.12914762	0.11979234	0.22510646	0.11180210	0.11963550	0.14879805	0.04969318
17Networks_RH_SomMotB_S2_2	0.09348005	0.15848035	0.12009941	0.14713440	-0.11594930	-0.03551904	0.12875448	0.08357262	-0.00698155	0.08192449	0.00829851	0.15728686	0.21460964	0.17769726	0.16923160	0.05495715	0.06462809	0.02754736	0.08499625	0.11076069	0.10102654	0.13151281	0.03485176	0.23971115	0.28970566	0.02669005	0.15137325	0.21240538	0.16921987	0.07098957	0.19583071	0.03452565	0.06990004	0.09130704	0.18152306	0.06305935	-0.03840055	0.23414622	0.30106294	0.04921433	0.19447814	0.37275624	0.12428116	0.22252363	0.23184026	0.23928857	0.16804533	0.27423313	0.00069066	0.13822515	0.05095410	-0.03399241	0.05677503	-0.02680013	0.05175937	-0.14221162	-0.01923229	0.03592784	0.07122594	0.05780821	0.14083999	0.04981574	0.13635346	-0.02568684	0.13702385	-0.03978200	0.00767839	0.11479066	0.08020954	0.09594039	0.08279606	0.08638775	-0.05820332	0.03191599	-0.02385147	0.04724558	0.05854637	0.19225334	0.25977070	0.26090380	0.28259240	0.12704682	0.08021383	0.23100295	0.12152281	0.21384519	-0.03882519	-0.11599839	0.13728628	0.07464977	0.11028137	0.16067901	0.30863519	-0.00740285	0.12796734	0.12442553	0.19294359	0.27978348	0.21815100	0.12988476	-0.06148967	0.01891042	-0.05120467	0.04331032	0.10774538	-0.05145085	0.01110119	0.11408790	0.00803471	0.24498727	0.02654330	0.03085384	0.13178035	-0.10606322	-0.02011369	-0.04278736	-0.24385612	-0.04135386	-0.01713463	-0.01447853	0.07892566	0.15475623	-0.12904881	0.02079732	-0.11377315	0.07559879	0.12847395	0.08995557	-0.04785938	-0.07385925	0.10642844	-0.01706615	0.13267549	0.06250359	0.11899004	0.04367093	0.00408614	-0.02346060	0.12134401	0.14517040	0.17602760	0.07237379	0.14949719	0.01689903	0.15457316	0.03726691	-0.00682433	-0.03531847	0.10623456	0.05420017	0.03868465	-0.01525825	0.08265464	0.12908252	0.14986042	0.03496937	-0.01095947	0.35079366	0.11390590	0.00358799	0.09650324	0.10419563	0.14417464	0.04112177	0.16169138	0.07452852	0.08705709	-0.03417869	-0.03539059	0.11529906	0.08626823	0.13280894	0.11134342	0.04927615	0.17659724	0.16420737	0.09944494	0.05245496	0.04102052	0.12937180	0.05405882	0.16170328	0.16787981	0.09292398	0.16442700	0.13941649	0.12926175	0.03553107	0.01388997	0.10952623	0.08304894	0.11228263	0.16041391	-0.01534907	0.07639945	0.08695631	0.04824206	-0.11663627	0.08147440	-0.03366565	0.17882616	0.04858538	0.18095755	0.20041428	-0.09116043	0.10701939	0.08296426	-0.03132304	-0.10357370	0.07651681	-0.07645289	0.13594835	0.16861941	0.10979475	0.14780004	0.13496087	0.15960220	0.13234321	0.13512319	0.11719182	0.08799397	0.09700619	0.15700693	0.04252244	0.00740654	0.19474212	0.15844581	0.25452186	0.17865854	0.14160807	0.23906296	0.29440214	0.14044882	0.15362256	0.14947968	0.21464408	0.25405158	0.31792265	0.30813233	0.20212547	0.22582881	0.18926500	0.11511559	0.26027715	0.36685420	0.23022212	0.22688470	1.06417057	0.20776189	0.12602385	0.38077998	0.15619358	0.15210519	0.31688346	0.16127603	-0.02468574	0.08480404	0.15952716	0.10895302	0.19806033	0.06715156	0.17200720	0.12074319	0.16374255	0.14655088	0.15008650	0.19429485	0.15514938	0.16773783	0.22742557	0.17867424	0.11454322	0.07941345	0.01490007	-0.01692687	0.07270729	0.12006571	0.09161671	0.27763078	0.28615508	0.18166424	0.29016307	0.10116661	0.10963082	0.10000268	0.14795148	-0.05335145	-0.05279439	0.26748572	0.09155396	0.19962594	0.18073390	0.16066444	0.23615184	-0.08202445	0.35134060	0.39787667	0.13399309	0.07463507	0.14502114	0.14495948	0.15710483	0.09017903	-0.17287214	-0.08526878	-0.06762515	-0.05013559	0.01389263	0.04420932	-0.03878153	0.03110339	0.17162844	0.02074178	0.18678409	-0.13707653	0.02642089	0.13069155	-0.11586010	0.07883175	0.05851783	-0.11375340	0.13480365	-0.07397863	0.16795755	0.14700798	-0.17882996	-0.00572024	0.02854100	0.15122220	0.10047888	0.05776572	-0.05423390	-0.08347929	0.04206764	0.21816357	0.04741550	0.12435731	-0.06351139	-0.10526944	-0.14956966	-0.06217149	0.01458893	-0.05682049	-0.02618620	0.05492813	0.09535101	0.08597855	-0.01525331	0.04754925	-0.05411599	-0.08029625	-0.08338119	0.12615127	-0.02074547	-0.03516015	0.06734397	0.02823978	0.19087362	0.03659249	-0.01011035	0.24641771	0.16483666	0.16685161	0.12652602	-0.02631191	0.12014496	0.05473326	0.09698892	0.09899960	0.10699159	0.13157561	0.00841478	0.16535787	0.14196291	0.04743377	0.05037471	0.07504627	0.04363249	0.08142040	0.06263697	-0.05737872	0.15204601	0.08908106	0.07631469	0.10044805	-0.02385876	0.07197726	0.06784350	0.13804354	0.23197271	0.15133543	0.12488690	0.02720375	0.12062238	0.02821339	0.00869647	-0.02463546	0.12515498	0.03751194	-0.05912035	-0.03426175	-0.09937613	0.06650053	0.03186899	0.07961663	-0.03376393	0.21587807	0.15624382	0.14087319	0.00698559	0.07193214	-0.05100265	0.09454364	0.12393231	0.13952888	0.17328470	0.04212555	0.03857520	0.03291153	0.12757275	0.11571575	0.12660456	0.10827928	0.21133272	0.16724241	0.00499698	0.09964816	0.13293365	0.13363800	0.22983603	0.16099149	0.29947036	0.23778776	-0.03232963	0.07946304	-0.01589918	-0.04156621	0.12499062	0.09265535	0.07577829	0.05160271	0.11508302	0.10385863	0.13644567	0.13472915	0.16910440	0.02013956	0.20144935	0.22010464	0.15606193	0.14357210	0.20450321	0.17205851	0.14635777	0.00883313	-0.00020432	0.08120083	0.15790291	0.19055396	0.17899144	0.15806548	0.10251496	0.11859059	0.05055852
17Networks_RH_SomMotB_Aud_3	0.09750619	0.13874848	0.18330919	0.14907811	0.09536626	-0.21774850	0.11498426	0.01306508	-0.18190992	0.05316847	0.00430340	0.10341810	0.05323981	0.21006309	0.08060577	0.10541574	0.12361801	0.00580890	0.12002829	0.11743180	0.07083082	0.05701689	0.07613242	0.28110037	0.19093909	0.18071454	0.17172287	0.23661672	0.17089971	0.14868586	0.03794439	0.09218807	0.17498494	0.04916892	0.08742270	0.23039512	0.05777721	0.03996285	0.18843514	0.19849727	0.12381508	0.17828379	0.26201998	0.27230460	0.32226649	0.07381587	0.07378143	0.14921719	-0.04166746	0.33145386	0.28601328	0.11641785	0.32099509	0.29074265	0.18653375	0.10026663	0.16238027	0.17123816	0.13744240	-0.00372928	0.02203153	-0.05298098	0.08628799	0.06879895	0.00939894	-0.03830917	0.25881850	0.18112784	0.12709064	0.11434748	0.28419784	0.23030114	0.25137912	0.21640604	0.17346829	0.16005236	0.12933811	0.17059638	0.28235658	0.18571294	0.07816789	0.13054657	0.13639917	0.28420206	0.09943278	0.28518520	-0.18691211	0.18082482	0.30303728	0.11977082	0.09825509	0.12603701	0.23683143	0.05372445	0.36684098	0.30484883	0.19902972	0.35045948	0.06545342	0.07760441	0.19665414	0.05884210	0.22377329	-0.09630296	-0.25290906	-0.02645803	0.11914396	-0.09724621	-0.04150752	0.02109236	-0.02464158	-0.15940884	-0.18055903	-0.10626140	-0.05914410	-0.03588860	-0.02160965	-0.06056798	-0.03661687	-0.07987388	0.26106202	-0.01299215	0.17060464	0.16558947	0.10300873	0.21902221	0.15527523	0.03460971	0.10392356	0.13672038	-0.07278811	-0.03206699	0.13835322	0.05482008	0.11546399	0.06618885	0.01389017	0.18644707	-0.09115498	-0.02077875	0.00089335	0.02072808	-0.11167641	0.00104708	0.19739939	0.09008193	0.03863766	-0.00382144	-0.21819461	-0.09261445	0.04548872	-0.11885022	-0.14631381	-0.06369770	-0.09915192	-0.11702448	-0.08609672	0.13589675	-0.04031555	-0.12097657	-0.09301361	-0.08095630	-0.01926313	-0.12329241	0.10502752	-0.11100736	-0.16911255	-0.29524618	-0.09441413	-0.32800756	-0.12368666	-0.29108882	-0.20531095	-0.24721174	-0.07755160	-0.08231604	-0.08506934	-0.07053643	-0.08960920	0.02997534	-0.12363884	-0.05031440	-0.23849615	-0.09537273	-0.27478259	-0.19138601	-0.17197502	0.18109371	0.08324645	0.02471318	0.00146618	0.07620979	0.00053667	-0.00201883	-0.08182288	0.08619065	-0.14496793	-0.06540723	0.00430254	-0.23741911	0.05534242	0.06212112	0.10557432	0.13267475	-0.02160790	0.21247577	0.01308364	-0.04083113	-0.14100531	0.12149031	-0.02820488	0.07414307	0.08612745	0.18147196	0.14622557	0.18946134	0.13611522	0.04456795	0.01487004	0.17094807	0.07680013	0.24743323	0.12823729	0.15009664	0.36776184	0.38440407	0.11243947	0.21269583	0.18299252	0.10571110	0.04652775	0.16264194	0.03937803	0.08055422	0.24597497	0.06285162	0.03363784	0.12179594	0.15296674	0.06913279	0.26845515	0.20857537	0.03528529	0.42692036	0.52313024	0.31851297	0.29655512	0.20776189	1.09061830	-0.04939190	0.48081937	0.24653952	0.24822388	0.48169387	0.32426311	0.12212402	0.34945519	0.30144931	0.08433413	0.17204913	0.11033913	0.26152975	-0.08451451	0.06565543	0.25980518	0.12741596	0.28243520	0.18189460	0.18379464	0.27640554	0.11475393	0.20226883	0.26565530	0.23624620	0.26137306	0.20082082	0.25896017	0.07970256	0.29875759	0.10272940	0.02659621	0.33506062	0.26206322	0.33221129	0.37748992	0.44194918	0.26340271	0.00195850	0.05425276	0.26654786	0.25964550	0.15868085	0.20844279	0.28882791	0.07128267	0.33484616	0.08330978	0.38393379	0.21009053	0.36258174	0.21672605	0.12199559	-0.04881591	0.07144386	0.05716593	0.25570247	-0.07216226	0.16011734	-0.08919218	-0.01801913	-0.12367051	0.09891581	0.05761642	0.09846852	-0.21959091	0.04657434	0.07188667	-0.28684510	0.00363450	-0.03410856	0.06546340	-0.10088394	0.06997334	-0.11876415	0.28085661	0.19451681	0.06383545	0.21832583	0.04392273	0.05795430	-0.19155183	0.08406041	0.03934185	-0.21249227	0.21666444	-0.02800747	0.13765604	-0.09309055	-0.02540345	0.18028428	0.00961461	0.31586771	0.11892206	-0.05679158	0.07397915	-0.10817690	-0.07255849	0.14660854	0.09304162	-0.03135668	-0.01653672	0.07463022	-0.11094384	0.01503988	0.13835442	-0.16778789	0.11596911	-0.14836581	-0.12358830	-0.03781473	-0.05396381	-0.02259220	-0.04026407	-0.03582912	-0.10663734	-0.03947200	-0.07115265	0.03473274	-0.02369585	-0.06202259	-0.04137835	-0.00867163	0.04536828	0.03046602	-0.21931232	-0.16569860	0.06128588	-0.10979156	-0.02496829	-0.10176453	-0.08970378	-0.14469039	-0.24442529	-0.07145551	0.10393839	0.17863870	0.00249870	-0.03432439	0.03011291	0.12919285	-0.09423386	-0.13856108	0.09639600	0.15394652	-0.31906313	0.09149881	-0.23591888	0.20148244	-0.18378173	-0.09669609	-0.14608379	-0.22033960	0.11170665	0.10030171	0.02682158	-0.13172143	-0.07825987	0.10868758	-0.02199506	0.01926389	-0.09207738	0.03246002	0.24020670	0.22501322	0.15619490	0.06236784	-0.04739817	-0.10000296	0.02677259	0.16234951	0.06411303	0.03355692	-0.02934089	-0.01515333	-0.08332428	0.03754204	0.04264763	-0.02533480	0.21382184	0.26328153	0.11769825	0.15094696	0.18332917	-0.02219325	0.13597519	-0.06969997	-0.00664608	0.12202417	0.07324461	0.02037423	0.04522583	0.03940150	0.09240185	0.12032126	0.08071092	0.01984309	-0.03260738	0.03048286	0.09965955	0.14485245	0.12286581	-0.06276794	0.04038654	0.14278884	0.14791239	0.08754441	0.16543869	0.19451324	0.15203313	0.13153331	0.08337580	-0.00834660	0.10647065	0.03738791
17Networks_RH_SomMotB_S2_3	-0.01732275	-0.02485804	-0.00345425	0.02504337	0.03862447	0.08142068	-0.06092696	0.05754701	-0.01482536	0.01004146	0.03506186	-0.06634154	0.15255862	0.14482018	-0.03477464	0.17226441	0.21525992	-0.05179913	0.03566375	0.05489712	-0.03551900	-0.02606041	0.00990781	0.11760132	0.18295442	-0.03967162	0.12967132	0.15629856	0.15525990	0.01170381	0.19472484	0.07985753	0.17570628	0.26749906	0.20479374	-0.07361198	0.03994280	-0.00316339	0.03637017	0.05818969	0.06442548	0.16618532	0.00280564	0.01230501	0.04193967	0.09774886	0.29836651	0.21853194	0.02631636	0.07322759	0.10580892	-0.02137976	0.08903730	0.04030843	0.16200941	0.19413378	0.18253520	0.16569622	0.10157994	0.01820528	0.05926410	-0.02952468	0.01342685	-0.03014593	0.02325195	-0.03443031	-0.00798592	-0.06066601	0.01948647	0.09198201	-0.05559613	0.04576607	0.04324622	0.03898236	-0.03141705	0.11681421	0.08282356	0.16362463	0.06150690	0.08325928	0.03260812	-0.00511984	-0.08765284	0.10031941	-0.01862654	0.14662173	-0.12248157	0.02677508	0.16300759	0.06651908	0.09631280	0.34848285	0.18668997	0.02991902	0.14970411	0.01078527	-0.00027402	0.18922450	-0.02845785	-0.02982050	0.07208378	0.02045715	-0.02885314	0.04920085	0.00371013	0.10968044	0.03286230	0.03854831	-0.05452936	-0.00167729	-0.09316235	-0.09735873	-0.15956413	0.02377343	-0.02312031	-0.06972584	0.02925758	-0.05519510	-0.10577275	0.00040027	-0.02276368	0.04154112	-0.09045336	-0.11416524	-0.06547570	-0.10556019	-0.08897259	0.03532830	0.01139187	-0.01289506	-0.09228731	-0.14479965	0.13369504	-0.00932101	0.05094698	-0.15914986	-0.08471292	-0.09762119	-0.09435372	-0.01584225	-0.13570865	-0.02717117	0.01111474	-0.11062353	-0.06731668	-0.10398344	-0.06446485	-0.03614471	-0.12609887	-0.14394522	-0.13736125	-0.12613108	-0.13354453	-0.15059018	-0.09248111	-0.07044076	-0.05714293	0.12714630	-0.09358276	-0.15843204	-0.11661089	-0.02439087	-0.10205516	-0.06497852	-0.06672997	-0.00750307	-0.04588581	-0.11145334	-0.06170172	-0.04178073	0.03519305	-0.00850741	0.00756159	-0.01025915	0.02422253	0.01515337	-0.07209038	-0.03579075	-0.00665333	0.01653005	-0.06016030	-0.06948690	0.06539570	0.02412641	-0.04259767	0.07852996	0.10524449	-0.12260305	-0.03218045	-0.13240772	-0.10109209	0.09033652	-0.02035568	-0.04781536	0.03824280	-0.01683344	0.02821707	0.08628134	-0.01987948	-0.11580291	0.11938907	0.07278128	0.13276057	0.03730510	-0.05144145	0.09057256	-0.06493630	0.08982862	-0.02286262	0.11431636	0.03041514	-0.02405390	0.18109852	-0.01445381	0.10665034	0.06523218	0.16025622	0.04231766	0.06648617	0.08594201	-0.03162961	-0.01289815	0.10053330	-0.01218695	0.07182675	0.13281845	0.23106835	0.14607141	0.18088730	0.19886150	0.09236625	0.23372496	0.19435413	0.19571140	0.10733238	-0.01826191	0.06977686	0.07583134	0.04848359	0.10979767	0.05643082	0.15997225	0.03871191	0.10879912	0.07882666	0.17623234	0.19749318	0.12602385	-0.04939190	0.98609674	0.18547341	0.11586659	0.18649732	0.16619987	0.17990460	-0.03893273	0.08175825	0.08297397	0.16421730	-0.05380583	-0.09824434	0.06031662	-0.12111532	0.06253688	-0.06406593	-0.00756763	-0.09124194	-0.07067303	-0.08051415	0.08085567	0.10629455	0.09540882	-0.13564642	0.02805064	0.00431645	-0.00612285	0.11418081	0.17714786	0.05127820	0.09742178	0.01078484	0.06856944	-0.06808411	0.04490234	-0.03844455	0.07362901	-0.01411858	-0.05011181	0.04185628	0.08756375	0.08165378	0.23078689	0.17088344	0.20737563	-0.04969179	0.25934040	0.23831138	0.06181429	0.05662736	0.10161005	-0.01441582	0.05241132	-0.04287777	-0.19289141	0.00274611	-0.11920235	0.02568976	0.05586092	-0.01180625	-0.00731368	0.05288108	0.16445318	-0.15132365	0.02985709	-0.16732976	-0.03146574	-0.08826861	-0.08611821	0.03438298	-0.09544589	0.05930879	0.01571028	0.05757063	-0.11712567	-0.03391772	-0.05202197	-0.11825906	0.01110413	-0.07749834	-0.01011850	-0.04540640	-0.02071066	0.00239653	0.00174517	0.09928319	-0.03013449	0.03653828	-0.20141293	-0.16980302	-0.04217356	-0.03760185	-0.00259653	-0.07435788	-0.10594990	-0.06756323	-0.00871679	-0.10758639	-0.08154318	-0.08208913	-0.05572223	-0.08760073	-0.16418599	-0.08201448	-0.17648176	-0.14113547	-0.10286838	-0.03481343	0.04135226	-0.06484410	-0.06373612	-0.00335559	-0.05748930	-0.14061377	-0.12261790	-0.09798931	0.07369497	-0.08584094	-0.11167316	-0.12449322	0.01074335	-0.06748058	-0.06722796	0.06855490	0.02344907	-0.12350491	0.01694797	-0.05244322	-0.04912594	0.01449932	-0.01619352	-0.06765992	0.00593514	0.02419811	0.02610833	-0.14233690	-0.07585450	-0.08186430	-0.12152731	0.09980178	0.08183674	-0.01293799	0.03169917	0.15116573	0.00007383	0.05974665	-0.09862039	-0.03952899	0.05999109	-0.04733040	-0.14503575	-0.11691840	-0.01972777	-0.05547200	0.01896515	-0.00899363	0.03714634	0.13254170	0.16603057	0.14639212	0.11490900	0.28760544	0.12766807	0.02675202	0.12848619	-0.00854748	0.00398238	0.06875378	-0.10461219	0.00523323	0.08382486	0.08729170	-0.13120374	0.03631516	0.01383477	0.14070611	0.13748085	0.12277960	0.12273707	0.02638141	0.10358045	-0.06013222	0.02051726	0.00225094	0.00547349	0.12508437	0.12920759	-0.12078489	0.02525520	0.08901732	0.02179089	-0.10541505	-0.06371818	-0.04105056	-0.06324863	-0.08523712	-0.05222291	-0.10010866	-0.01100151	0.16422854	-0.03943239	0.25958680	0.18957145	0.18645088	0.16650635	0.03896896	0.02298593	-0.05216024	-0.05904364	0.02135234	-0.09672130	0.01415049	-0.03583197	-0.06747107	-0.08637311
17Networks_RH_SomMotB_S2_4	0.10230012	0.17375546	0.09890140	0.14398281	0.03874737	-0.16785903	0.00843570	0.21186554	-0.10103890	0.18693229	0.04080286	0.14969808	0.26482508	0.40690886	0.23372510	0.27511563	0.23015007	0.06825083	0.11097155	0.19032723	0.10504371	0.20118171	0.19239654	0.38876489	0.43156818	0.19452678	0.29744919	0.39556034	0.36019027	0.25375441	0.29501671	0.08569032	0.27001202	0.21190942	0.26139590	0.21880459	0.08989755	0.16694024	0.32760032	0.16234558	0.40479193	0.48995584	0.31851380	0.37022796	0.37149107	0.27756142	0.24815050	0.28874971	0.00149427	0.38462554	0.32622671	0.12327859	0.38203158	0.19772918	0.32025659	0.17660380	0.20524024	0.14292690	0.20142960	0.13797320	0.24970781	-0.00118802	0.09542486	0.13130061	0.13408334	-0.05785883	0.24292827	0.19861206	0.27366412	0.20451709	0.19463872	0.28863858	0.15542917	0.26812389	0.17259401	0.24785087	0.24607574	0.41088042	0.30380476	0.34743253	0.26517942	0.17466773	0.19217436	0.34353383	0.20177233	0.41050159	-0.04408179	0.08288843	0.28360014	0.16605665	0.16065348	0.26300619	0.37475275	0.06796501	0.31737837	0.30026914	0.28257608	0.43413445	0.21884486	0.16926477	0.08358673	0.11896217	0.07907406	0.01172304	-0.07520931	-0.00083116	0.00435803	0.04564518	-0.03893658	0.17327324	-0.01128848	-0.12586820	-0.08840951	-0.06552358	-0.03063877	-0.10938093	-0.09371624	-0.04117567	-0.06654920	-0.04368168	0.28074784	0.17214175	0.06348731	0.16564494	0.14898809	0.18982682	0.18012272	0.02648081	0.04745258	0.09429492	0.03374361	-0.03044810	0.20223927	0.05812523	0.16308447	0.01016291	0.07079530	0.20008898	0.00310351	0.05990160	-0.03182410	0.03944033	0.07045827	0.01212134	0.15563631	0.09991566	-0.00602114	-0.05967910	-0.06000563	0.04776854	0.02925074	-0.04415147	-0.02127259	0.04831142	0.02908965	-0.04978355	-0.06138931	0.25534996	0.01972523	-0.04279147	-0.02078785	-0.05092271	0.06593952	0.01145787	0.03260200	0.02137233	-0.02537225	-0.04751114	-0.02637154	-0.09657590	0.02706548	-0.08371123	0.04559345	-0.02302144	0.07151228	0.09229223	0.03841977	0.05463270	-0.01887982	0.09984866	0.04049011	0.09572909	0.04687831	-0.09263609	-0.05895381	0.03193464	0.03778671	0.15014012	0.09503534	0.07487389	0.06113616	0.17568422	0.10364744	0.12690754	-0.04513805	0.20044577	0.00925823	-0.00286659	0.13095215	-0.07633732	0.21966328	0.10381143	0.20131744	0.09786576	-0.10821948	0.09764258	0.01060485	-0.03982521	-0.17009046	0.20245804	-0.05211356	0.16263936	0.23524885	0.19050940	0.26084484	0.24620210	0.19666678	0.14746147	0.07907162	0.18280194	0.14374203	0.19819529	0.18831740	0.07812586	0.31476950	0.44835829	0.28106110	0.30391437	0.31324818	0.28152434	0.21774690	0.41952763	0.22557448	0.28992392	0.37855041	0.17973839	0.26355869	0.35431746	0.31338027	0.23691639	0.35760017	0.37993327	0.14157522	0.45448956	0.54169110	0.43027274	0.33543830	0.38077998	0.48081937	0.18547341	1.02863186	0.31451139	0.30629824	0.59876595	0.44117165	0.12020995	0.30206671	0.35322825	0.28664718	0.20750713	0.11543136	0.33908484	0.02814130	0.20428499	0.25946460	0.18259786	0.28259856	0.26040650	0.28500794	0.29258693	0.25441182	0.26680401	0.25388016	0.16237588	0.21210688	0.29905175	0.28287079	0.20524673	0.37099555	0.29717900	0.13037777	0.46768132	0.26860025	0.28183721	0.26365387	0.41826894	0.16926027	0.05984186	0.15113306	0.19597886	0.28787997	0.21112924	0.18359851	0.37679023	-0.05852676	0.44189891	0.39147130	0.42887383	0.23797691	0.37021419	0.27215203	0.19197905	0.02811977	-0.06357101	0.03693300	0.06306280	-0.01438723	0.21574444	-0.01267604	0.03917172	0.05313708	0.20006986	-0.04808333	0.19284632	-0.14798476	0.13196093	0.04508049	-0.13192013	-0.00631507	0.04900597	0.05253327	0.04097919	-0.03696893	-0.00020067	0.30845755	0.02028640	0.02698529	0.23509211	0.15045245	0.08674620	-0.02795842	0.02107660	-0.01806089	-0.06457282	0.26565209	-0.01552033	0.18713240	-0.10044093	-0.10873721	0.02857781	0.00653411	0.18769215	-0.00856373	-0.05349321	0.08718334	0.02127693	0.05561257	0.03087614	-0.00311051	-0.01384505	-0.09116664	0.02788886	0.02931657	0.00156176	0.15982053	-0.00461987	0.10911810	0.12268979	-0.02057051	-0.02895768	0.15014361	0.17270822	0.11046808	0.07590263	-0.09205947	0.09597875	0.00049187	0.04497358	0.06956238	0.01868716	0.09598139	0.00829456	0.09089033	0.13028479	-0.14677755	-0.04157687	0.09981128	-0.01162927	0.01363150	0.06956134	-0.03665249	0.10439495	0.00646156	-0.01847514	0.14369513	0.05785294	0.06659437	0.06281622	0.17398549	0.21283107	-0.05768902	-0.00450112	0.12146730	0.20288462	-0.14342225	0.00964578	-0.10866012	0.18801164	-0.05269338	-0.04983770	-0.10421045	-0.01518073	0.01060475	-0.00322540	0.25121556	-0.10958714	0.13291892	0.19730661	0.00678834	-0.02818665	-0.04557857	-0.04091752	0.11050618	0.23111456	0.11566074	0.13547007	0.13199657	-0.04370853	-0.02575783	0.16841549	0.09872672	0.01897335	0.05499924	0.14526841	-0.02905138	-0.02059001	0.10220712	0.00996338	0.03696175	0.26948877	0.09674865	0.17304416	0.35966829	0.18579712	0.25054112	0.18362923	0.16152921	0.30728781	0.25606087	0.19711232	0.05994061	0.25599792	0.18973138	0.15715316	0.12289931	0.07664137	-0.03118614	0.21531613	0.24713827	0.26530412	0.26650358	0.21606750	0.24121013	0.36373900	0.17548835	0.18458886	0.14293211	0.12606559	0.20069060	0.10374930	0.13695064	-0.00482364	0.00786997	0.05842619
17Networks_RH_SomMotB_S2_5	0.09285853	0.08241946	0.11376622	0.11600958	-0.05011133	-0.07986263	0.11769739	0.13638072	0.02076183	0.02893165	0.00914436	-0.02049281	0.14423412	0.19338198	0.11693489	0.12919660	0.14386874	0.02328392	0.05673688	0.13892197	0.08418162	0.06964011	0.08729766	0.19521978	0.26580397	-0.02613413	0.07522223	0.21546380	0.18122603	0.14218659	0.11192181	0.01742080	0.16109739	0.13283054	0.15316910	0.11449938	0.08829771	0.05134736	0.14453076	0.03042370	0.17705158	0.18719805	0.16717198	0.19322892	0.22167163	0.18642651	0.37083457	0.08508981	0.10314594	0.25071922	0.38069816	0.05556958	0.20586403	0.20624692	0.19273543	0.00514287	0.10279864	-0.03264934	0.05721709	0.00766931	0.05416972	-0.03106080	-0.00714892	0.08995538	0.03072991	-0.07202724	0.06849874	0.09845745	0.15220168	0.22815321	0.09422940	0.12050193	0.20992028	0.16421223	0.26872774	0.19465291	0.17072822	0.12919610	0.22432725	0.20854272	0.10771622	0.01813358	0.09175374	0.26453325	0.17244834	0.28285171	-0.04627166	0.07248237	0.23161133	0.18570968	0.07646239	0.11560823	0.21950329	0.03612350	0.18834684	0.23171492	0.14940601	0.24060702	0.07746294	0.13954569	0.03238979	0.09556404	0.12447126	0.10823883	-0.07132237	0.08779024	0.12321406	0.10578688	0.01948151	0.13072924	0.00853305	-0.05772344	-0.02013484	-0.00193247	-0.05736730	-0.01743629	-0.03339034	-0.01731820	-0.01843506	0.04111298	0.26625953	0.00169587	0.03550218	0.08514698	0.11765854	0.17365425	0.11186336	0.03285395	0.00408490	0.15262430	-0.00672755	-0.07839520	0.16584323	0.04217152	0.18278207	-0.01805489	-0.02312829	0.19831583	-0.05416302	0.03668905	-0.00034345	0.03502830	0.09276958	0.08930762	0.07018364	0.00057235	-0.02849891	-0.04762638	-0.06378016	0.00805408	-0.00233454	-0.07530753	-0.09845334	-0.03247336	-0.02267825	0.08222720	0.03246621	0.14066631	0.02391918	-0.05631980	0.05000530	0.02793295	0.05230061	-0.02949104	0.03378920	-0.00934548	-0.00856739	-0.00393100	0.00062103	-0.07232565	-0.00347233	0.01220107	-0.03623679	-0.07552076	0.04018343	0.01396218	0.02125306	0.01690258	-0.02256862	0.07304542	-0.03015183	0.06434722	0.00321514	-0.00512337	-0.06097118	-0.05939392	0.00142239	0.14191655	0.10566691	0.03183039	-0.02626332	-0.01447828	0.21365719	0.13466383	-0.01322752	0.23753436	-0.03868324	-0.01744434	0.13041443	-0.06731007	0.07815032	0.08175433	0.13097088	0.15167845	-0.02332680	0.12679195	0.09078998	-0.04700492	0.00265126	0.00478370	-0.06490498	0.02330379	0.08907045	0.12488539	0.18300582	0.13768941	-0.00705146	0.09589763	0.10226661	0.07767165	0.07505518	0.13175967	0.09841164	0.08350424	-0.08105811	0.05360759	0.14927780	0.15151978	0.14749787	0.13133884	0.10447411	0.16687745	0.06616302	0.14177543	0.17578908	0.01912240	0.05941419	0.07885894	0.16494578	0.15001782	0.14334286	0.12513187	-0.02948351	0.15515077	0.26642723	0.24689146	0.27618725	0.15619358	0.24653952	0.11586659	0.31451139	0.85568769	0.13337600	0.30911714	0.31303284	0.12310123	0.15024914	0.10527392	0.06094492	0.10312246	0.06622557	0.15671992	-0.00154348	0.06418876	0.10261319	0.09119005	0.08183902	0.01028957	0.06109267	0.24370639	0.04965097	0.06522657	0.22396198	0.16006030	0.28834367	0.18915444	0.24940460	0.10192410	0.13166630	0.11066667	-0.01233000	0.11838571	0.21499195	0.10187289	0.17573585	0.34305039	0.15959738	0.06279521	0.01711322	0.17244306	0.18580642	0.29035816	0.19624589	0.10007080	-0.02762669	0.21677448	0.09614398	0.19200938	0.21472506	0.19548002	0.09263197	0.11893770	0.02907143	-0.06889451	0.07566774	0.01223646	-0.00134562	0.12954058	-0.06531360	0.05404556	0.05802721	0.17182423	0.03245616	0.15860625	-0.08451129	0.12043799	0.07835323	0.00777624	0.07658660	0.04167623	-0.03235474	0.04586905	-0.03672914	-0.01952621	0.13825193	0.03642913	0.04927449	0.20891326	0.08761225	0.08665557	0.00135239	0.04448926	0.08750311	-0.06857421	0.21620235	0.07337426	0.17314022	-0.03903237	-0.05892959	0.00502951	0.04671390	0.12938993	0.00588189	-0.04818792	0.03260623	-0.01470582	0.06175948	0.00247393	0.07226503	0.08044369	0.02324720	0.05422624	-0.01005212	-0.02472189	-0.01534287	0.04364524	0.05336031	-0.02230070	0.01108452	0.02604161	0.05911333	0.04818137	-0.01343870	0.03278291	0.00122100	0.02443829	-0.05137780	0.02645343	0.06133261	0.04055005	0.03508190	0.05012880	0.04367762	0.04568940	0.00393167	-0.08765821	0.05761762	-0.08089340	0.05068007	0.04309796	-0.02056798	-0.09585408	-0.01242299	-0.02551327	0.11570059	0.18634642	0.04768575	0.05113755	0.13565131	-0.00229677	-0.06633195	0.00891397	0.12277818	0.08003825	-0.02101156	0.21076900	-0.01732995	0.21192604	0.00633032	-0.08964838	-0.02335431	0.11232876	0.02769017	-0.01376214	0.08453314	-0.00352736	0.06833782	0.15240447	-0.00257415	0.05738133	0.02717957	0.03447480	0.10530939	0.07045573	0.09785688	0.06264611	-0.00470096	0.08654188	0.01741656	0.06573349	0.15537014	0.12339345	0.09916300	0.05484268	0.05256063	0.06527141	-0.06939701	0.02883384	-0.01371584	0.01476088	0.02095144	-0.05290765	0.15268374	0.05742893	0.10560796	0.13198157	0.13200001	0.12422128	0.06253028	0.05303829	0.02421541	0.16907362	0.08389933	0.12809558	0.05977153	0.07161829	0.06969505	0.09137019	0.14457282	0.10190162	0.12574169	0.08260762	0.10832628	0.19395641	0.10038746	0.10199114	0.00557960	0.07115308	0.11035843	0.15413788	0.05011735	0.02789851	0.08517315	0.06513425
17Networks_RH_SomMotB_S2_6	0.09261827	0.05326381	0.12852036	0.11775224	-0.01891847	-0.06192707	0.11734508	0.08951045	-0.03694775	0.00011399	0.04718588	0.07159856	0.13768701	0.26702844	0.18014094	0.09959649	0.11589929	0.03794068	-0.05181844	0.07285631	-0.07719595	-0.04806941	-0.03097961	0.17627883	0.28127579	0.08427899	0.15354327	0.15813029	0.29555816	0.33959390	0.35638836	0.13421890	0.22737401	0.18919110	0.19642146	0.17690916	0.11140430	0.19500924	0.31755436	0.16443844	0.37550198	0.28353001	0.31136120	0.14257601	0.10910638	0.03023894	0.08206273	0.17175659	-0.12090052	0.10918588	0.15714430	0.23603393	0.25258606	0.10974358	0.23564911	-0.06564132	0.06987922	0.20352028	0.14148193	-0.02574904	0.03898277	0.00874005	-0.03661598	0.13650542	0.01681552	-0.01545305	0.18968583	0.12794874	0.12603578	0.20823983	0.16896972	0.25829490	-0.00557417	0.05109158	-0.03302399	0.11596141	0.32010866	0.30459499	0.25725196	0.25353805	0.19975795	0.09895828	0.12954971	0.17932501	0.03548258	0.25688878	-0.17104138	0.05746139	0.12102865	0.02049676	0.10714326	0.28120143	0.35420646	0.05919273	0.30707713	0.22054489	0.27695868	0.37636849	0.06102875	0.15718654	-0.07134599	0.00900017	0.00753476	-0.00521027	-0.08069260	0.12549929	-0.02380538	-0.18117979	0.12767576	0.07124386	0.12309955	0.06151502	-0.06530363	0.02952896	0.10948663	0.06268204	-0.06271887	-0.00752032	-0.00270273	-0.05301535	0.16453520	0.12089276	-0.05746866	0.06739749	0.07314542	0.10120649	-0.01342654	0.03571148	-0.07691548	0.01364934	-0.02065995	-0.17380804	0.07436894	0.03748722	0.07060020	-0.03859322	-0.02732675	0.08901537	-0.03146047	-0.04790359	-0.04561229	-0.10113140	-0.04848766	-0.16814248	0.04551702	0.07767443	-0.04163850	-0.09138233	-0.15208527	-0.06460819	-0.20084446	-0.23656453	-0.17236122	-0.02975009	-0.00078763	-0.04059096	-0.13419723	0.03582563	-0.02494172	-0.12204674	-0.04735189	0.02689702	-0.03416704	-0.18535337	-0.00485308	-0.19585590	0.06772030	0.02660296	0.03486973	-0.05026907	-0.06197384	-0.10762664	0.05555528	-0.05474564	0.02537178	0.03783912	-0.09849979	-0.05982307	-0.08008105	0.03759612	-0.06719375	-0.04823390	-0.00202319	0.01842983	0.02328109	0.06094517	0.07360545	0.05678241	-0.01826890	0.00426578	-0.03184478	0.05451851	-0.13743796	-0.02287849	-0.07158852	-0.05083174	-0.09171264	-0.07071162	0.02138985	-0.16901696	0.13582026	-0.06627096	0.01016046	0.11594104	-0.01055976	0.05774380	0.05875314	0.00351414	-0.06153127	0.10184073	-0.06490872	0.08798257	0.06470899	-0.02644186	0.09104506	0.09087751	-0.01825290	-0.02781527	0.04775427	0.04541635	-0.03397775	0.00326656	0.02347073	0.03821665	0.13824834	0.25468117	0.25455442	0.35347378	0.25449183	0.22407277	0.23430857	0.34760595	0.33028195	0.23374465	0.31886111	0.17173471	0.20668254	0.32231713	0.25353750	0.17323375	0.28319237	0.34509483	0.09054263	0.23384160	0.18411550	0.32241520	0.03713495	0.15210519	0.24822388	0.18649732	0.30629824	0.13337600	0.92979930	0.31591818	0.19338344	-0.03127275	0.28492329	0.22098004	0.02927589	0.13185420	0.03362980	0.21241172	0.04927587	0.05642428	0.07488197	0.05746004	0.18707254	0.17300118	0.17069925	0.16968025	0.21320394	0.21060930	0.19164332	-0.03941139	-0.06280661	0.20064244	0.16661894	0.22848771	0.24082197	0.18895036	0.07736306	0.31890793	0.30134787	0.28325506	0.25366423	0.27657179	0.01395078	-0.13656811	0.18265615	0.17196004	0.26749323	0.08741012	0.20778680	0.28314915	-0.15147584	0.33574485	0.32980048	0.28985325	0.07654032	0.32443819	0.23889850	0.17555705	-0.07909527	-0.16641491	-0.05661432	-0.04957451	-0.08627355	0.11987934	-0.14052617	-0.17627100	-0.19238766	0.05920731	0.03013920	0.15274140	-0.03987664	0.02467954	0.21608625	-0.08518408	0.00948753	0.12098203	0.07502286	0.14618299	-0.05205233	0.02172197	0.12509331	0.00272287	-0.10604811	0.11476881	-0.01034293	-0.04424383	-0.20255522	-0.03204535	-0.07978251	-0.15127659	0.17202541	0.05762301	0.05681495	-0.16009004	-0.16235916	-0.09505400	-0.08813461	0.08187873	-0.09219761	-0.15557980	0.01687628	-0.02961011	-0.00946287	-0.04526192	0.00207531	-0.17123388	-0.06700441	-0.20574367	0.04742468	-0.07031361	0.10076756	0.00324695	-0.12168250	0.00747425	-0.06711305	-0.07047711	-0.00202743	0.00052189	-0.00900213	-0.05146986	-0.20760157	-0.11513731	-0.10773690	0.01071462	0.07596992	-0.12605449	0.00220885	-0.02354811	-0.02646162	0.01657293	-0.06385488	-0.11548538	0.06490455	-0.11115592	-0.06423712	-0.11415615	-0.14100603	-0.13040744	-0.08886966	-0.03305704	0.01489043	0.01240892	-0.06648532	-0.00505998	0.18148759	-0.05739856	-0.01529365	0.10410586	0.11472323	0.10633168	-0.09003519	-0.02617856	-0.20855541	0.03281405	-0.09845555	-0.22973218	-0.04488669	-0.11616570	-0.00661722	0.09484982	0.02780260	-0.05281733	0.08435531	0.12541149	0.02801227	0.05217018	0.11138212	0.11636586	0.21339836	0.35895637	0.07968993	0.15460780	0.07499267	-0.02497460	0.00059721	0.11930536	0.12640669	0.02792564	0.03511962	0.01378681	0.05140868	0.04938837	0.02358566	0.15034097	0.15427271	0.18533988	0.04216145	0.12520681	0.21292570	0.09262218	0.18744521	0.06094988	0.00194722	0.21931064	0.13060522	0.17303336	0.07833355	0.15834966	0.16126001	0.19496915	0.16153323	0.14673577	0.14315649	0.08750572	0.23789342	0.25082825	0.20286685	0.04044262	0.14358712	0.30254522	0.06579121	0.10352918	0.06817741	0.07614606	0.16441197	0.08071837	0.14925796	0.09344190	0.15910497	0.13530761
17Networks_RH_SomMotB_S2_7	0.04389490	0.17358507	0.06046069	0.13480462	0.11663184	-0.22322864	0.02355072	0.10121696	-0.12355543	0.06743000	0.02134612	0.10813953	0.22240400	0.29692533	0.17949914	0.25044867	0.26915419	0.06473003	0.22065485	0.19530388	0.16386577	0.16825936	0.18640008	0.31004411	0.30883746	0.10672305	0.19214157	0.30631154	0.26904852	0.16471526	0.18596484	0.03507728	0.21131866	0.11761999	0.25053824	0.19351887	0.13045267	0.14333996	0.28083532	0.10218683	0.35257380	0.41238658	0.30873618	0.20231985	0.31098558	0.21846233	0.22670635	0.26423854	-0.00390231	0.26703440	0.26414967	0.09705388	0.35261854	0.24185224	0.19300067	0.04664651	0.05622252	0.07515787	0.02609583	0.04383962	0.18152544	-0.03062851	0.05049800	0.07158226	0.09325116	-0.09598860	0.24076020	0.18723536	0.19784934	0.17081335	0.18657838	0.27501675	0.16410655	0.17889483	0.17486002	0.19126750	0.16323925	0.37058673	0.28934121	0.39871607	0.24251494	0.04969697	0.19617186	0.35492780	0.14345899	0.42278186	-0.12790300	0.11592663	0.27604304	0.18064033	0.10694206	0.22601837	0.32502014	0.01673926	0.26451671	0.33995913	0.26612665	0.37939965	0.06291653	0.08309194	0.09393084	0.07053594	0.11420144	0.03354325	-0.18794786	0.03217473	0.01935777	-0.00705095	-0.04643586	0.10021404	-0.11653895	-0.16529687	-0.19595046	-0.08884612	-0.04994240	-0.13227879	-0.01721686	-0.09627025	-0.07788430	-0.08551133	0.28590432	0.07991335	0.04484238	0.12918009	0.02484249	0.19405058	0.09581719	-0.04063902	0.01570709	0.07336254	-0.02672203	-0.09865228	0.22621751	-0.15036359	0.10125948	-0.05392624	-0.02598930	0.16091705	-0.08955597	-0.01040000	-0.05008060	-0.01705490	-0.09136203	-0.00051937	0.14310561	0.13211663	0.07168276	-0.01039171	-0.14894417	0.02518015	0.04073016	-0.11866376	-0.09257606	-0.00324760	-0.05611209	-0.04204180	-0.07077549	0.15203581	-0.05103143	-0.08660471	-0.10442240	-0.03816258	0.01279848	-0.09556929	-0.01332979	-0.06061684	-0.17194009	-0.12739407	-0.10029334	-0.16287644	-0.09001142	-0.21772071	-0.08936019	-0.17008089	-0.06359199	-0.03491222	-0.05153835	-0.03150408	-0.06296943	-0.01903918	-0.05676239	-0.02895838	-0.05545815	-0.11469186	-0.19096527	-0.15396809	-0.11320030	0.17650926	0.11384583	0.04539416	0.11556975	0.17547728	0.09452992	0.15843849	-0.15764373	0.00251538	-0.12874152	-0.11789992	0.02121451	-0.15974580	0.11955998	0.03163276	0.15820620	0.01680228	-0.08390593	0.04393071	-0.09339312	-0.09272435	-0.18861435	0.06138719	-0.06192555	0.09122956	0.14658462	0.17547824	0.26030751	0.26640176	0.14447441	0.20924810	0.06994247	0.16883658	0.16578986	0.24456603	0.18427064	0.10555381	0.24173094	0.35333332	0.21719915	0.28523605	0.20386055	0.23084463	0.21027727	0.32882404	0.17489037	0.19247364	0.35471304	0.14452393	0.23213023	0.31646284	0.27000195	0.22740242	0.31601366	0.30216846	0.04340033	0.38131302	0.48736146	0.39240045	0.33289146	0.31688346	0.48169387	0.16619987	0.59876595	0.30911714	0.31591818	0.94084774	0.35504182	0.12610436	0.23118700	0.29561754	0.15613121	0.11299694	0.04244776	0.23977869	-0.04801413	0.13958693	0.17535502	0.06065988	0.27612935	0.18560926	0.22299194	0.38002651	0.30873398	0.31045244	0.29136695	0.07822832	0.21579875	0.30370351	0.30451183	0.20489935	0.40650385	0.34294619	0.10031708	0.45497671	0.34034445	0.27544833	0.28737539	0.42583053	0.18569102	-0.00570573	0.02630658	0.22584974	0.23609009	0.24283800	0.23423992	0.33504240	0.01774135	0.45755284	0.33055089	0.45172926	0.27181992	0.43850518	0.24944985	0.13084838	-0.04295796	-0.03820418	0.02990083	0.08929628	-0.01854703	0.21070321	-0.07851967	-0.01877452	-0.00719246	0.15842037	-0.06381035	0.08066385	-0.25427587	0.13884912	0.01340759	-0.17006609	-0.00948717	0.01113717	-0.01109575	-0.02096533	-0.08453599	0.03236848	0.27275201	0.13784641	0.10374141	0.18460750	0.08857052	-0.00600194	-0.13381464	0.03725262	0.01663683	-0.15649534	0.23501975	-0.05784930	0.07219885	-0.10082587	-0.11839244	0.11113931	0.08149078	0.25333122	-0.01802477	-0.13838936	-0.01249888	-0.05442732	-0.02639829	0.05017931	0.02245246	-0.04076293	0.03727299	0.05488907	-0.00524705	0.00164536	0.24578007	-0.01773863	0.08815955	-0.02474389	-0.09318122	-0.03013276	0.05084449	0.02807960	0.00272694	-0.04195011	-0.09948324	0.03615642	-0.03629722	-0.02437699	0.00097669	-0.01982204	0.01395095	-0.04592833	0.11513727	0.00094781	-0.31427148	-0.17397649	0.06276089	-0.16789139	-0.07661896	-0.04956665	-0.11199200	-0.03954126	-0.16433613	-0.10271421	0.09252476	0.12091728	0.06123632	0.11067394	0.19797689	0.23479576	-0.11495260	-0.07012493	0.03782405	0.00365873	-0.27844060	-0.00494286	-0.16643361	0.11029967	-0.15619054	-0.17308201	-0.17148743	0.01187826	0.02851042	-0.00097823	0.11471433	-0.10747477	0.00718215	0.14355975	-0.01584416	-0.04565940	-0.02195068	0.04796872	0.09404309	0.22820626	0.01152679	-0.01155743	0.05675480	0.05939836	-0.03839112	0.10734693	0.14439345	-0.00267010	0.04490741	0.07661524	-0.05201582	-0.00439737	0.00007728	0.08405747	-0.01199194	0.13598602	0.02679271	0.14456489	0.24383001	0.10196510	0.16063888	0.06125220	0.07535689	0.21931222	0.22085347	0.18223255	-0.00377812	0.16010395	0.13511978	0.12472519	0.04117337	0.02190205	-0.07126859	0.16052032	0.21385235	0.15033798	0.19645602	0.13168979	0.19804562	0.28749634	0.13923305	0.13570789	0.12088958	0.07103461	0.10468755	0.03910349	0.06735492	-0.05681804	-0.02402740	-0.03557493
17Networks_RH_SomMotB_S2_8	0.17889325	0.18572305	0.11070672	0.20284875	0.12486771	-0.05843611	0.14495621	0.20890952	0.03252390	0.11265545	0.06597901	0.09429825	0.27359282	0.26880994	0.18548879	0.12463620	0.18847504	0.02598534	0.05257127	0.21994866	0.02839094	0.09075247	0.11951611	0.17932955	0.35281537	0.24070193	0.26311646	0.38067625	0.35497833	0.16253163	0.19748115	0.25802359	0.32288490	0.32371382	0.23880987	0.25349428	0.27923629	0.10368772	0.24756128	0.23758778	0.28385260	0.27361877	0.24669429	0.27874910	0.27747983	0.14153808	0.25534342	0.14704181	-0.05543261	0.24271783	0.41520493	0.24495428	0.27734279	0.12539969	0.32170303	0.14799182	0.40766109	0.26080089	0.33646278	0.19869053	0.26127241	0.13636347	0.17707217	0.15527325	0.09009132	0.06078505	0.24238524	0.19344233	0.27187251	0.27586848	0.17523294	0.28607072	0.14778857	0.34734079	0.23411463	0.39107733	0.34376388	0.32868828	0.11868659	0.21903902	0.13124422	0.21046255	0.20263748	0.32832543	0.31221894	0.20369013	-0.02273677	-0.02157004	0.14939088	0.04548428	0.13886597	0.20543889	0.22778211	0.19102748	0.29389428	0.14643569	0.10182856	0.31736800	0.14808542	0.25091725	-0.02554580	0.08360277	0.04960488	0.00231756	-0.04368920	0.04396791	0.06049715	0.07969019	-0.08144402	0.18941718	-0.02924155	-0.09295425	-0.09524312	-0.02437160	0.01133312	-0.08166390	-0.10067737	-0.04513567	-0.03892780	0.00660493	0.21132511	0.21002225	0.03648520	0.20522867	0.24778120	0.15747749	0.13499440	0.03507460	-0.03448428	0.22656813	0.04852689	-0.03662760	0.15858306	0.07796438	0.03755210	0.05679168	0.04487719	0.24279449	0.02824430	0.03840374	-0.05796427	-0.00000626	0.11496790	-0.07633080	-0.02021351	0.03681201	-0.01912523	-0.06304690	-0.08896811	-0.03977244	-0.02752129	0.05702827	-0.06258265	-0.02668763	0.01083070	0.00744060	-0.11487680	0.22519757	0.03550020	-0.08664185	0.02854507	-0.01275888	0.07595718	0.02230215	-0.00563133	-0.02376967	0.00726384	-0.10813001	-0.10057968	-0.03590187	-0.00316205	0.00936218	0.07778647	-0.02712050	0.16992940	0.12324398	0.03865847	0.13253539	0.03803608	0.16373843	-0.00714847	0.11571559	0.16267898	-0.04683762	-0.01356980	0.03067576	0.12208554	0.07434464	0.11899179	0.05557937	-0.02062676	0.07317805	0.01004854	0.04194301	0.09965612	0.20457281	0.01157026	-0.11834128	0.07157794	-0.10639241	0.18263127	0.11045193	0.19244892	0.14007993	-0.00127710	0.16334986	0.06184148	0.10936156	0.02352548	0.23912560	-0.03039308	0.09779775	0.20809466	0.13164502	0.24637063	0.18293542	0.13732979	0.05404916	0.14173507	0.14777949	0.02392066	0.14814306	0.04587338	0.28814067	0.21885646	0.27803711	0.34083421	0.22439377	0.30623927	0.26881607	0.26036347	0.33492111	0.23768477	0.25761750	0.32578258	0.06472827	0.18970185	0.13629212	0.20576593	0.21300244	0.21377303	0.27875713	0.06826608	0.30232002	0.36284199	0.21783771	0.29781846	0.16127603	0.32426311	0.17990460	0.44117165	0.31303284	0.19338344	0.35504182	0.83074673	0.21184375	0.44171082	0.39662849	0.23776218	0.19960728	0.09509033	0.33039178	0.02612275	0.09197320	0.14903013	0.23802354	0.21128608	0.23127310	0.25100775	0.34095243	0.22913048	0.21217115	0.20501038	0.34637159	0.29137320	0.27771690	0.39199166	0.26239978	0.21115371	0.12143989	0.02479083	0.18858241	0.28505972	0.20323121	0.15477895	0.29223041	0.16230652	0.14352091	0.05870555	0.09514861	0.14364521	0.12026616	0.21396044	0.15509864	0.02003137	0.24192444	0.10492755	0.19741799	0.20784186	0.18538922	0.21208630	0.23068484	0.13146419	-0.00386567	0.11053375	0.03386245	-0.04627791	0.09957643	0.01766877	0.01833946	0.05860854	0.12414202	-0.00725063	0.15062041	-0.08284988	0.13577988	0.07655428	-0.13772293	-0.01533895	0.04831415	0.13063009	0.07406616	0.02004746	-0.04755859	0.30244956	0.06880897	0.09293499	0.34009403	0.16291230	0.13847490	0.04121557	0.07363656	0.21115813	0.07054346	0.24160516	0.09203144	0.16565790	0.03295297	-0.02916659	0.00854099	0.02569721	0.11674910	0.01762002	-0.00347578	0.12569728	0.00183187	0.09519038	0.04542778	-0.04788561	0.03790112	-0.02836453	-0.02087299	-0.00594191	-0.07588328	0.07297341	-0.04281057	0.06664929	0.05255250	-0.02238776	0.01969794	0.14246550	0.14759631	0.05131476	0.05651105	-0.08814298	0.06489688	-0.01631896	0.04955910	0.00424330	0.01701238	0.08626017	0.15246432	0.05029853	0.11829435	-0.06574164	0.08626540	0.17272705	0.03455012	0.20639855	0.18856382	0.12354706	0.14734524	0.08102619	0.01737582	0.10687437	0.03795725	0.10576184	0.04424184	0.12437686	0.06084702	-0.00233894	0.06061435	0.11702826	0.19964816	-0.03072240	0.08572264	-0.07361950	0.16917105	0.04523164	-0.03313862	-0.02223152	0.01234979	0.01224718	0.12784731	0.14419384	0.00007432	0.13125635	0.22792665	0.04301099	0.01911690	0.06160115	0.08807772	0.10248370	0.11741489	0.16930668	0.16884780	0.04833267	-0.13461061	0.04874989	0.09626871	0.08540219	-0.02044938	0.15684442	0.14048802	0.07341887	0.01842777	0.10036338	0.00569683	0.01765082	0.10376109	0.09429464	0.05111744	0.24968081	0.18306810	0.26036684	0.09713636	0.14112469	0.23842387	0.19058853	0.17433752	0.07797291	0.23611214	0.19268859	0.19238038	0.20528489	0.17989812	0.06520828	0.17494583	0.23562839	0.23271864	0.36802579	0.16731099	0.17809729	0.32074869	0.30898476	0.17827327	0.25574604	0.13832278	0.27223994	0.20237535	0.23683418	0.09375786	0.14682229	0.09199939
17Networks_RH_SomMotB_Cent_1	0.16020518	0.17356619	0.03080835	0.17064280	0.06475334	-0.03941388	0.09856316	0.18140232	0.00055522	0.11050978	-0.03558656	0.04462965	0.07824271	0.11312391	0.10405501	0.00837599	0.19010445	-0.04924289	0.12085884	0.21755911	0.04057542	0.05208012	0.10714755	0.12838730	0.21517515	0.09500930	-0.00213513	0.16492657	0.12671866	0.19356284	0.18539139	0.15392634	0.18203389	0.15832717	0.10804418	0.25237103	0.11435072	0.01918808	0.11750521	0.17557308	0.11647770	0.12909834	0.17560292	-0.02714441	-0.05965121	-0.08486440	0.08407653	-0.01067965	-0.08087561	-0.04533848	0.22696561	0.02585348	0.04472468	0.21996776	0.09627911	0.02517509	0.04257391	0.07383121	-0.04773214	0.14373611	0.11471248	0.15242392	0.22982983	0.12361039	0.07087768	0.11862572	0.25331903	0.23300769	0.31838729	0.23570753	0.25453684	0.13911245	0.33286659	0.28727378	0.42300616	0.31013275	0.20881085	0.09910182	0.06370120	0.21993208	0.06498809	0.13258728	0.24959012	0.13893938	0.34241832	-0.03987507	-0.11496410	0.17330316	0.23842832	-0.05436849	0.30348336	0.21572832	0.14512651	0.21332771	0.22243089	0.25077321	0.09696355	0.21206669	0.12687848	0.10789424	0.23313454	0.14689908	0.20762591	0.07323108	-0.08315106	0.10015633	0.09149502	0.07138669	-0.05561266	0.07585981	-0.00860982	-0.08052207	-0.16605278	0.00950444	0.07156655	-0.03733225	-0.01534242	-0.05080866	0.08578103	-0.08449885	0.20896895	0.21972270	0.30091576	0.33059254	0.22711001	0.27556266	0.23006890	0.18406762	0.12055919	0.41068884	-0.00209084	0.01519785	0.26328178	0.09928790	0.17340806	0.11797867	0.26570296	0.25852519	-0.00986823	0.01896147	-0.05674642	0.08077872	-0.08478186	0.00116414	0.08977079	-0.01034627	0.14213412	-0.02372824	-0.21352840	0.07708876	-0.05666828	0.03481622	-0.17270496	-0.16479149	-0.24876725	-0.16801481	0.08162213	0.02965109	-0.15153474	-0.16092592	-0.16672331	-0.22144731	-0.12875349	-0.17183972	0.07659733	-0.04656425	-0.06337296	-0.15175450	-0.06827736	-0.20934981	0.02832079	-0.14187262	-0.01480251	-0.07878098	-0.11610920	-0.07175804	-0.05405281	0.04436504	0.11538626	0.12353376	-0.08619373	-0.02225087	-0.13227021	-0.06393743	-0.19274342	-0.14610733	-0.04930894	0.25358328	0.02462244	-0.13280066	-0.10294316	0.05247381	0.03273987	0.06072802	0.03894090	0.04870743	-0.06967890	0.01435238	0.04109412	-0.11233049	0.04704213	0.14148895	0.06536834	0.01366094	0.03086295	0.09582481	-0.01117824	0.18820651	0.06020721	0.17841771	0.01099432	0.03557585	0.04174841	0.12128403	0.15076513	0.03198003	0.02811154	0.07170606	0.04131959	0.14134524	0.06350715	0.17957002	-0.02021805	0.08718291	0.01987858	0.14831905	0.11118690	0.20316630	0.05938207	0.09114394	0.12345351	0.05605312	0.03939258	0.07706004	0.17340142	0.03244108	0.07160518	0.00410356	0.00623060	0.08296681	0.13296115	0.12052880	0.08844172	0.10105249	0.11951041	-0.02812015	0.06583298	-0.02468574	0.12212402	-0.03893273	0.12020995	0.12310123	-0.03127275	0.12610436	0.21184375	0.85142417	0.30932407	0.30345778	0.17210733	0.14108547	0.07654592	0.16947856	-0.09002282	0.01728882	0.11328630	0.30013601	0.24456153	0.14265416	0.21181305	0.30165350	0.02723156	0.10336191	0.29488532	0.12631985	0.41955243	0.37507561	0.30210708	0.07778027	0.15928483	-0.02540575	-0.08179099	0.12805004	0.34773832	0.26126267	0.14249371	0.19049539	0.36473672	0.37434962	-0.11889980	0.17477035	0.02378063	0.14491412	0.17095694	0.09136357	0.24372587	0.10334385	-0.01138730	0.23608721	0.42140182	0.30295798	0.19627148	0.21629486	0.00925788	0.21782079	0.41490956	0.19294304	-0.07134101	0.09055436	0.06928010	0.15686851	-0.10563415	0.18533089	0.08225933	0.13613432	-0.09349384	0.09741152	-0.06208145	-0.19036925	0.03163090	-0.02885959	0.07458288	-0.07018730	0.03461545	-0.02620248	0.40112238	0.37291494	0.33985374	0.32049282	0.02155679	0.19736200	0.10615627	0.06170218	0.41737221	-0.04878840	0.29426628	0.05991344	0.23750601	-0.01282470	0.13042537	0.31450389	0.35902261	0.22267177	-0.00459391	0.01123190	0.07809538	-0.09597531	0.03154550	0.12694888	-0.02749386	0.10361982	0.06302938	0.19996857	-0.09595093	-0.06161457	0.17654362	-0.09065151	0.19623436	-0.20032951	-0.08181603	0.16320724	-0.11739048	-0.11986041	-0.18358983	-0.17702577	0.02707441	-0.01917351	-0.19058464	-0.05266994	-0.11535219	-0.07137698	-0.16635418	0.03300758	-0.10210399	0.04986673	-0.08683005	-0.12511575	0.04917464	-0.00278771	0.04205474	0.03725591	0.20128876	-0.05739841	-0.09420665	-0.02733738	0.02816556	0.17178282	-0.00590305	0.00141605	0.07727526	0.18737597	-0.03170707	-0.13252735	0.05167644	-0.02518799	-0.10678355	0.12445427	-0.11898098	0.01382149	-0.05135933	0.01695122	-0.12522870	-0.00208610	-0.02146668	-0.01450287	0.12848320	-0.01573378	0.03557117	0.17886643	0.01811510	-0.02045497	-0.11154163	-0.01919193	0.02166130	-0.03302745	0.09846976	0.08211122	-0.09204508	-0.07718733	0.04774802	0.05601310	0.10942425	-0.02579540	0.03206619	0.00789483	0.08746035	0.12481387	-0.10498169	-0.10594870	0.08153684	0.00861352	0.10412371	0.09342367	0.08433221	0.08988479	0.06391878	-0.07047499	0.14907456	0.00259739	-0.02165854	0.00460003	0.06813338	0.16450400	0.11780949	0.14446218	0.10581118	0.01593279	-0.10435708	0.06141906	0.07274691	0.01484380	0.08392508	0.05581355	0.04857269	0.08858637	0.09902914	0.02310217	0.19618302	0.02757265	0.02834215	0.03376742	0.08099395	-0.02479025	-0.01574031	-0.02822735
17Networks_RH_SomMotB_Cent_2	0.19852287	0.13547428	0.20710345	0.18189620	0.03831317	0.05458987	0.13179384	0.27419859	0.07313103	0.11226228	-0.00813341	0.09922170	0.14931996	0.18518491	0.08819466	-0.07665113	0.07732769	-0.09508231	-0.16927711	0.12224795	-0.20638022	-0.14611696	-0.08003264	0.05239429	0.37140929	0.13796761	0.27694057	0.31567838	0.36803028	0.22122527	0.39404448	0.50009267	0.37342102	0.39470464	0.23716474	0.35008949	0.31305825	0.09759139	0.26996912	0.38293103	0.23950230	0.08345741	0.28691945	0.14371437	0.10911211	0.00161425	0.13397684	0.10759886	-0.15186495	0.17968926	0.39905826	0.30634303	0.23697039	0.08391367	0.33978540	0.15431376	0.46076025	0.40286596	0.43962278	0.13639504	0.14391637	0.12193842	0.25943255	0.31805228	0.09057452	0.19871963	0.34294877	0.28043391	0.36988774	0.41939330	0.31374182	0.30953908	0.14202443	0.44513401	0.32446542	0.56341586	0.49844473	0.25405408	0.04177607	0.14187549	-0.00787446	0.25113348	0.36190348	0.23644157	0.44755851	0.01698614	-0.11173030	0.01624682	0.14067871	-0.13196487	0.28687411	0.21426617	0.21126855	0.20794318	0.44188931	0.14845617	-0.02065357	0.45286964	0.18141049	0.21772048	0.07604199	0.13303641	0.14241813	-0.04499788	-0.11232042	0.19345470	0.00007401	-0.04093305	-0.01146070	0.08478604	0.05814858	-0.03234095	-0.08685980	0.11129561	0.10241060	0.07087019	-0.10559569	0.08691526	0.07188403	-0.06887783	0.30895121	0.31054832	0.11225806	0.27409402	0.42696238	0.27378367	0.18136680	0.04278291	0.05809047	0.39368259	-0.03254908	-0.01177642	0.16688184	0.08383533	-0.00607273	0.13845977	0.11152200	0.35783178	-0.03487333	-0.00391188	-0.02929150	-0.00125411	-0.01061469	-0.09606911	0.04063368	0.05934973	0.00661174	-0.08619302	-0.14930900	-0.05918423	-0.14938272	-0.02675315	-0.19585174	-0.13399093	-0.05079844	-0.11421367	-0.15409938	0.08921033	-0.01839585	-0.12856442	-0.04537293	-0.17228563	0.02019601	-0.10116239	0.07837477	-0.14551991	0.03683263	-0.09031274	-0.01702322	-0.06446151	-0.09054833	-0.09820671	0.16787459	-0.05959093	0.09044793	0.05629730	-0.07215249	0.03488790	-0.04408172	0.14530308	-0.09307605	-0.02226688	-0.01606996	-0.11989081	-0.09048728	-0.05254968	-0.01366561	0.14006338	-0.01645547	-0.11411678	-0.18303118	0.00187807	-0.13295445	-0.07478897	0.00752261	0.02298582	-0.12426450	-0.16310789	0.09522459	-0.17574162	0.25046895	0.09159955	0.05753344	0.10693235	0.14834874	0.20424963	0.12646101	0.23454155	0.14111336	0.39544585	-0.05103531	0.09010745	0.09543957	0.00996620	0.02604948	0.04443940	-0.02583465	-0.18981828	0.05286098	0.04332239	-0.17734214	0.06826675	-0.11928271	0.36050807	0.24592800	0.31024116	0.35295749	0.39863839	0.40429935	0.33556911	0.18171849	0.30733668	0.33608116	0.39488404	0.39039614	-0.00823506	0.07921395	0.02748250	-0.00423126	0.18157438	0.21320264	0.28436345	0.10444226	0.15552713	0.11923729	0.07973627	0.11199892	0.08480404	0.34945519	0.08175825	0.30206671	0.15024914	0.28492329	0.23118700	0.44171082	0.30932407	0.95435676	0.54382011	0.13647826	0.17845961	0.10659108	0.44284595	0.03629403	0.02300656	0.15724758	0.28513505	0.28459572	0.34228119	0.38968910	0.38851293	0.20658550	0.25484846	0.31700847	0.41250278	0.29203241	0.35842629	0.47667833	0.29389655	0.16651828	-0.05045411	-0.09677083	0.23099838	0.48633280	0.40964600	0.25631011	0.22710439	0.24873444	0.14065829	-0.02856903	0.08304645	0.01016344	0.06718689	0.09244578	0.12146547	0.13444015	0.19010729	0.06420061	0.25342887	0.27049482	0.28738931	0.24116486	0.31121643	0.05534696	0.08049082	0.12468837	0.14094329	-0.09598985	0.10336893	-0.01350401	0.00217440	-0.10915039	0.07231868	0.08261518	0.05712206	-0.00371398	0.05466605	0.15252170	-0.07624032	0.08199553	0.13181971	0.17295409	0.12237912	0.05918129	-0.11409976	0.36343336	0.21522113	0.12397111	0.47447166	0.11283297	0.11486588	-0.04886507	0.03418827	0.17329149	-0.02165986	0.25385343	0.15106195	0.15899332	-0.03471207	0.02301491	0.14221663	0.00264477	0.21914687	0.04294510	-0.03552906	0.11869510	-0.09647452	0.02504456	0.07136668	-0.07585945	0.06777646	-0.09920190	-0.04605004	-0.00885346	-0.06838684	0.18317190	-0.07335848	0.03748071	0.04138458	-0.05004515	0.05094126	0.04735423	0.03834446	-0.00897070	-0.00096931	-0.10549796	-0.08794115	-0.13105433	0.03775330	0.01519681	-0.11010917	0.02925298	0.12644868	-0.07613304	-0.06496668	-0.05037401	0.00990614	0.17642625	0.01523036	0.17530631	0.00120509	0.10292476	-0.08070105	-0.06689222	0.01712502	0.09409898	0.10756675	-0.04562209	-0.10447234	-0.04279533	-0.02602990	-0.02903076	0.02538102	0.06887775	0.10376745	-0.06754898	0.11353226	-0.24402481	0.15727287	-0.03364086	-0.02538684	0.02358341	-0.17627152	0.07330661	0.13611671	0.08797237	0.16683931	0.09384291	0.26096457	0.08574601	0.05365785	0.07483816	0.18635075	0.34679919	0.19799223	0.22359747	0.24290343	0.04738332	-0.21922913	0.09262147	0.09325079	0.01765806	0.12223021	0.19250794	0.11308556	0.12967977	0.20323510	-0.01998833	0.04807614	0.27083900	0.14589450	0.21496618	0.11056224	0.16743188	0.12586772	0.24092077	0.02799907	0.12081840	0.12759882	0.07096641	0.10525821	0.06980103	0.22809104	0.14194736	0.18421902	0.14737895	0.14242761	0.15040843	0.11705093	0.14105322	0.23565604	0.28626620	-0.07760570	0.13382826	0.20210823	0.13071454	0.07506034	0.13422383	0.13039420	0.11863023	0.14632449	0.09834991	0.07772549	0.16349176	0.10019444
17Networks_RH_SomMotB_Cent_3	0.17156570	0.19340552	0.14470453	0.16274790	0.06967711	0.04554806	0.08964560	0.33889751	0.12741314	0.22077893	0.03764206	0.17920516	0.25994340	0.30524476	0.11968718	0.04966110	0.21136920	-0.06027616	-0.04339189	0.21483068	-0.09344808	-0.06731589	0.01667369	0.08033378	0.39627599	0.19558301	0.31450278	0.35260619	0.34622077	0.19689383	0.35351157	0.40858388	0.44014636	0.35569145	0.30289268	0.41455544	0.27213271	0.16487695	0.36028044	0.43119576	0.31200917	0.22411686	0.39111432	0.06087428	0.08234229	0.02237838	0.01998103	0.09642341	-0.07807766	0.06987031	0.30356681	0.18142796	0.19878685	0.00099136	0.19376248	0.07955106	0.27558222	0.43873545	0.29243605	0.16571349	0.32984378	0.27776391	0.29499369	0.24900385	0.26610487	0.27997381	0.43370791	0.42350298	0.50705559	0.35949287	0.41527524	0.37871583	0.13699376	0.31603258	0.30509964	0.47612457	0.42766470	0.36154325	0.08234522	0.25186685	0.07557396	0.38408284	0.36609590	0.28647598	0.47274125	0.08805788	0.00268744	0.09982550	0.08088514	-0.12530966	0.22135701	0.16357435	0.19085985	0.14417287	0.42682969	0.29108719	0.15697339	0.47078587	0.25012019	0.28200827	0.02653632	0.19140978	0.12553437	-0.06036681	-0.12854048	0.14849367	-0.10199214	-0.00603343	-0.08635749	0.13039075	0.03293367	-0.06567518	-0.18392686	0.08695590	0.08220919	-0.02768505	-0.10681185	0.04880008	0.02875703	-0.03460504	0.32332538	0.43252676	0.12914492	0.32359824	0.38216839	0.20725001	0.10796345	0.03142792	-0.02658079	0.30335947	-0.05566490	-0.03040196	0.23932311	0.08217943	0.13148425	0.06197962	0.13939470	0.33557551	0.00712701	-0.06106863	-0.20099048	-0.02360021	0.02319541	-0.14635535	0.02045046	0.15926958	0.07659588	-0.15852806	-0.20881698	-0.05558896	-0.09654936	-0.05269130	-0.19527460	-0.12399401	-0.06692949	-0.20942764	-0.15934457	0.12178014	-0.02684984	-0.07933040	-0.08256247	-0.13149408	0.02363363	-0.05541260	-0.03609945	-0.08559252	0.01962982	-0.08395606	-0.09490096	-0.03741009	0.00613422	-0.11985431	0.09333307	-0.06083487	0.12317866	0.11191605	0.03769585	0.13244602	-0.03262799	0.17065037	-0.00778797	0.05646462	0.10464831	-0.09306580	-0.04407097	0.04738437	0.03593693	0.22619255	0.03714339	-0.08891287	-0.11138817	0.10118716	0.00801944	-0.02138001	-0.00228219	0.04034580	-0.06710608	-0.08034563	0.10358689	-0.09630715	0.37475454	0.16167489	0.18222118	0.06964564	0.08673896	0.17315856	0.06632519	0.24675359	0.10988714	0.41861594	0.04923311	0.13174891	0.24292527	0.06708959	0.17904694	0.10352290	0.04568551	-0.03239404	0.12634469	0.05902309	-0.07748442	0.06825639	0.01940968	0.27914125	0.28418620	0.42591499	0.35435766	0.42135606	0.34407500	0.39170175	0.26799484	0.38194054	0.32934322	0.33583935	0.46856213	0.08041382	0.19447104	0.09253358	0.03237931	0.24633898	0.29369639	0.33045514	0.12854248	0.21910344	0.19239030	0.06888049	0.13597590	0.15952716	0.30144931	0.08297397	0.35322825	0.10527392	0.22098004	0.29561754	0.39662849	0.30345778	0.54382011	0.97221138	0.35498080	0.27744978	0.23681847	0.43396628	0.00760754	0.15947199	0.32675726	0.45363814	0.29885072	0.44513816	0.47046188	0.38412544	0.30096801	0.32810579	0.32691554	0.23613848	0.29078954	0.38603687	0.43297417	0.23046559	0.35810744	0.12235573	0.01776632	0.34925595	0.47725890	0.40599488	0.27397922	0.21851794	0.25935653	0.15189976	-0.04684137	0.07492927	-0.05532397	-0.04362704	0.14122098	0.17982179	0.07582294	0.26865099	0.09410355	0.31395762	0.20664499	0.33986543	0.31676902	0.29970796	0.04831896	0.05259065	0.07858538	0.05136172	-0.03144482	0.20965886	0.03525393	0.00734532	-0.03095535	0.18017315	0.08559189	0.14210126	-0.05710670	0.03570834	0.05468516	-0.07413013	0.06448316	0.15325638	0.17891674	0.13836867	0.06051274	-0.04550833	0.50553329	0.13775340	0.12691797	0.44059727	0.04867360	0.02968989	-0.10829638	-0.02713208	0.09762199	0.02338013	0.16381950	-0.00046370	0.21258939	-0.10223022	-0.08146241	0.13125541	0.05735700	0.18034667	-0.10610035	-0.07887478	0.05259050	-0.05503241	0.05210684	0.07460629	-0.14434133	-0.05400093	-0.10493922	-0.07333005	-0.05167292	-0.06646952	0.26642197	-0.03387338	0.03676233	-0.01129650	-0.18002807	-0.08218875	0.08254038	0.04392641	0.01456911	-0.00781680	-0.16589880	-0.02129854	-0.17563448	-0.00761443	-0.05431111	-0.06810525	0.04387924	0.13601039	0.00515612	0.05885103	-0.15053448	0.13922291	0.14494542	0.00185346	0.10028599	0.05803429	0.11929787	0.03135274	-0.02343741	-0.02769774	0.02098406	0.07900895	0.00150871	-0.02696571	0.06913157	0.19870048	-0.01671911	0.02338440	0.09666776	0.09164659	-0.09182568	0.05312090	-0.18259063	0.14020735	-0.00873740	-0.03514793	-0.02660926	-0.08934174	0.07985013	0.03211174	0.21395070	0.05631616	0.14753789	0.21838904	0.05076202	0.02160452	-0.01288193	0.15150728	0.24624988	0.11405876	0.17376719	0.18392267	0.00354620	-0.12543988	0.07143926	0.14714100	0.05572052	0.09270275	0.15891604	0.14641275	0.09589431	0.15482396	0.10935938	0.05265647	0.14470699	0.19499172	0.16362821	0.15348637	0.24697088	0.21869836	0.30779482	0.06709058	0.14734965	0.20169969	0.12783467	0.20249102	0.11386184	0.19761905	0.14758270	0.19694745	0.20810549	0.13191100	0.06558768	0.11172896	0.26920666	0.34726444	0.35221986	0.02973589	0.22861613	0.31261433	0.12575042	0.20381274	0.24440750	0.12293249	0.21265558	0.13296027	0.19269730	0.09898748	0.12928466	0.07516599
17Networks_RH_DorsAttnA_TempOcc_1	0.20469703	0.28845458	-0.00618924	0.18930335	0.12806492	-0.08464251	0.04657373	0.27261074	-0.00857733	0.18644477	0.19975278	0.24623795	0.39366366	0.39312020	0.25130087	0.14185668	0.41636167	0.19503569	0.26748530	0.33438197	0.27020179	0.31467063	0.24839818	0.28476838	0.32397873	0.19039983	0.19386046	0.40366887	0.27527825	0.19414849	0.26903078	0.16754195	0.37538466	0.29308473	0.31097626	0.36840453	0.21118825	0.23307787	0.31985750	0.35359652	0.32070874	0.36791809	0.39804514	-0.05785403	0.00222206	0.04036937	0.00222637	0.11177246	-0.12527593	-0.04557316	0.17949705	0.12787986	0.17889143	-0.05919677	0.05262750	0.02092594	0.11811822	0.24696663	0.11245226	0.46779638	0.48256324	0.22097074	0.13275584	0.04082293	0.26582843	0.13004013	0.36322091	0.33795948	0.41066600	0.20690314	0.34601648	0.32747788	0.00308470	0.14371975	0.03533122	0.22665926	0.28346202	0.43902481	0.22659660	0.27773693	0.21967851	0.25472865	0.24446791	0.23975313	0.28413625	0.03451374	0.20142304	-0.00500019	-0.06623250	-0.20522483	-0.00309102	0.03118996	0.09642418	0.03366497	0.23103945	0.22116440	0.28861752	0.32614260	0.26172695	0.38476441	0.07129206	0.33478114	0.09839712	-0.18733439	0.09010847	0.06871706	-0.07555138	0.29844206	-0.10155356	0.25367722	-0.08360885	-0.04978641	-0.13718814	-0.16025155	-0.06933963	-0.35080580	-0.12367329	-0.16146312	-0.16883277	-0.01094580	0.08195139	0.32031783	0.02527009	0.28225168	0.21765860	0.10741443	0.21166297	-0.00609202	-0.06081641	0.05540699	0.05671428	0.15612102	0.15572807	0.14187568	0.14186450	0.19185542	0.18071812	0.14715303	0.14357608	0.00844226	-0.01252783	0.21715947	0.14230980	0.17497264	0.20540703	0.16091268	0.19468088	0.14879623	0.11333688	0.12771959	0.19637686	0.18750698	0.12161639	0.17155964	0.18151704	0.13592282	0.11459875	0.31806168	0.13963791	0.17208551	0.18170743	0.07955380	0.19733668	0.18376515	0.06407461	0.13118905	0.00198780	-0.17076387	-0.09985777	0.05775098	0.00503986	0.10506887	0.14922559	0.16411888	0.15602322	0.17202913	0.20011043	0.29408378	0.12256809	0.28122502	0.15550448	0.25783911	0.21294338	-0.03198599	0.00706327	0.14427729	0.13946582	0.12619777	0.30215306	0.16683485	0.09037070	0.22478029	0.12396899	-0.00748886	0.15451901	0.08597576	0.15158375	-0.02597287	0.02809485	0.04489971	0.39663940	0.28467700	0.36457120	0.13663450	0.05342116	0.13502938	0.06995825	0.12258947	-0.07970762	0.28859900	0.11014021	0.18626363	0.40535356	0.09116882	0.40783696	0.32912688	0.25005842	0.35544783	0.22341732	0.25274883	0.24052083	0.29084883	0.22611498	0.25535892	0.15959704	0.29443709	0.32224542	0.16913635	0.23065732	0.30543501	0.33827659	0.40815340	0.23812312	0.24013397	0.39091708	0.21972604	0.26986936	0.20505430	0.22344137	0.35753276	0.29801217	0.34872978	0.21145956	0.28451821	0.17540469	0.08400663	0.00432515	0.10895302	0.08433413	0.16421730	0.28664718	0.06094492	0.02927589	0.15613121	0.23776218	0.17210733	0.13647826	0.35498080	0.99806662	0.42159074	0.28584587	0.32682982	0.09284279	0.22664275	0.33049419	0.36797008	0.22013036	0.28006042	0.32570482	0.21784302	0.25249415	0.29538284	0.09274275	0.04612586	0.13544982	0.26245115	0.17442268	0.22179798	0.30439052	0.27219677	0.15443217	0.24393981	0.22798610	0.23436133	0.02339564	0.08274772	0.13215425	0.20080604	0.12492164	0.03626934	-0.02062128	-0.11247163	0.10187467	0.03367774	-0.01545591	0.22468021	0.17059709	0.25994992	0.11894082	0.19199555	0.32578734	0.28650357	0.23255078	-0.05248048	0.05796229	0.03316934	0.00785492	0.21727596	0.19761320	0.14396933	0.17824400	0.32112112	-0.05334369	0.17480939	-0.16127177	0.06997356	-0.03931275	-0.20478954	-0.17643893	-0.18584530	0.22686905	-0.11043148	-0.04437827	0.02614187	0.32835911	0.00005985	0.10422081	0.24368718	0.15068221	0.11811768	0.09454040	0.09115500	-0.00390040	0.13977244	0.20202929	-0.03268354	0.20809629	0.07161665	-0.03839677	-0.03479728	0.05256265	0.15007385	0.05463985	0.12736931	0.20553500	0.08973995	0.22844810	0.15888064	0.07816742	0.02502100	0.03523444	0.21217427	0.13300128	0.03005599	0.14346783	0.13634547	0.34938854	0.12436254	0.07909341	0.07060379	0.28067665	0.25634536	0.20174202	0.22507038	0.12718600	0.35094574	0.04341698	0.14586382	0.03524248	0.18688109	0.19247890	0.18535018	0.18118308	0.26817590	-0.11016569	0.22827865	0.23476907	0.16577887	0.16891236	0.32733210	0.24562952	0.41431358	0.13564909	0.01831452	-0.03620579	-0.10128577	0.17812599	0.04195133	0.23212028	0.34506397	0.14931267	0.01796077	0.03089069	0.21253880	0.00121117	-0.06722261	-0.01910095	-0.02366111	0.18089063	-0.03286566	-0.17119256	-0.01592265	-0.11697275	-0.07886590	0.26298165	-0.16276815	0.17740031	0.15095823	0.04382640	0.11057577	0.03756556	0.00469882	-0.00719819	-0.09213449	0.18789770	0.12585344	-0.01418215	0.00279581	-0.16279278	0.06039603	0.09097620	-0.10016113	0.06381453	0.11410157	0.16057500	-0.01124591	0.32873509	0.08554326	-0.01493450	0.16958842	0.13149450	0.07673527	0.35945203	0.34016186	0.30087919	0.12366460	0.20647683	0.34607381	0.36611126	0.17360830	0.20993880	0.22271490	0.27133593	0.22913787	0.20295285	0.14437908	-0.12751299	0.15530382	0.24562736	0.34417433	0.39487738	0.34594754	0.28320214	0.39098737	0.30165766	0.34884561	0.36363294	0.15191513	0.34433104	-0.01561218	0.19015012	-0.01989561	-0.06136461	0.03934907
17Networks_RH_DorsAttnA_TempOcc_2	0.48613443	0.46748586	0.36699934	0.48469403	0.07933130	0.01690403	0.30685698	0.23251968	0.17789737	0.21490079	0.32333194	0.25341177	0.31903540	0.49331658	0.49628882	0.11623747	0.20136813	0.35723597	0.21891271	0.23125771	0.29605529	0.17812296	0.25108246	0.27040066	0.16054902	0.16706385	0.18984744	0.28971296	0.21871774	0.24380825	0.12617918	0.09980687	0.23413403	0.23361791	0.33844464	0.44223014	0.04481377	0.37102450	0.47524726	0.36177818	0.23308949	0.37210841	0.29251141	0.22444275	0.17181707	0.00373336	-0.02495222	-0.02023166	0.03622506	0.01278109	0.11862278	0.23380372	0.04854222	-0.03176388	-0.02777417	-0.17922123	0.09469819	0.07200630	0.24084743	0.51299027	0.42762867	0.49130713	0.23573219	0.00502012	0.36196183	0.13782824	0.36200524	0.31894760	0.29311471	0.14478095	0.34983237	0.34105164	-0.06958446	0.13630306	0.00295950	0.12279972	0.19487032	0.26046642	0.32477343	0.29906620	0.34409284	0.34966408	0.23610325	0.24852972	0.23172511	0.10359252	0.29659240	-0.05824298	-0.07944046	-0.15729899	-0.07140812	-0.01729989	0.17104206	0.16050455	0.13866592	0.20967502	0.27078003	0.19768445	0.30701299	0.57401194	-0.07468128	0.31347491	-0.06328812	-0.08507729	0.11059146	-0.05613362	0.11276905	0.27513933	-0.05080073	0.36968800	0.07584632	0.05645641	0.20312557	-0.08179082	0.04892811	-0.17802941	-0.16521962	0.07725324	-0.07621110	0.05773528	0.18443565	0.38921403	0.07466758	0.36189908	0.14056883	0.19434080	0.33051807	0.14996769	-0.08497295	0.02125895	0.21755268	0.11011023	-0.01854903	0.32894628	0.40364083	0.36276272	0.30365156	0.23610738	0.32906179	0.15913733	0.14744844	0.24524168	0.37639489	0.00525943	0.20646599	0.13143684	0.06905145	0.01858488	0.21399050	0.18765483	0.18678725	0.29385713	0.22157169	0.19736168	0.26918884	0.17548355	0.13884796	0.38735024	0.31905147	0.15631287	0.35639498	0.18149150	0.31048474	0.19950208	0.27536225	0.12386458	0.21934853	0.04924049	0.05795110	0.19136723	0.30689249	0.29558908	0.27166636	0.33141887	0.39775286	0.42422351	0.38536819	0.43678686	0.27711920	0.51999771	0.27337789	0.46340246	0.29140297	0.12585621	0.25549597	0.35820280	0.37157808	0.20511904	0.20105477	0.13763554	0.02187407	0.19729952	0.21239589	-0.02528690	0.35310132	0.27127883	0.29635623	0.13391803	0.13808638	0.14526602	0.49307001	0.49248913	0.48122176	0.49994531	0.34701791	0.35014646	0.40937805	0.21702271	0.15936704	0.38472515	0.24186131	0.38647506	0.38858122	0.04861061	0.44039823	0.36624810	0.12507595	0.36148963	0.22891108	0.27012634	0.31290652	0.14885198	0.21768247	0.28151165	0.17762406	0.21372775	0.27951307	0.09560315	0.25526326	0.18722601	0.31582594	0.28639580	0.18306668	0.12035825	0.35884806	0.30688555	0.26489762	0.23048037	0.32182638	0.32254464	0.43884151	0.39417356	0.23752603	0.24544685	0.24497992	0.20762718	0.12613212	0.19806033	0.17204913	-0.05380583	0.20750713	0.10312246	0.13185420	0.11299694	0.19960728	0.14108547	0.17845961	0.27744978	0.42159074	1.00733271	0.61512626	0.37899351	0.24653158	0.35321984	0.43725924	0.43626281	0.26164062	0.30678640	0.35257676	0.24408082	0.22369285	0.22570626	0.27237561	0.16778861	0.16019261	0.25941426	0.16908367	0.11567543	0.24381373	0.34132825	0.28147867	0.19284143	0.26687144	0.22721667	0.05454760	0.10029233	0.04578586	0.21196951	0.21850630	-0.07064562	0.09216242	-0.10127505	0.00835553	0.18730042	-0.16113115	0.15910199	0.15640809	0.12039460	0.03513939	0.13133609	0.16359484	0.42153479	0.23267606	-0.07970227	0.02823037	0.07194058	0.03713655	0.27203441	0.06993462	-0.03656987	0.14623929	0.25874671	0.14363715	0.28247358	-0.01852123	0.03206039	0.03758932	0.07575212	0.04092089	0.03986931	0.11091878	0.05091599	-0.01592160	0.08549711	0.33801375	-0.02478220	0.11199977	0.25816233	0.25770498	0.13319641	0.16801647	0.10171497	-0.02115578	0.16490909	0.18374384	0.19962328	0.42499485	0.26814287	0.07826193	-0.09774903	0.03577651	0.09216614	0.03987112	0.11789916	0.36353744	0.24045955	0.34816893	0.13903133	0.22521790	0.06960667	-0.11121621	0.02489784	0.24719932	-0.00708577	0.05776221	0.07452543	0.18062627	0.19427775	0.20792985	0.16373608	0.33507363	0.36393542	0.28602790	0.32572246	0.01867421	0.21688655	0.07986848	0.28424482	0.17725757	0.21441807	0.32337070	0.40432373	0.13601559	0.35223733	0.14618548	0.21185291	0.33602030	0.17765743	0.28388418	0.31115905	0.27766520	0.32891595	0.19708530	0.04897511	0.06062829	0.04001148	0.18494300	0.04034034	0.20923631	0.17781974	-0.00013399	0.02547076	0.11128839	0.35740414	0.02644443	0.01951695	0.01567527	-0.02654096	0.31888013	0.02844599	-0.08906359	-0.08065852	0.09470445	-0.01596829	0.16754611	-0.09167429	0.16279709	-0.01444566	0.09123645	0.09870821	0.04513297	-0.02392186	0.06728495	0.01971014	0.24934391	0.24139445	-0.07703609	0.00723906	-0.04950101	0.17477756	0.13454379	-0.06768940	0.15106062	0.10966929	0.21045540	-0.04573628	0.11775181	0.06925903	0.14511247	0.21809256	0.34229595	0.24053362	0.52260744	0.28626409	0.23805904	0.15346752	0.19563047	0.42263857	0.34711994	0.29053398	0.46773353	0.40132132	0.50139204	0.45488356	0.57413606	0.46132961	0.28378222	0.35315919	0.40160872	0.39439932	0.21379170	0.16454151	0.21301437	0.34745774	0.26734970	0.24466422	0.40825162	0.42917799	0.59034251	0.38537911	0.46866487	0.33029998	0.36543888	0.32101787
17Networks_RH_DorsAttnA_TempOcc_3	0.42773969	0.47793313	0.40351811	0.50014921	0.16080334	0.16747997	0.33608055	0.26196326	0.29632584	0.32172427	0.37552695	0.27638310	0.27506483	0.38464415	0.54533205	0.00837479	0.09075432	0.38865953	0.15750806	0.16153443	0.29393340	0.02783408	0.22121352	0.15760560	0.07908273	0.07666632	0.13059360	0.10146458	0.07123188	0.07485381	-0.00319055	0.05889869	0.15078724	0.07234126	0.16685617	0.40472757	-0.02431613	0.27863691	0.33424887	0.22923140	0.03955562	0.17891778	0.23414435	0.19706027	0.15380890	-0.03840360	-0.01919321	-0.13332676	0.09456034	0.08404150	0.09368619	0.10732487	0.01778967	-0.03590418	0.04646548	-0.13413979	0.10808123	-0.05063576	0.18043092	0.37809372	0.37290288	0.51362539	0.27906157	0.02506938	0.32726688	0.17992773	0.29996787	0.23807811	0.27209243	0.14030234	0.29673474	0.29197271	-0.05385286	0.10087122	-0.04016363	0.07559693	0.10698108	0.15494462	0.24210142	0.19267818	0.21289176	0.35068970	0.16579803	0.22459141	0.25815903	0.07536140	0.31474967	-0.08243919	-0.12181795	-0.13454484	-0.18207699	-0.02380646	0.12786051	0.13419525	0.06130735	0.10762251	0.13426849	0.14791185	0.27068244	0.43972209	-0.11836878	0.24931832	-0.17244782	-0.18816259	-0.03516579	-0.11534309	0.05870208	0.18198776	-0.06787610	0.15304558	-0.01318966	-0.01750308	0.29382868	-0.01710641	-0.03351773	-0.16892098	-0.02348308	0.08873478	-0.15213376	0.01416772	0.24811672	0.24950648	-0.01682944	0.28255346	0.12891666	0.09731897	0.23601088	0.10009792	-0.10456177	0.05274463	0.14479460	0.12300627	-0.05004323	0.26508246	0.40317107	0.26848710	0.21300910	0.13655997	0.21018375	0.17753072	0.14915889	0.17664327	0.41843873	-0.08383000	0.10778460	0.10797973	-0.08668052	-0.04632458	0.15581514	0.13338580	0.13689758	0.27379169	0.15336772	0.09794504	0.21862091	-0.01320803	-0.00147655	0.19034457	0.32272790	0.11908925	0.28796774	0.04379463	0.28416520	0.22785116	0.20070080	0.06174743	0.07500719	0.09842785	0.10397912	0.13912973	0.31612498	0.21548021	0.20725047	0.28959186	0.38904395	0.43814756	0.39159724	0.42187559	0.22940845	0.44351272	0.30826865	0.44006141	0.13999375	-0.06985301	0.24310438	0.28634749	0.27324429	0.12396691	0.10556270	-0.03584547	-0.08510670	0.12537644	0.23757664	0.07331728	0.23299011	0.24523784	0.30164754	0.22994726	0.14315483	0.20444090	0.45141472	0.49937127	0.50453182	0.48497930	0.55049189	0.34821081	0.46565057	0.33093840	0.36208316	0.41265804	0.31813449	0.45092050	0.36887330	0.05166031	0.41006836	0.28139292	0.04629368	0.30762498	0.14932091	0.23274631	0.30159609	0.10898559	0.17343846	0.27872462	0.13142083	0.12841936	0.08829003	0.09704658	0.13600448	0.05511134	0.17881292	0.17912699	0.05679131	0.06539450	0.33088474	0.19434486	0.06566756	0.04069975	0.19249666	0.22972737	0.35360620	0.35573620	0.14545691	0.17273406	0.13886002	0.13970302	0.12442515	0.06715156	0.11033913	-0.09824434	0.11543136	0.06622557	0.03362980	0.04244776	0.09509033	0.07654592	0.10659108	0.23681847	0.28584587	0.61512626	1.00991266	0.34119037	0.16942939	0.40190739	0.46480897	0.38327502	0.16830045	0.30971733	0.30361082	0.10443208	0.15005493	0.16330306	0.28138751	0.19291209	0.14599902	0.20609144	0.17438256	0.03652721	0.14003319	0.24938712	0.22028205	0.13954468	0.31468144	0.23366425	0.01277474	0.09246185	0.04916317	0.16086461	0.08946774	-0.18376627	0.02000190	-0.13882761	-0.09621774	0.07703714	-0.14036996	0.12448287	0.01964181	0.02223389	-0.03261932	0.04362379	0.05155271	0.40256158	0.14971368	-0.06843834	-0.04582419	0.08781130	0.07143246	0.22211818	-0.03871378	-0.09145516	0.12646319	0.13738990	0.06623337	0.09902032	-0.03602410	-0.05049309	-0.07800183	0.25010777	0.07039041	0.13261588	-0.01050567	0.11186319	0.03414846	0.08253322	0.30997588	-0.11773166	0.08922885	0.24718348	0.20325382	0.11967885	0.08303936	0.11155432	-0.04585549	0.07222619	0.04420823	0.27864023	0.46014248	0.26295247	0.15467437	-0.06585810	0.07753832	0.04946081	0.11592650	0.13609035	0.32313861	0.07892746	0.29445773	0.13083462	0.15735766	0.15734996	-0.11939024	0.03013242	0.21254846	-0.00080455	0.07150541	0.01720378	0.01474863	0.24321644	0.19410137	0.18289339	0.22394914	0.26646293	0.20796452	0.26510119	-0.06571574	0.12312468	0.03170872	0.15826315	0.13693424	0.12831884	0.27514653	0.45386927	0.03554571	0.30316293	0.09232936	0.14943753	0.27683190	0.19928550	0.25713787	0.22231420	0.23052713	0.10840837	0.07309116	-0.04285568	0.02853178	0.10336176	0.10320811	-0.02988777	0.11307297	0.06209706	-0.04058573	-0.04579520	0.03667736	0.31570767	-0.03221997	0.05900232	-0.02438742	-0.04476009	0.28011975	-0.00942288	-0.01499860	-0.00874918	0.06247821	-0.10005834	0.14440282	-0.08863586	0.03874659	-0.14694401	0.01757757	0.04840426	-0.06104036	0.05029090	0.00614870	-0.01956636	0.21627063	0.16421039	-0.00594383	-0.05458237	0.06025912	0.09102386	0.10501335	-0.13091494	0.06287212	0.08456763	0.06809802	-0.05837101	0.07406573	0.10003775	0.10805096	0.07283222	0.34534728	0.21923002	0.38522219	0.26544558	0.21974200	0.25624319	0.19293176	0.35784399	0.27069182	0.24357497	0.44348111	0.36551388	0.40627577	0.34841468	0.55448027	0.47840330	0.39364427	0.38893899	0.38518085	0.35549743	0.20213413	0.11134946	0.17976751	0.22939685	0.26967158	0.21953040	0.35717908	0.33987515	0.49709320	0.38870437	0.43968033	0.39668714	0.43078081	0.40661811
17Networks_RH_DorsAttnA_ParOcc_1	0.35364518	0.30593618	0.21799493	0.35663323	0.17252033	0.07576095	0.25623941	0.43650709	0.21668130	0.33169627	0.18575990	0.30961994	0.37101107	0.42507792	0.34174094	0.10807463	0.20911889	0.14238243	-0.11245395	0.20892612	-0.03299454	0.08577962	0.07058892	0.16514376	0.38502948	0.16729850	0.30504171	0.41432889	0.43355131	0.20738118	0.32662845	0.35677586	0.44015265	0.39686800	0.37522137	0.42671061	0.27009347	0.23629523	0.41617275	0.38830825	0.32797025	0.26401991	0.35215661	0.21349062	0.09398710	0.02997239	0.09051519	0.09443927	0.03315263	0.23218126	0.31918063	0.25248207	0.22271392	-0.04410620	0.21820176	0.05006171	0.29931205	0.31411906	0.31314213	0.37387796	0.39510242	0.29144272	0.27835003	0.24864660	0.26898016	0.23052952	0.45008851	0.37982208	0.45216288	0.39867842	0.38577800	0.43314497	-0.04660005	0.25732861	0.10966783	0.39581891	0.47777787	0.44886931	0.15345859	0.19691695	0.16744052	0.36196022	0.37902262	0.27933200	0.37863666	0.06463049	0.15628230	-0.06172709	0.03648778	-0.13993969	0.10950390	0.10817910	0.15438797	0.14544141	0.41934980	0.20000174	0.17790142	0.44453181	0.31778446	0.40176751	-0.02703092	0.22146850	0.00520849	-0.05650853	-0.01471192	0.08761200	0.05220064	0.17766982	-0.03197892	0.18710191	0.01773500	-0.00509094	0.16047627	0.07084404	0.05891685	-0.08245859	-0.16371938	0.10377868	-0.03864821	-0.01163536	0.30175083	0.37225477	0.03547764	0.32177008	0.36657940	0.14143716	0.23993123	0.02325163	-0.02615925	0.23165798	0.09268246	0.08507977	0.13884178	0.17632217	0.17838463	0.22720897	0.13191091	0.25791829	0.16153530	0.12611713	0.14186187	0.13586056	0.30695024	-0.07894253	0.12662299	0.13338875	-0.01581144	-0.04302130	0.05370189	0.05815322	0.04739697	0.17511001	0.02603115	0.09810023	0.12745740	0.01164675	0.03263692	0.25627315	0.21478848	0.04761875	0.17517025	0.00657632	0.18804594	0.11955087	0.20115606	-0.00466719	0.09156801	0.06478314	0.01857032	0.10564213	0.08313067	0.14916276	0.26943429	0.19847368	0.27918579	0.32056172	0.23093683	0.31727204	0.08584805	0.32698630	0.21426034	0.24746215	0.17897427	-0.07774152	0.14536453	0.21080832	0.18298041	0.07317163	0.09727833	-0.01657592	-0.10421902	0.10853259	0.11486558	0.04403861	0.05599122	0.20822267	0.00890557	-0.00787649	0.14823518	-0.01550040	0.45115382	0.28194629	0.34474744	0.31732621	0.21403946	0.19215557	0.37721256	0.37012986	0.30234386	0.57290430	0.07049640	0.38163245	0.37138405	0.03893963	0.26876122	0.29417947	0.14458090	0.02369579	0.20473160	0.17944885	-0.02601888	0.13688178	0.10850249	0.28510145	0.32339404	0.43628004	0.42296645	0.28917970	0.48595516	0.38347307	0.33494146	0.42678138	0.38481396	0.35574590	0.45751693	0.15697540	0.15955639	0.14037427	0.18777555	0.31707242	0.31134059	0.42784367	0.20238990	0.24894199	0.14517676	0.13279711	0.02519084	0.17200720	0.26152975	0.06031662	0.33908484	0.15671992	0.21241172	0.23977869	0.33039178	0.16947856	0.44284595	0.43396628	0.32682982	0.37899351	0.34119037	0.91587100	0.16251426	0.25850135	0.42717645	0.43607866	0.29798582	0.39791637	0.42036537	0.35436045	0.25153180	0.27400541	0.34835375	0.20437429	0.12323458	0.31717884	0.36560176	0.26122678	0.18942364	0.12623912	0.04954187	0.31792646	0.35146218	0.38526933	0.16246195	0.14529131	0.07764189	0.16779011	0.09615535	0.00174408	0.04953102	-0.10215165	-0.03721911	0.08980928	0.05480299	0.24260376	0.14073979	0.25637541	0.15357468	0.22394320	0.27297356	0.44309932	0.21815925	-0.02409973	-0.00653312	0.09714396	0.08621585	0.24453541	0.09212263	0.01788373	0.09053766	0.25563994	0.07716834	0.17571577	0.00960452	0.06551018	0.11943135	0.09185878	0.10409034	0.11303949	0.11314480	0.11446057	0.00953568	-0.04668393	0.41543318	0.02136152	0.04880474	0.48208031	0.23996679	0.11891099	-0.00534258	0.09543323	0.02858588	0.09704726	0.09861683	0.18929684	0.24302796	0.12258913	0.04448424	-0.00476584	-0.01560830	0.14978281	0.13653676	0.09015583	0.29577051	-0.01673111	0.18766004	0.09994255	0.09912215	0.11254265	-0.12800553	0.01097810	0.19388577	0.00395952	0.17246503	0.04012349	0.09149703	0.20964139	0.12582718	0.08097304	0.26243585	0.27530389	0.20609739	0.22637581	-0.00916337	0.08374451	0.05902482	0.16088790	0.12166488	0.06955192	0.22091712	0.29379790	0.01414715	0.15220684	0.06545894	0.16751271	0.29667569	0.17622525	0.25410855	0.25817198	0.20368531	0.14884982	0.15791216	0.09705169	0.01998422	0.05597584	0.03973804	-0.06322480	0.01567587	0.11076868	0.03944691	0.10868735	0.09910245	0.29346899	0.04664816	0.10274520	-0.08255480	0.11422571	0.16478149	0.05651177	-0.07699021	-0.03348663	0.04281134	-0.02824389	0.21502703	-0.04759945	0.15229336	0.13317620	0.15434871	0.10853692	0.00589415	0.13188243	0.28230954	0.11904957	0.29808070	0.26892053	-0.06122207	-0.07810783	-0.00501548	0.11478707	0.09163252	-0.00349060	0.15245077	0.11377765	0.16594644	0.09804572	0.09184873	0.05670574	0.23410793	0.22136830	0.35314008	0.24899144	0.41841871	0.26144126	0.36503998	0.19551281	0.14817936	0.38128712	0.27176901	0.18351497	0.29267001	0.34864348	0.36633145	0.36611322	0.41332277	0.40806631	0.30376024	0.34671381	0.31914490	0.36314092	0.38083199	0.08424936	0.27485565	0.36629897	0.20480794	0.20147190	0.32211055	0.32776803	0.40036250	0.31552334	0.34954907	0.32257857	0.35187494	0.29497164
17Networks_RH_DorsAttnA_ParOcc_2	0.25495552	0.20032299	0.26756922	0.29455837	0.04684528	0.08503903	0.26393246	0.15041661	0.28683104	0.10555803	0.17556086	0.15701955	0.06671228	0.14047705	0.23622397	-0.01732875	-0.11842445	0.22339916	-0.12033691	-0.07318659	0.01028037	0.02983523	0.02240418	-0.06298493	0.09131361	0.06349263	0.03314114	0.01721319	0.22533753	0.04574657	0.13232947	0.11917018	0.10043349	0.13440415	0.18380769	0.14189350	0.04315595	0.38544189	0.38107428	0.09645368	0.19858066	0.18754038	0.14425823	0.11857428	0.06264511	-0.05448586	-0.07259870	-0.01230504	0.11962049	0.08187844	0.02642982	0.17162161	-0.04959205	-0.24059817	-0.06509648	-0.17643650	0.02802014	0.02048495	0.11685846	0.27528001	0.23026888	0.25895661	0.09146964	0.10293193	0.17926605	0.12063158	-0.00014887	0.03322986	0.11326243	-0.05478675	-0.01807452	0.09277282	-0.22431136	0.03556133	-0.09072119	0.01121178	0.09053715	0.07244268	0.16029741	0.02541046	0.31300698	0.10857867	0.14877171	0.00019218	0.05529109	-0.04993878	0.15316419	-0.27541571	-0.20445488	-0.14404135	-0.01725909	-0.19292012	-0.01501105	-0.09787463	-0.03302290	-0.10801720	0.12975168	0.01550989	0.22722515	0.27804658	-0.18726207	-0.00275919	-0.10652814	-0.03697303	0.15342209	-0.07546086	-0.07332108	0.14944843	0.08193816	0.32958905	0.08217400	0.28342134	0.29941440	-0.10371490	-0.07536863	-0.01831788	-0.12632628	0.09292479	0.02006447	0.09129900	-0.05065118	0.19927496	-0.14085827	0.03253656	0.05217700	-0.12038549	0.22053384	-0.01137179	-0.12722393	-0.05161978	0.20729958	0.00954461	-0.08728146	0.28956524	0.13036626	0.26287680	0.03677185	-0.09839941	0.44673052	0.18405139	0.27893557	0.07504728	0.24550440	0.01073916	0.14612432	0.23734016	-0.03730985	0.06638567	0.46234829	0.23843177	0.21387235	0.31280578	0.42070509	0.38299771	0.44802883	0.25987681	0.15831734	0.16543765	0.49888810	0.29937512	0.48429346	0.28793527	0.44467202	0.33521273	0.24739355	0.14560769	0.29366841	0.27271053	0.15191341	0.39766730	0.13642958	0.32883701	0.41946177	0.34862300	0.49210647	0.35644317	0.20474624	0.41074625	0.25581258	0.22842651	0.21457778	0.21588867	0.38735514	0.30210360	0.36758095	0.22941126	0.17789104	0.04184902	0.16576513	0.19573077	0.11796370	0.08166820	0.14375729	0.00751957	0.33103541	0.17877179	0.16704401	-0.02871509	0.16997807	0.32567358	0.18792326	0.10850700	0.04450785	0.31234357	0.22796434	0.17414912	0.29792207	-0.07659100	0.12135811	0.05193770	0.04209655	0.09228224	0.09278952	-0.01320982	0.16388939	0.14910650	0.02531753	0.04351530	0.09570620	-0.05071223	0.01675166	-0.07315377	-0.00163499	0.02685188	-0.04884858	0.00505564	0.09056780	0.03998906	0.20211539	0.13388573	0.18757630	0.12457239	0.16201983	0.18552746	0.06889624	0.30651811	0.17463547	0.18366504	0.22356637	0.11150731	0.32202478	0.22940454	0.30213328	-0.01586398	-0.03072980	0.06560874	-0.12148716	0.12074319	-0.08451451	-0.12111532	0.02814130	-0.00154348	0.04927587	-0.04801413	0.02612275	-0.09002282	0.03629403	0.00760754	0.09284279	0.24653158	0.16942939	0.16251426	0.93153044	0.02774641	-0.01301191	0.01621014	0.06209139	0.03851572	0.02201227	-0.10500490	0.00670146	-0.00713909	-0.15103455	-0.04280840	-0.23314036	-0.12724450	-0.06706743	0.07115975	0.04173992	0.16511699	0.35776044	0.14020034	0.01454894	0.03008368	-0.02912790	-0.17321340	-0.30668372	0.02426360	0.06373915	-0.21005799	-0.02937072	-0.13853446	-0.13535659	-0.12321212	-0.17692934	-0.07564200	0.12299695	-0.13504419	-0.09747877	-0.09229986	0.05007867	0.16984521	0.26232213	-0.11415367	-0.17852843	-0.09466646	0.06399276	0.08464445	0.13593139	-0.04667005	0.18161648	0.06224194	0.16371076	0.15121473	0.16216676	-0.04542233	0.18426491	0.27759617	-0.04306559	0.00520541	0.11766397	0.04053153	-0.02415085	0.05280395	-0.00241695	-0.23169276	-0.09234389	-0.06166130	0.46397987	0.24074105	0.30329946	0.10422412	-0.07943512	0.27909812	-0.00139399	0.25923865	0.25927449	0.22354437	0.06736334	-0.27117306	-0.24456511	0.04124269	0.11048447	0.25851002	0.50510239	0.38377244	0.20150545	-0.02813222	0.28587519	0.10356308	-0.04698394	-0.02403057	0.57837895	0.24236086	0.08315663	0.20557843	0.06480241	0.41366575	0.46588842	0.27354558	0.53500029	0.59630068	0.48741285	0.56239637	0.18141796	0.20866365	0.32746507	0.54281883	0.58152601	0.29080788	0.60107122	0.37825636	0.12988275	0.29520376	0.37799825	0.20728164	0.55487283	0.35498622	0.45622145	0.32139904	0.19295324	0.31677073	0.38654673	0.11594142	0.40514962	0.00925620	0.12795667	0.13848858	0.11713867	-0.02517164	0.09397779	0.32093744	0.06071407	0.26799461	0.38607057	-0.02212752	0.35554799	0.21620668	0.44561174	0.18437860	0.03656750	0.04457335	0.03989893	-0.00087926	0.06862957	0.03485294	0.10052331	0.01174594	0.18992972	0.00910001	0.08394948	-0.00132702	0.12666307	0.03592257	0.02464418	0.12591550	-0.00143048	0.12193130	-0.00901006	0.19952750	0.08760364	0.05729486	0.15893702	0.17960304	0.10110374	-0.04697347	-0.11318445	0.03589018	0.08657821	0.08469087	0.07938043	0.11622658	0.40079055	0.17792829	0.13287641	0.19605877	0.07733971	0.26528133	0.20656843	0.18081925	0.31300426	0.32732588	0.30662725	0.25806828	0.38371163	0.37320009	0.31386887	0.31530446	0.13674679	0.14795962	0.06678969	0.10471578	0.04189693	0.24602574	0.14654873	0.14209615	0.06170565	0.20972542	0.28190800	0.25048368	0.23895514	0.19133360	0.20201257	0.22455617
17Networks_RH_DorsAttnA_ParOcc_3	0.28501152	0.41366417	0.13201147	0.24701486	0.04035633	0.13331277	0.09067512	0.24906963	0.13273083	0.40757181	0.32816603	0.37371161	0.36460948	0.29055783	0.38900802	0.17870731	0.16679641	0.35735516	0.21445961	0.30673703	0.32377235	0.21522527	0.33399878	0.29450263	0.12825195	0.09680044	0.19502901	0.21564476	0.09404708	0.09095528	0.07164859	-0.08182993	0.09820246	0.06669662	0.19056712	0.19891201	0.02272281	0.15538371	0.25285624	0.06372878	0.18577643	0.24730835	0.20947750	0.11938469	0.09984271	0.06947855	0.03285802	0.02729837	0.03898292	0.11152750	0.00246743	-0.06015263	0.12002123	-0.04439300	0.11623923	-0.05478279	0.10964429	-0.03922496	0.21960378	0.22853680	0.38771616	0.25913065	0.25756776	-0.03039181	0.37773102	0.11539022	0.21585871	0.14234447	0.16276639	0.13363095	0.16042694	0.12142066	-0.08759775	0.03937520	-0.05198634	0.01833560	0.08991337	0.18317824	0.17636735	0.15205813	0.12792475	0.19617420	0.01696142	0.18688639	0.14557992	0.12010957	0.20373293	-0.05346422	-0.01067016	-0.06321781	-0.13917772	-0.01086356	0.12562511	0.07242856	0.08065186	0.13800878	0.18484376	0.16204058	0.16154381	0.25656581	-0.11448264	0.13813855	-0.15837039	-0.17653906	-0.01675009	-0.10693453	-0.00899766	0.11605745	-0.10200085	0.09702502	-0.04555533	-0.04861998	0.11543487	0.08782718	0.12500860	-0.09514947	-0.02118755	0.08096802	-0.14512110	0.07886051	0.10135369	0.19786089	-0.02366592	0.18697162	0.04792909	-0.01989359	0.13907031	0.07212175	-0.13479061	-0.03164494	0.11812486	0.06885658	-0.04418703	0.15112776	0.24237630	0.11453545	0.11924732	0.07424877	0.15321726	0.07656460	0.05370430	0.11340653	0.28178806	-0.03645787	0.14052825	0.06255700	-0.03581930	-0.10230777	0.10071174	0.12641641	0.13288056	0.15021497	0.10089737	0.13923314	0.19037054	0.05328187	0.09915572	0.17178182	0.21315222	0.06946151	0.15171592	0.01954338	0.15458730	0.13071457	0.17017223	0.02228322	0.02632165	0.07586944	0.10602450	0.08239405	0.28832654	0.18342210	0.12933466	0.23304965	0.22056412	0.33980084	0.25179321	0.20141055	0.15540178	0.25701355	0.29037508	0.34150841	0.12725220	-0.02116251	0.21664785	0.24933661	0.26166560	0.06247102	0.12265157	0.01798762	0.00898655	0.16397745	0.34505518	0.23019089	0.07807596	0.06173886	0.22691271	0.14315400	0.03454272	0.11649181	0.37632860	0.33933782	0.51917542	0.26609274	0.23387998	0.09151700	0.30392360	0.19902085	0.10465035	0.30942681	0.25463890	0.44776123	0.49514363	0.17842469	0.29929650	0.26922342	0.25523070	0.34400455	0.28184391	0.36099686	0.33431242	0.21869074	0.36989314	0.19260485	0.18439084	0.20287422	0.18436727	0.08775578	0.16802344	0.09639243	0.14578708	0.19872554	0.12288072	0.03849605	0.23866406	0.18518316	0.11404508	0.17702498	0.25042776	0.25953869	0.21633819	0.26219159	0.05456418	0.21311812	0.15288005	0.15870377	0.10108487	0.16374255	0.06565543	0.06253688	0.20428499	0.06418876	0.05642428	0.13958693	0.09197320	0.01728882	0.02300656	0.15947199	0.22664275	0.35321984	0.40190739	0.25850135	0.02774641	0.81068189	0.46554202	0.36286874	0.19912076	0.35195972	0.28922694	0.19300580	0.21620082	0.18233514	0.17833062	0.11014942	0.14254955	0.18609057	0.09675927	0.13776368	0.20678514	0.28853347	0.14282785	0.17805696	0.13078397	0.06018034	0.00020571	0.09538748	-0.00012724	0.04002454	0.25062799	-0.06234076	0.08663695	-0.03402191	-0.03494867	0.11372638	-0.09093583	0.18530937	0.13637157	0.13158007	-0.07327160	0.12272545	0.10552597	0.15867458	0.00205265	-0.15629541	-0.05081990	-0.03462694	0.02996041	0.06047506	-0.05669181	-0.13874296	0.01148719	0.07146627	-0.04361748	0.13183705	-0.12506899	-0.00287302	-0.01878783	0.08779155	0.09911679	0.10850937	-0.09854481	0.11794855	0.07259755	0.09326742	0.28878483	-0.07330379	0.07135221	0.20313805	0.11439698	0.03316835	0.00734678	-0.00002228	-0.08747087	0.07732272	-0.04014565	0.15952379	0.17394707	0.04725507	0.04059852	-0.08877889	0.08274913	-0.02483180	0.00927530	0.01728295	0.15639212	0.06261519	0.09129332	0.04037334	0.05487083	0.00746608	-0.02308353	0.03519315	0.11924381	-0.01352726	0.00972890	0.02769344	0.00915287	0.14481183	0.02340705	0.05300053	0.14402935	0.13640074	0.13146205	0.17027130	-0.03801152	0.11666033	0.01896649	0.02460811	0.04604105	0.02992359	0.10954357	0.17843866	-0.00887583	0.21187259	-0.00221403	0.05339382	0.08657591	0.12236849	0.04241682	0.16031693	0.04690051	0.05848343	0.02479345	-0.05753407	-0.07293113	0.02876509	0.17051181	0.02918622	0.05799681	0.18273230	0.07628979	0.08329035	0.05963682	0.16467523	0.00730559	-0.07863661	-0.03353016	-0.08321082	0.05513474	-0.10153327	0.07795342	0.09779134	0.10920012	0.03670928	0.10651820	-0.02789144	0.11223879	-0.01900974	-0.04588134	-0.02183347	0.00024358	-0.00879683	-0.00523885	0.03901676	0.18323769	0.10779257	0.13556737	0.04363353	0.09734099	0.08330950	0.16501798	-0.04698733	0.08626925	0.08295777	0.01591111	-0.05155182	0.21175359	0.09018349	-0.01299450	0.20956476	0.20874761	0.17313021	0.23698694	0.12461133	0.22698063	0.27647535	0.10562741	0.28507883	0.23193794	0.16706988	0.23449507	0.18306120	0.26777741	0.18203101	0.30239606	0.30893734	0.19744344	0.27805836	0.29106464	0.25269510	0.15654955	0.12096869	0.15916113	0.16526551	0.16100921	0.05433056	0.23958166	0.16722906	0.32480166	0.18773478	0.26903641	0.21073381	0.21051201	0.24027147
17Networks_RH_DorsAttnA_SPL_1	0.40895050	0.49994981	0.20370586	0.34755358	0.16029842	0.07229482	0.19898772	0.34369200	0.13680099	0.43503264	0.29912519	0.42789472	0.39382423	0.46560419	0.43503295	0.19571978	0.29627372	0.32906293	0.28327582	0.39775047	0.34549076	0.26283270	0.33965095	0.33503673	0.17421534	0.21923449	0.25503643	0.32707030	0.15855046	0.11648984	0.09674088	0.06936272	0.26484598	0.17161882	0.22833849	0.40458829	0.08063804	0.19280717	0.32495316	0.25835675	0.13677612	0.20250548	0.29729955	0.22033192	0.12992629	0.04889390	0.01303438	0.01584206	0.05329965	0.07062219	0.16156446	0.02687213	0.17199157	0.05334723	0.10724371	0.00530905	0.10264579	0.13798162	0.20748469	0.27279896	0.37429739	0.41092870	0.33023230	0.08714559	0.40709759	0.21590200	0.44633891	0.42536389	0.39500337	0.22254188	0.41206575	0.32730395	0.02298304	0.09857926	0.04644244	0.14316237	0.22712944	0.30096514	0.23952718	0.19040539	0.16790668	0.32396803	0.21503811	0.24919533	0.22344759	0.09830229	0.20959577	0.02107587	0.08522409	-0.07452957	-0.05406713	0.00594214	0.10713844	0.07990929	0.20288806	0.27040845	0.30797566	0.26551326	0.22085289	0.36298158	0.03804995	0.33727803	0.01796818	-0.10735355	-0.04240797	0.00519143	0.12713889	0.20310709	-0.07814150	0.15738493	0.03927843	-0.03989266	0.07365248	0.03927636	0.06506110	-0.11681078	-0.12673595	0.00897929	-0.07179557	0.05290856	0.30370349	0.33622555	0.12042635	0.34882505	0.19282481	0.21150516	0.20999763	0.06273332	-0.01764435	0.08461408	0.04104997	0.15984946	0.07089789	0.16231314	0.35054385	0.20258756	0.24391468	0.25026879	0.13743200	0.07029370	0.03011811	0.22404355	0.24043208	-0.05088341	0.16043028	0.17736860	-0.00796808	-0.10277268	-0.00453635	0.14558801	0.14769331	0.08499095	0.03131587	0.07848087	0.10255344	-0.02586074	0.02297866	0.16028502	0.12653931	0.11034373	0.16967802	0.06072589	0.20684337	0.15440478	0.17552475	0.07698303	0.05994077	0.05041624	0.01578841	-0.00369550	0.25352808	0.06420657	0.12078921	0.13540983	0.20217817	0.27400961	0.30042423	0.19808869	0.10253785	0.29937004	0.21972458	0.28442587	0.06289686	0.00118136	0.08861759	0.19808933	0.15946526	0.20157803	0.20441575	0.09011234	-0.01520442	0.14407485	0.27244903	0.15674596	0.05994524	0.11829127	0.12933776	0.10159110	0.13808760	-0.01298995	0.42887967	0.46015421	0.58727142	0.32308547	0.23069085	0.12126496	0.35848214	0.30464246	0.22435708	0.45443983	0.34304729	0.52736320	0.50275197	0.21514035	0.35976155	0.34956466	0.26228399	0.38433286	0.34402007	0.41604638	0.36408002	0.31767492	0.39838254	0.23221462	0.24970887	0.31961010	0.22821164	0.14241790	0.22154303	0.20157231	0.17798461	0.29434971	0.15732660	0.07618684	0.40593146	0.19650072	0.12760258	0.08648503	0.15464660	0.28972305	0.24497980	0.29786163	0.07684074	0.32259047	0.24219067	0.02228742	0.06563442	0.14655088	0.25980518	-0.06406593	0.25946460	0.10261319	0.07488197	0.17535502	0.14903013	0.11328630	0.15724758	0.32675726	0.33049419	0.43725924	0.46480897	0.42717645	-0.01301191	0.46554202	0.93130551	0.53721078	0.37557940	0.50579313	0.51133752	0.31800060	0.29377119	0.28540198	0.33290832	0.16590851	0.20307837	0.32695876	0.20252544	0.15163941	0.30601495	0.26574833	0.09689150	0.31620201	0.24894996	0.24882921	0.13109353	0.18330420	0.12648191	0.11286289	0.26648050	-0.00506415	0.06202361	-0.13047812	-0.03636895	0.16035427	-0.08997636	0.22261544	0.15652308	0.24868957	0.02991877	0.24315371	0.23330290	0.29304196	0.09267573	-0.08550717	0.00461227	0.15307568	0.08511747	0.31524328	0.04050492	-0.03389011	0.06250572	0.19761006	0.03760349	0.25890838	-0.04973465	0.00029762	0.07314026	0.06425375	0.06789811	0.15575334	-0.02612115	0.10827775	0.01932947	0.09885624	0.43974190	0.08116161	0.13867382	0.35454640	0.07476984	-0.03037478	-0.10190478	0.04164243	-0.06975548	-0.00407964	0.13024205	0.12177248	0.22303473	0.03233455	-0.00108588	0.01368109	0.09169597	0.14986204	-0.00771803	0.01433716	0.13357273	0.00011456	0.13335983	0.13245372	0.11496695	-0.03511961	-0.06485455	0.06647043	0.03524350	0.01523769	0.10748716	0.05730899	0.08825946	0.09183880	-0.00255056	-0.02693346	0.14587050	0.12786249	0.13749072	0.09150761	-0.05806415	0.10773306	0.00806492	0.07461012	0.00984094	0.06300662	0.12072015	0.20943930	0.02642579	0.17848586	-0.10251348	0.12407429	0.11130812	0.06556803	0.02799258	0.11890769	0.12217687	0.10022955	0.01336288	-0.10396598	-0.09297720	0.08488368	0.17289789	0.02269180	0.06011277	0.24516923	0.07970172	0.08518536	0.12104881	0.21361713	-0.08020411	-0.03501199	-0.10021252	-0.04335522	0.02445358	-0.07943098	-0.01997751	0.04318806	0.06116288	-0.00196751	0.21833707	-0.16196258	0.06553500	-0.00498553	0.01497078	0.03442718	-0.11864292	-0.02223931	0.10101746	0.00649634	0.23378919	0.24759033	-0.05733547	0.08288404	-0.01231714	0.02660183	0.10652460	-0.04729582	0.01229425	0.02407172	0.08684757	0.00168045	0.18642806	0.00472836	0.09883894	0.17898000	0.26785006	0.26319744	0.32867077	0.20240260	0.29408560	0.06313949	0.17421119	0.33352817	0.21738277	0.17454868	0.30231863	0.27419913	0.36469313	0.34252247	0.37058101	0.33024584	0.23345679	0.28674756	0.40924660	0.35070251	0.19785295	-0.00945822	0.18350956	0.21324900	0.10435045	0.16009786	0.35405459	0.31262537	0.40541602	0.26528924	0.34204706	0.29921701	0.30414573	0.28138251
17Networks_RH_DorsAttnA_SPL_2	0.35806691	0.33772785	0.10236763	0.16040897	0.05133030	0.21504835	0.19168214	0.41270152	0.21492717	0.42890146	0.13359461	0.32307939	0.42168479	0.27410648	0.25453234	0.01938871	0.29570652	0.11408399	0.07841516	0.35225762	0.10800841	0.11648864	0.13554580	0.23440601	0.29449917	0.20121360	0.29535435	0.25466850	0.27298195	0.18888151	0.23781114	0.20305872	0.27956149	0.19720555	0.23194016	0.37294523	0.17592067	0.13878796	0.28258113	0.24780312	0.23865906	0.21966734	0.29037999	0.10210660	0.01224789	-0.01440884	0.07488797	0.07452357	0.04207535	0.02275364	0.17882008	0.07860580	0.07389620	-0.05780059	0.15440945	0.01527203	0.14211782	0.26913721	0.21491178	0.32332920	0.42011039	0.48513036	0.42835628	0.17182003	0.43085024	0.36228672	0.41727344	0.35312090	0.53227638	0.23980508	0.27328745	0.15223067	0.06002387	0.21304803	0.20603044	0.17632913	0.24326132	0.23219939	0.10032876	0.13226834	0.08882297	0.39479310	0.23378312	0.24681440	0.37775437	-0.00810309	0.26918913	0.07285587	0.13605171	-0.10143990	0.14639473	0.17484620	0.12000893	0.13178701	0.31720893	0.24261096	0.29399696	0.34289743	0.30929691	0.36230962	-0.01696864	0.30447926	0.00112726	-0.14019856	0.04304707	0.03800474	0.04272944	0.17890285	-0.21266996	0.21937260	0.09664806	-0.04125914	0.12252438	0.14811783	0.13729954	-0.02351299	-0.15852192	0.08717918	-0.14028088	0.02023403	0.27423235	0.58631744	0.13315154	0.36631306	0.25377705	0.15142484	0.15144176	0.05172194	-0.15262157	0.20802664	0.01446619	-0.00173248	0.16863598	0.15124296	0.24530121	0.14390988	0.29666000	0.22750808	0.17680863	-0.07142412	-0.08545671	0.17786853	0.27940419	-0.06180995	0.15799132	0.07598322	0.13522279	-0.14088360	-0.07010398	0.03353896	0.05342028	0.10042758	-0.08986183	-0.00502052	0.03512405	0.00251607	0.09251456	0.31424363	0.13578605	0.04393536	0.07466860	-0.02948729	0.06198684	0.09480911	0.15049954	0.06098810	0.11860856	0.03042033	0.06523082	-0.03337435	0.30083217	0.15379044	0.20876977	0.19368453	0.26684306	0.30534482	0.28753688	0.23094045	0.07960681	0.33663657	0.22337640	0.28568383	0.22598699	-0.05295967	0.14017515	0.27045835	0.31149406	0.22473905	0.05437523	-0.06785654	-0.13100278	-0.01256396	0.18217674	0.08145848	0.14331521	0.25875261	0.28800906	0.22575808	0.25393976	0.03188525	0.42657014	0.35516147	0.38035420	0.19883913	0.17800392	0.16436327	0.32891030	0.47732792	0.33754019	0.56875153	0.24956631	0.36216076	0.42750816	0.14156275	0.23439105	0.17128032	0.16963907	0.16318845	0.30356670	0.24040760	0.08985127	0.16350306	0.14672656	0.25235492	0.19575143	0.33406984	0.19701993	0.20027428	0.21140723	0.17247567	0.23832750	0.23653421	0.16454435	0.10007857	0.25299161	0.06396898	0.20357118	0.11515149	0.12348593	0.23966405	0.21780712	0.19535550	0.04089163	0.24667462	0.14159485	0.08486935	0.08808571	0.15008650	0.12741596	-0.00756763	0.18259786	0.09119005	0.05746004	0.06065988	0.23802354	0.30013601	0.28513505	0.45363814	0.36797008	0.43626281	0.38327502	0.43607866	0.01621014	0.36286874	0.53721078	1.07533245	0.34353387	0.43617424	0.40738196	0.28225471	0.06903692	0.09628719	0.33435388	0.19106708	0.21605015	0.30015810	0.19901149	0.02986333	0.17847436	0.09525427	0.02372536	0.16767286	0.24733298	0.21465409	0.16962907	0.12436865	0.19682034	0.21198998	0.20845642	0.01502106	0.01704055	-0.02785837	0.10459193	0.12470699	0.03279005	0.23961143	0.07816882	0.17046787	0.03073481	0.20345539	0.21560380	0.32544466	0.16618451	-0.00431620	0.08197745	0.04172230	0.10027820	0.19636257	0.21742224	0.06907755	0.15348237	0.38137933	0.08155994	0.25821397	-0.02991431	-0.00627005	-0.00511954	0.05471160	0.03114040	0.17886414	0.10133881	0.07213795	-0.01658215	-0.02919831	0.61061087	0.10463122	0.11060184	0.36009377	0.06362759	0.00300326	-0.04282359	-0.08143770	0.16677756	0.17246901	0.31555267	0.01525406	0.27476761	0.05367088	-0.01544467	0.00281548	0.17352901	0.05428182	-0.12085502	-0.03732765	0.12198019	-0.10127315	0.16324125	0.03302187	0.04224633	-0.02828941	-0.07056133	0.07282022	-0.01887047	-0.03948655	0.09524867	0.11569484	0.20831438	0.07444459	-0.06269358	-0.00939654	0.14618190	0.12318277	0.06840257	0.09674611	-0.00133092	0.16038962	-0.07251459	0.02271938	-0.04917161	0.08544916	0.06538009	0.24947158	0.01311063	0.24456142	0.03401971	0.21751101	0.10918255	0.20081636	0.15235595	0.17678749	0.19202825	0.21636030	0.16959572	0.09681134	-0.09144624	0.08108415	0.01649615	-0.09844948	0.07606889	0.15203067	0.18018964	0.16990781	0.28811160	0.31036001	0.13862684	0.17714054	0.01088595	0.14945291	0.13853625	0.09650192	-0.04061498	0.03696280	-0.00080039	-0.05903431	0.31775755	-0.13173345	0.15848355	0.16665182	0.10994992	0.11375541	-0.00504423	0.11515626	0.11754211	-0.05212464	0.25918715	0.24159050	-0.13145665	-0.06657323	-0.01942972	-0.01336782	0.14462868	-0.06559511	0.13730017	0.08656722	0.34229491	0.23181048	0.27144855	0.01263458	0.18881091	0.19341938	0.32889470	0.28832906	0.27244908	0.10197522	0.24074868	0.15266251	0.20193347	0.22628991	0.06396326	0.15066820	0.19010263	0.25050511	0.26060436	0.29427002	0.38212144	0.32172465	0.24728333	0.22111069	0.34015957	0.26860180	0.23435597	0.00708555	0.11034665	0.20254441	0.09675803	0.13921953	0.31576223	0.26198602	0.37565823	0.24456646	0.33022475	0.30219226	0.28483976	0.35328009
17Networks_RH_DorsAttnA_SPL_3	0.27785086	0.29722501	0.09222644	0.24350289	0.08259116	0.03186912	0.22131879	0.18957257	0.08549643	0.24474038	0.11678943	0.25952878	0.27610787	0.38315193	0.29020962	0.28137888	0.21728512	0.15683795	0.24629094	0.35768164	0.23859204	0.26119776	0.22510403	0.41483202	0.32202379	0.28305402	0.21827288	0.28467710	0.29245913	0.36241757	0.23852708	0.11557189	0.26774014	0.08999092	0.19311785	0.37056699	0.25939761	0.12235409	0.27355217	0.21408925	0.29312767	0.27997555	0.35878620	0.04764558	0.10885183	0.00350439	-0.02470730	0.05614326	-0.14397007	0.00199958	0.13660702	0.09181802	0.20530338	0.09231657	0.09175149	-0.04152189	0.07042715	0.18867691	0.18032110	0.20354933	0.19626791	0.21489880	0.20755605	0.13261991	0.28222728	0.17845144	0.41020405	0.42463047	0.37998177	0.24642790	0.49124787	0.33635402	0.05011307	0.22510194	0.15349018	0.19582464	0.28013755	0.33010975	0.17303501	0.24842973	0.16024997	0.14359726	0.34619865	0.22992142	0.16166717	0.02701611	-0.05900994	0.01836628	0.10867139	-0.08919285	0.04619848	0.10660499	0.20162066	0.00180537	0.25639594	0.35182660	0.29999795	0.39627205	0.12604581	0.21087759	0.11950226	0.16360359	0.18823207	0.00937713	-0.07192552	0.11501607	0.00620092	0.03632210	0.03147519	0.12448176	0.13490724	0.08592365	-0.14077455	0.04219388	0.16187349	-0.00674214	-0.24236223	0.02754765	0.12107407	-0.06087948	0.28301323	0.36705774	0.18011507	0.34075665	0.19866910	0.29261305	0.14457634	-0.00453200	0.04120586	0.10807381	0.02032897	-0.00979793	0.10126816	0.10504244	0.21166648	0.16954887	0.15969421	0.21930409	-0.01200747	0.01987186	-0.02493442	0.08132466	-0.15226012	0.09278379	0.28882480	0.26192391	0.11470033	-0.04984485	-0.05462208	0.17954126	-0.03808822	-0.07015363	-0.09489787	-0.02521694	-0.01540801	-0.01559897	0.02029596	0.10051393	-0.01125686	0.02325792	0.00216735	0.01140777	0.02479621	-0.08158925	0.15675828	-0.13647601	0.09459265	-0.01383546	-0.04965576	-0.08898738	-0.02496793	-0.12315083	0.02023654	-0.08104875	-0.05466608	-0.04576803	-0.09361563	-0.03048348	-0.11574203	0.08962875	-0.10391261	0.02360781	-0.02563820	-0.05777375	-0.11847953	-0.09834045	-0.08703284	0.24352441	0.19073523	0.07970783	0.06358512	0.08926113	0.04883881	0.06412802	0.00705677	-0.06132303	-0.06834117	-0.10544733	0.13121157	-0.15295438	0.15094170	0.07483510	0.22756632	0.08663274	0.07497879	0.07604087	0.10467983	0.14885244	0.02488690	0.21458334	0.08265498	0.20726788	0.21612105	0.11376360	0.25752881	0.21981821	0.22029829	0.26852556	0.23452210	0.31596223	0.23470486	0.38583634	0.25395601	0.21605762	0.19259462	0.36337259	0.18739007	0.27984920	0.15111640	0.20776279	0.29471279	0.33179600	0.16384891	0.12512444	0.43401634	0.16641803	0.37366847	0.31748980	0.22759410	0.24257086	0.29662094	0.30169936	0.07971685	0.31698946	0.27416297	0.14427700	-0.00573418	0.19429485	0.28243520	-0.09124194	0.28259856	0.08183902	0.18707254	0.27612935	0.21128608	0.24456153	0.28459572	0.29885072	0.22013036	0.26164062	0.16830045	0.29798582	0.06209139	0.19912076	0.37557940	0.34353387	0.94898275	0.47335596	0.57946973	0.45154541	0.35924500	0.32868037	0.32769233	0.11348485	0.18484784	0.43670283	0.22851522	0.22212080	0.40255800	0.21225700	0.00748986	0.43577948	0.50924657	0.37592126	0.19737843	0.21871093	0.19687692	0.15813650	0.11749913	0.09512840	0.11148631	0.02642334	0.11464745	0.18856649	0.08924860	0.29141485	0.16953612	0.45221433	0.28892097	0.42307852	0.42607886	0.26840820	-0.08015512	0.04990707	0.17917024	0.22732379	-0.09686008	0.20374314	-0.01320998	0.02276837	-0.15779597	0.20225058	0.20821636	0.26554839	0.05825080	0.08247328	0.23213012	-0.14016178	0.14100219	0.11725262	0.12914903	0.05003221	0.12511529	0.11406463	0.54257260	0.28359112	0.27211963	0.32525831	0.09156135	0.12861667	-0.02323523	0.11507223	0.05466262	-0.09014297	0.26132281	0.13618483	0.19668515	0.01182750	0.02969682	0.13329518	0.22153606	0.22987237	0.01330847	0.04221818	0.08101157	0.05128000	0.15245903	0.17888404	0.16282849	-0.01973754	0.07429520	0.22471142	0.10000589	0.11171236	0.37896039	0.04274306	0.22766160	-0.00756671	0.02610397	0.15891516	-0.00695948	0.05475775	0.07043036	0.02673889	0.10648911	0.03197577	0.04684257	0.09440474	0.09052665	-0.06562413	0.01612433	0.01890074	0.02695268	0.15473673	-0.15619745	0.06092212	0.11833049	-0.01835428	-0.01075494	-0.01706021	-0.00738905	-0.02173337	-0.07811243	-0.10372064	0.05213805	0.14099015	0.10940522	0.07370233	0.09212591	0.20743643	0.07784145	-0.01485151	0.04302688	0.06307460	-0.17191675	0.02928183	-0.12182282	-0.01442136	-0.03907253	-0.12112421	0.03742818	0.00018103	0.00709840	0.06564033	0.11444334	-0.13171149	0.03121935	0.05439932	-0.00649952	-0.07255606	-0.03714579	-0.07365458	0.08146911	0.06580409	0.12282296	0.07701718	0.01831056	0.07858611	0.06621850	0.10404925	0.00655812	-0.01216941	0.10827102	0.03121262	0.00227118	0.01157610	-0.03413217	0.05034401	0.06454917	0.12987724	0.12566393	0.19354961	0.22983470	0.09213237	0.21070881	-0.09236046	0.14434023	0.21514728	0.19479416	0.13258376	0.24641409	0.21928190	0.26893808	0.25265328	0.19023844	0.13412596	0.03530583	0.16116608	0.24148991	0.21693012	0.19833403	0.06130565	0.17260852	0.26881882	0.13673093	0.11478631	0.21411486	0.08595764	0.18845664	0.07304536	0.15090809	-0.04742683	0.03030560	0.02016307
17Networks_RH_DorsAttnA_SPL_4	0.39823707	0.44248221	0.13428024	0.24721679	0.15283137	0.09817743	0.17389524	0.32388184	0.19391038	0.34173136	0.22323995	0.35225360	0.34306135	0.38653386	0.34765265	0.09911996	0.18069484	0.22140042	0.13160508	0.30157850	0.17899275	0.13010026	0.25224237	0.23935008	0.26117383	0.20967342	0.28540931	0.28362586	0.29858547	0.24881164	0.31335589	0.22797979	0.31680777	0.24101328	0.23587983	0.44789966	0.30866662	0.22301840	0.36251985	0.28445470	0.31637199	0.23659012	0.43627534	0.05380294	-0.00081758	0.02862086	-0.08148174	0.05728977	-0.16187913	0.01062919	0.12969483	0.02368975	0.16813628	-0.07145295	0.11571481	-0.05159865	0.15458937	0.23425393	0.30826695	0.23216293	0.31913729	0.31658152	0.33286912	0.17682700	0.39615368	0.30580304	0.50691963	0.53169678	0.51511674	0.37822523	0.50424322	0.44235293	-0.04698936	0.23172534	0.12834027	0.34677181	0.41615717	0.35035016	0.13136301	0.20058741	0.12024273	0.33777291	0.39225573	0.31800350	0.35644018	0.02748417	0.11590174	-0.06997563	-0.06467464	-0.15977180	-0.03419325	0.04197205	0.12073856	0.11234683	0.27449847	0.27984173	0.20550814	0.31770471	0.20204680	0.34403965	-0.00636699	0.23262605	0.04813052	-0.15363364	-0.01184089	0.07751891	-0.06820367	0.04946390	-0.01618443	0.13500378	0.03436533	0.04534096	-0.04879226	0.15536619	0.19153958	-0.03738998	-0.17142901	0.00953287	-0.00006774	0.03534519	0.35065252	0.44278940	0.10719196	0.43193820	0.31340155	0.25165297	0.19869060	0.06013164	-0.02558474	0.18671017	0.04758546	0.09956835	0.00208334	0.06706502	0.17420350	0.19337342	0.22522593	0.41473211	0.09096931	0.05671975	-0.01758717	0.09374845	0.07491505	-0.12517298	0.12791832	0.24702035	0.00446611	-0.15519331	0.01973217	0.18106617	0.02353074	0.01243122	-0.03194787	0.09673762	0.13046034	-0.02801918	-0.06868184	0.07889065	0.15959480	0.08862453	0.11896381	0.02127696	0.16513640	0.01143101	0.09587559	-0.09410523	0.10183199	0.06571903	-0.01881983	0.07630712	0.13349832	0.03298688	0.19420480	0.09907107	0.16348015	0.18486450	0.12664483	0.07500491	-0.03963617	0.22737592	0.12745774	0.22216647	0.12793888	-0.06391452	0.07720060	0.12590193	0.09596793	0.17504828	0.15562834	0.08618691	-0.04412477	0.13091717	0.07130964	-0.00271344	0.00819463	-0.06360969	0.01963746	-0.05202535	0.18262146	-0.05956394	0.36101625	0.23555269	0.36638128	0.15651511	0.12989506	0.03004836	0.23998299	0.26227419	0.15325457	0.39646038	0.20631769	0.36378945	0.35780145	0.08729103	0.23858004	0.25560036	0.17438405	0.19132821	0.27626609	0.26753551	0.17534194	0.16665098	0.20867094	0.24181928	0.21502321	0.33846784	0.33283346	0.27271462	0.28891143	0.29515656	0.26203530	0.40349166	0.28926744	0.19755095	0.51399936	0.15086443	0.25378945	0.17236612	0.17978705	0.31370596	0.22018842	0.32219092	0.05050625	0.25980477	0.15606481	0.03585679	-0.00765615	0.15514938	0.18189460	-0.07067303	0.26040650	0.01028957	0.17300118	0.18560926	0.23127310	0.14265416	0.34228119	0.44513816	0.28006042	0.30678640	0.30971733	0.39791637	0.03851572	0.35195972	0.50579313	0.43617424	0.47335596	0.94803248	0.72015858	0.50994291	0.48217164	0.42766123	0.32767215	0.20362820	0.22927259	0.50570008	0.32861966	0.28677641	0.36555778	0.26478041	0.04797648	0.40474207	0.43509784	0.31792095	0.13210769	0.13328303	0.12517858	0.05143570	0.17684103	-0.05312327	-0.03291272	-0.20577393	-0.03881165	0.06791193	-0.01245541	0.19138888	0.11492027	0.31673347	0.12189401	0.30198465	0.32017882	0.25829284	-0.00232179	-0.09117691	-0.00022763	0.15608095	-0.06237407	0.21819857	-0.05464259	-0.12881754	-0.10546615	0.06999351	0.09385283	0.17625682	-0.00216748	0.04451873	0.17316226	0.03290302	0.13814800	0.19154916	0.11237044	0.18584016	0.11310242	0.15141014	0.54838444	0.18264039	0.18186808	0.48626422	0.07150677	0.02725727	-0.11344416	0.07352596	-0.09163273	0.00382312	0.12989968	0.12209724	0.09843783	0.02719266	0.01895471	0.04164308	0.13567665	0.18640311	-0.04211574	-0.03411722	0.09216895	0.00320455	0.13772236	0.10866445	0.04670202	-0.06749085	-0.08700379	-0.02101011	0.11024538	0.05909862	0.30300716	-0.03476832	0.02526084	0.11269660	-0.03788219	-0.00709747	0.10831493	0.11428971	0.14897914	0.09103918	-0.06889644	0.04625431	-0.00937063	0.07204141	0.00903658	-0.07779794	0.10634077	0.14695552	0.02648451	0.06780165	-0.13349637	0.10946840	0.15906871	0.02891702	0.04565271	0.03179772	0.05179192	0.04928997	-0.07085717	-0.14329437	-0.07636453	0.03441111	0.20672627	0.02962733	0.03348917	0.20449029	0.11635823	0.01871385	0.05211423	0.10426497	-0.11682927	-0.07803799	-0.24479596	-0.14388303	-0.04186268	-0.11984285	0.14311055	0.03101167	0.09862251	0.07574286	0.21205075	-0.00414210	0.15431198	0.07271381	-0.02568257	-0.06094530	-0.08522228	0.05974908	0.11132375	0.01608607	0.16477517	0.22589861	0.11916989	-0.05277705	0.10970094	0.03456126	0.05577708	0.01024963	0.13033511	0.08171775	0.01134507	0.00583961	0.17016844	0.14601955	0.07315133	0.15361462	0.19702370	0.22562018	0.30759847	0.20882112	0.31164006	0.05483300	0.15500409	0.29658987	0.21896462	0.22419067	0.27051178	0.27845695	0.32606926	0.29867888	0.25153822	0.24397403	0.19399512	0.23094060	0.35417089	0.38487902	0.28890752	0.08404387	0.22295952	0.24385904	0.15654247	0.13628997	0.36592108	0.19107666	0.35759139	0.20780890	0.33355117	0.18303827	0.21373961	0.16568721
17Networks_RH_DorsAttnA_SPL_5	0.35340353	0.41943387	0.13598219	0.30394945	0.12659523	0.02677065	0.18526070	0.29456480	0.12607617	0.26345215	0.20453319	0.32563752	0.30844483	0.44913324	0.34938219	0.09865817	0.19106814	0.21960868	0.20415611	0.30895578	0.22613219	0.15933045	0.24202115	0.23661672	0.31608851	0.19380741	0.23940226	0.33884531	0.30430071	0.33621347	0.29419896	0.28550886	0.38231547	0.31063138	0.26879656	0.52212753	0.39131022	0.26876749	0.38668457	0.38346421	0.30251205	0.24731684	0.47323084	0.03339034	0.00797641	-0.03537049	-0.08710585	-0.02517751	-0.21676616	-0.05741289	0.18742969	0.08664751	0.16816498	-0.00583572	0.07673299	-0.07406724	0.10846271	0.27691231	0.23150178	0.22664202	0.24780742	0.31835473	0.31710784	0.18588350	0.39573875	0.26151514	0.62501286	0.61806759	0.59512021	0.47813992	0.65996771	0.56300700	0.00956562	0.25030991	0.19483274	0.43679933	0.51684753	0.45251548	0.23211298	0.31531141	0.18994440	0.30027460	0.52574487	0.38770344	0.34782414	0.02854600	0.06414645	-0.00953724	-0.04649799	-0.23204958	-0.06900913	-0.02333948	0.16016536	0.10250390	0.26314385	0.42573186	0.26872450	0.42236517	0.18573963	0.35819306	0.05409756	0.29349136	0.19439734	-0.12693385	-0.09803441	0.11251519	-0.01364926	0.04681367	0.05453516	0.15531572	0.07365700	0.07848186	-0.15535508	0.10509020	0.16582337	-0.05603948	-0.21548876	-0.00762815	0.10900692	0.06752930	0.38984329	0.46722055	0.17775894	0.49480199	0.35888271	0.39543764	0.23133478	0.05653658	0.05197656	0.20677328	0.01400093	0.03876326	0.03721672	0.04114409	0.26354233	0.19558833	0.27854607	0.49920149	0.02722416	0.03682235	-0.09474521	0.08811296	-0.01763353	-0.09635332	0.16047875	0.29584729	0.03086122	-0.15351584	-0.08319180	0.21845369	0.02477916	-0.03888025	-0.08298838	0.03365678	0.04149445	-0.02048292	-0.05484073	0.13730354	0.06125585	0.09243284	0.08693978	0.03668604	0.15117652	-0.03791524	0.07252607	-0.14207168	0.16307408	0.01931249	-0.14100131	0.01160114	0.06894384	-0.07148463	0.15766188	0.01884200	0.10083398	0.07536510	0.04485676	0.05761096	-0.08452448	0.22746333	0.00046478	0.12616520	0.05656769	-0.06964858	-0.00810919	0.02359780	-0.00147762	0.27527021	0.23692864	0.10942824	0.02005800	0.12607059	0.04287487	0.00266312	0.02173649	-0.15378398	-0.07647454	-0.12615915	0.09513083	-0.11962531	0.33331080	0.19697812	0.29763207	0.13587534	0.10141377	0.07904641	0.15413128	0.19423740	0.05977749	0.34573223	0.12902468	0.29359758	0.24617418	0.02580944	0.27584979	0.26376847	0.17742534	0.24536789	0.24553022	0.26579719	0.22922549	0.20364243	0.23252390	0.26976616	0.19095765	0.34147102	0.35011525	0.35508297	0.29629148	0.35048587	0.29849760	0.44681666	0.27897584	0.25603639	0.66462453	0.20265960	0.34767976	0.18754055	0.15679459	0.35469928	0.26284583	0.40116455	0.12221931	0.31979780	0.18947403	0.00425630	-0.08987268	0.16773783	0.18379464	-0.08051415	0.28500794	0.06109267	0.17069925	0.22299194	0.25100775	0.21181305	0.38968910	0.47046188	0.32570482	0.35257676	0.30361082	0.42036537	0.02201227	0.28922694	0.51133752	0.40738196	0.57946973	0.72015858	1.09442487	0.62297992	0.61845094	0.57552758	0.41073211	0.16055008	0.28949977	0.62259292	0.40391199	0.35772534	0.52413727	0.33737565	0.03718248	0.49515404	0.59124826	0.47329927	0.12900201	0.19804561	0.21598000	0.08460969	0.09020294	-0.03108120	-0.03336368	-0.17728171	-0.06588424	0.10701796	-0.01179064	0.24144922	0.20361562	0.43019750	0.22364647	0.43746239	0.43297267	0.34203647	-0.00469828	-0.03603820	0.05490589	0.18632767	-0.11368430	0.27453667	-0.14568488	-0.12263839	-0.18378789	0.04287292	0.13933488	0.18989854	0.02552891	0.04878132	0.21688378	-0.06296306	0.14264080	0.11196450	0.15409079	0.13306527	0.06326068	0.16599414	0.57936368	0.24250312	0.24972444	0.52603288	0.01341049	-0.00386158	-0.11442006	0.05457785	-0.05993510	-0.06312659	0.18295675	0.09639725	0.14782605	0.06455707	0.00103090	0.13702853	0.14627554	0.26027100	-0.06500496	-0.08701332	0.02902092	0.01448475	0.13526883	0.15177668	-0.00280057	-0.06729750	-0.09146004	-0.02976627	0.06317619	0.06884303	0.41464722	-0.03938472	0.07233380	0.01217789	-0.07703096	-0.01858309	0.08678435	0.05173612	0.11178711	0.01725971	-0.05263748	0.05410241	-0.06603181	0.06641448	0.00906059	-0.11829301	0.08150590	0.09512836	-0.01840829	0.01098522	-0.17768768	0.11519214	0.12778579	-0.05413635	0.00714920	-0.01222530	0.06971535	-0.02403331	-0.13084169	-0.21801685	-0.05630827	0.09786484	0.21561517	0.09273448	0.10257717	0.23944195	0.07578651	-0.01412940	-0.01714963	0.06414397	-0.20888213	-0.04404922	-0.29508414	-0.19599792	-0.06082208	-0.14378309	0.06937666	-0.03830786	0.04849141	0.03512230	0.20957095	-0.04306627	0.09629187	0.04948143	-0.07812415	-0.11656378	-0.10572415	-0.03758629	0.11084460	0.00492280	0.13940907	0.17745945	0.05789597	0.03861034	0.06191353	0.02704042	-0.01628580	-0.00237182	0.09871018	0.07542374	-0.03989947	-0.04023622	0.06304734	0.14946607	0.02740808	0.12182070	0.17657031	0.21091504	0.32792569	0.21952249	0.26264964	-0.04299585	0.16019960	0.32658356	0.29354647	0.19903987	0.30520595	0.28716298	0.34362945	0.32180081	0.24236295	0.17868674	0.06472618	0.12976299	0.36323400	0.37645964	0.26106072	0.07208639	0.31080336	0.23390084	0.18371028	0.12626852	0.34285782	0.18105739	0.29721470	0.13072560	0.27332280	0.11002619	0.10824552	0.05716551
17Networks_RH_DorsAttnA_SPL_6	0.31612413	0.34951937	0.10152821	0.26416854	0.18912509	-0.00589795	0.17895973	0.22475344	0.04161916	0.09181665	0.14623754	0.16839565	0.32500312	0.40547723	0.27686246	0.26577982	0.30449791	0.11441257	0.22955221	0.35100259	0.20410963	0.15748838	0.21807425	0.22335652	0.36006320	0.11494270	0.16261674	0.42337050	0.37405408	0.35810118	0.37181725	0.24495567	0.34076171	0.29118695	0.36212247	0.41895914	0.40609088	0.21038414	0.35505526	0.27994935	0.35642529	0.31688185	0.39145142	0.06834998	0.02220181	0.14529577	0.09494542	0.09154858	-0.21476787	-0.04686942	0.29691075	0.11678973	0.19006328	0.14203939	0.05878308	-0.03046155	0.06801206	0.18857420	0.10529112	0.13806725	0.19920386	0.11007606	0.28686762	0.09472743	0.21150486	0.14716442	0.47591274	0.47884463	0.37705936	0.53507959	0.56378289	0.51056996	0.16102922	0.25336953	0.31832698	0.48469772	0.48488979	0.40924765	0.23654242	0.42429896	0.22132996	0.19020711	0.46913945	0.40465852	0.33301700	0.13508581	-0.06855834	0.09630572	0.15832108	0.00948186	0.03892691	0.16831338	0.26957093	0.15044338	0.32007452	0.45839206	0.17372310	0.45014818	0.09206639	0.29996130	0.13593107	0.22845357	0.23803259	-0.03772911	-0.08658302	0.13570731	0.11834262	0.04497373	0.06372395	0.18002240	0.02669398	-0.01779850	-0.21849685	0.14689670	0.23231065	-0.02001785	-0.07127910	-0.01239265	0.07334985	0.05560168	0.44186566	0.28166928	0.22454304	0.40867739	0.33043435	0.40993309	0.24941063	0.12447947	0.11970429	0.24654301	-0.04449658	-0.00459277	0.24338684	0.01012845	0.17685360	0.19144126	0.27152622	0.49373384	-0.05552149	0.07160010	-0.06568242	0.08166130	-0.07375920	-0.05347025	0.12866350	0.18956922	0.05780956	-0.05865547	-0.15009561	0.20148099	-0.03718168	-0.10852155	-0.21114074	-0.07965335	-0.10290929	-0.06296825	0.01459841	0.19130799	-0.05359841	-0.06438716	-0.09752296	-0.06742706	-0.01359990	-0.17089976	0.10328613	-0.14007123	0.02840412	-0.03568600	-0.05896639	-0.03153414	0.05033745	-0.07687241	0.04015469	-0.01773114	-0.07975628	-0.07272100	-0.05595963	-0.07753947	-0.12786591	0.12721301	-0.06854181	0.06309321	0.01311716	-0.05026226	-0.15483590	-0.07516679	-0.03219308	0.22620348	0.14552882	0.01042777	-0.04588553	0.06140406	-0.03362254	0.06067542	0.01863458	-0.10066474	-0.18091493	-0.15457418	0.04503600	-0.25393977	0.17352247	0.13486394	0.22728045	0.03468107	-0.03642897	0.03496193	0.05986278	0.12654630	-0.02035992	0.22502062	0.04650180	0.16825939	0.21357763	0.06360176	0.28807329	0.31554641	0.25302953	0.26965552	0.26793177	0.28422035	0.19056392	0.21464624	0.18732730	0.27140887	0.12216870	0.28711824	0.45214888	0.30579195	0.32090517	0.34482479	0.39728638	0.41273438	0.28634972	0.26975552	0.57346634	0.11724367	0.37643032	0.20796365	0.16878098	0.34471661	0.23432963	0.31494881	0.00012646	0.31003406	0.31933864	0.10097919	0.11772189	0.22742557	0.27640554	0.08085567	0.29258693	0.24370639	0.16968025	0.38002651	0.34095243	0.30165350	0.38851293	0.38412544	0.21784302	0.24408082	0.10443208	0.35436045	-0.10500490	0.19300580	0.31800060	0.28225471	0.45154541	0.50994291	0.62297992	1.10943239	0.59883960	0.57317034	0.47504397	0.10549473	0.45823653	0.70242378	0.53002399	0.42665990	0.49553014	0.38246385	-0.03255403	0.43811077	0.56411650	0.42474778	0.23866553	0.30408557	0.30253942	0.10522298	0.04674499	0.07129810	0.05853711	0.11281004	0.05035916	0.18164962	0.10440204	0.30845727	0.16400243	0.45194788	0.36334410	0.48684874	0.36218375	0.30042747	-0.04192176	0.03730652	0.22150889	0.20356071	-0.08027774	0.24334381	-0.11623240	-0.09636367	-0.21646630	0.08616174	0.12061158	0.25430721	-0.06895537	0.25212453	0.16348576	-0.12429646	0.22604111	0.09075951	0.12936611	0.12854859	0.07869226	0.13387454	0.49848995	0.39512099	0.34418119	0.60599785	-0.03272132	0.04411042	-0.09642481	0.08268768	0.02704555	-0.08355940	0.26611551	0.06063214	0.11468806	0.08809001	0.07379313	0.22049811	0.26927005	0.24197966	-0.06695895	-0.10054806	-0.04604319	-0.00285389	0.14047119	0.16866452	-0.04793659	-0.02457120	-0.03156248	0.02804446	-0.05844128	-0.07749411	0.38816548	-0.11436047	0.10908202	-0.04462564	-0.11773593	0.04640205	-0.05186283	-0.08292084	-0.06360291	-0.09619031	-0.08821140	0.07295356	-0.14120550	-0.06395024	-0.09629627	-0.11208258	-0.10427628	0.05334841	-0.06176939	-0.02916611	-0.20027933	-0.01593505	0.02094514	-0.11543678	-0.03465031	-0.03507863	0.03149953	-0.05290347	-0.17154659	-0.12685748	-0.07544859	0.16877118	0.15673704	0.03337323	0.09017882	0.24671473	0.05138976	-0.15720066	-0.04632949	-0.00892877	-0.26866339	0.03453304	-0.34082507	-0.11836472	-0.09862240	-0.12598266	0.05258810	0.03418884	0.14594490	0.07922393	0.20541242	0.05542256	0.05121684	0.11674186	-0.03640733	-0.06033677	-0.07460779	0.03889763	0.11292733	0.04302823	0.10962455	0.09352556	0.04574076	0.00109871	0.07959151	0.06023218	0.09165577	0.08143693	0.09591645	0.04912925	0.02198225	0.03832084	0.00833880	0.13396352	0.02303118	0.13564910	0.10484415	0.11250340	0.22991122	0.14622689	0.24094721	-0.01440687	0.18394775	0.19911615	0.20094968	0.15784178	0.15707000	0.17264161	0.23650246	0.23962185	0.11488769	0.05911943	-0.01285957	0.09889098	0.29811903	0.29508787	0.27908295	0.07608677	0.23397783	0.19695827	0.14446481	0.09214107	0.25709137	0.14605596	0.23588400	0.10107232	0.18184379	0.02942110	0.07859609	0.01847164
17Networks_RH_DorsAttnA_SPL_7	0.25672741	0.37085346	0.06038706	0.29396907	0.21659153	-0.06884806	0.16734161	0.15478859	0.02555702	0.10358710	0.21467122	0.20644251	0.35275199	0.43182892	0.33790507	0.27603028	0.28226487	0.25850850	0.31277971	0.29749684	0.26192762	0.19020859	0.33651742	0.24058187	0.28595221	0.17315414	0.10435460	0.39977088	0.25829356	0.30876165	0.28972297	0.25309684	0.40847136	0.31150749	0.33820378	0.37954099	0.43641852	0.24362539	0.36348953	0.32910402	0.33528868	0.26181382	0.42787918	-0.01300374	-0.02916531	0.12924311	-0.09404465	0.10153385	-0.20209430	-0.09877363	0.13996577	0.05566623	0.20587081	0.04461568	-0.00182887	-0.11151442	0.04102693	0.16490495	0.06419357	0.14859814	0.25704496	0.10769330	0.13875830	0.05647891	0.27381473	0.07850654	0.44701226	0.41227080	0.33004389	0.42119406	0.51221944	0.63544126	-0.06565331	0.06952876	0.04506877	0.35353183	0.44973993	0.49899133	0.32890026	0.52159692	0.28869792	0.17254223	0.33045320	0.42922515	0.07030577	0.16751570	-0.00867526	0.00784940	-0.08718053	-0.06733155	-0.21450394	-0.06327305	0.18920629	-0.02720615	0.15166249	0.36343816	0.21550588	0.34187534	-0.02472852	0.32753523	0.01792121	0.27587281	0.20420146	-0.20484697	-0.25791700	0.07558508	0.04139906	-0.06488839	0.07051276	0.07525270	-0.05260810	0.02747288	-0.28264175	0.04400190	0.13143385	-0.11318184	-0.01879294	-0.04065390	0.01137340	0.13381760	0.27988968	0.21725032	0.06868701	0.22111656	0.18729619	0.18373019	0.14241271	-0.04806170	0.06034245	-0.07474048	-0.07519059	-0.06594534	0.01167059	-0.06020716	0.14990210	0.10997276	0.12969203	0.28461684	0.00551335	-0.09000985	-0.14761449	0.02539090	-0.15714179	-0.08384976	0.11350020	0.31833009	0.01759011	-0.11676534	-0.09337079	0.19191816	-0.02261426	-0.11251409	-0.13437912	-0.00235340	-0.04601636	-0.03701301	-0.08030064	0.12828460	-0.02344098	-0.03130992	-0.01735550	0.02740464	0.07278945	-0.11315111	-0.01185420	-0.23782121	0.02339303	-0.02891074	-0.16272023	0.01396784	-0.02948311	-0.10242415	0.03874748	-0.02453007	-0.03154047	-0.01914278	-0.02044022	0.00645004	-0.07697288	0.10583439	-0.02042657	0.02326520	0.02429829	-0.07886590	-0.12550706	-0.05779662	-0.02457031	0.16038017	0.22381951	0.09165299	0.03751139	0.19507242	-0.00401757	-0.00160212	0.09161962	-0.23615195	-0.10902406	-0.18667245	0.01725393	-0.11498128	0.18605500	0.06902992	0.21241266	-0.01588988	-0.02880781	-0.05157399	-0.01237861	-0.01405820	-0.13131419	0.07155739	0.04568459	0.11966268	0.19882731	-0.04283240	0.30551693	0.30436083	0.24513241	0.33521190	0.21125261	0.26425095	0.27554373	0.15215793	0.26869514	0.22740913	0.13067111	0.27979230	0.49741298	0.32919429	0.29235046	0.45306780	0.38294527	0.50789168	0.34051156	0.27024568	0.69305528	0.24409273	0.33757866	0.20492492	0.18748099	0.47071604	0.22646198	0.42189933	0.05784780	0.35531642	0.25870609	0.04407821	-0.09833617	0.17867424	0.11475393	0.10629455	0.25441182	0.04965097	0.21320394	0.30873398	0.22913048	0.02723156	0.20658550	0.30096801	0.25249415	0.22369285	0.15005493	0.25153180	0.00670146	0.21620082	0.29377119	0.06903692	0.35924500	0.48217164	0.61845094	0.59883960	1.09592040	0.75679208	0.22992382	-0.00294852	0.19648311	0.53795354	0.34398110	0.53031459	0.58085629	0.60610344	0.13393460	0.55134130	0.45984211	0.39343991	0.16066697	0.21820086	0.12939701	-0.07331600	0.09307494	-0.02458788	0.04611149	-0.11981947	-0.01001428	0.22824150	-0.08302456	0.34826631	0.25029317	0.35636970	0.14526787	0.43064332	0.37557950	0.26811840	0.01376530	-0.09984244	-0.04215886	0.09183213	-0.04047189	0.34968964	-0.20840239	-0.21253909	-0.20087164	-0.02905114	-0.00618606	0.13485372	-0.05130575	0.08697236	0.18093249	-0.08177630	0.10016114	0.04006947	0.15717650	0.14407467	0.05104402	0.19651054	0.25556592	0.16961245	0.11411079	0.39280314	0.00634506	-0.10475425	-0.19005237	0.03824023	-0.20487863	-0.06648214	0.00317558	0.03411220	0.00339965	-0.02289372	-0.11424493	0.03528596	-0.01832073	0.22381745	-0.09852052	-0.14163088	-0.02899810	0.01642993	0.12905396	0.11746328	-0.03338199	-0.22062256	-0.04558757	-0.15939130	0.03116498	-0.00192482	0.36450572	-0.09349053	-0.03077553	-0.02416953	-0.12233464	-0.09072309	0.01566187	0.02372423	0.01129790	-0.09028961	-0.15049861	0.09235532	-0.02855749	-0.03133895	-0.07611076	-0.16211829	-0.02251477	0.03057934	-0.03162516	-0.02942061	-0.22013339	0.14983239	0.09043044	-0.10779024	-0.09642476	0.04146509	-0.03099261	0.02816401	-0.17559352	-0.18049471	-0.06977901	-0.02113185	0.18947088	0.08590436	0.12455706	0.27786258	0.15039447	-0.00511962	-0.06281202	0.00271180	-0.16226870	-0.26355467	-0.24960169	-0.22205248	-0.07983204	-0.10694506	0.03998938	-0.00219625	0.05148857	0.06949684	0.02983712	-0.07797301	-0.03298480	0.02950140	-0.10904568	-0.14130957	-0.03432717	-0.04074235	-0.05905097	-0.04061712	-0.06229705	-0.05805662	0.12539477	0.08087445	0.02269406	-0.03126464	0.05850646	-0.00394146	-0.09049366	0.09476272	-0.15428054	-0.19015673	0.13977345	0.15295422	-0.15172631	0.10761474	-0.00096215	0.02375026	0.28258354	0.21574752	0.27493836	0.00294068	0.17039268	0.31394944	0.38315946	0.27891303	0.29131872	0.19726623	0.32804737	0.22624952	0.19573589	0.12574002	-0.03031665	0.10646898	0.34087465	0.32646393	0.30055525	0.22166553	0.32619112	0.29814988	0.22521641	0.18975647	0.28006499	0.08232671	0.25682778	0.06322665	0.22538263	0.04848125	0.01509493	-0.03077696
17Networks_RH_DorsAttnA_SPL_8	0.21313048	0.33671423	0.09458255	0.26476051	0.21838240	-0.09793894	0.09405197	0.17456265	-0.01854055	0.05429670	0.24395216	0.21126056	0.24264450	0.38179072	0.29878294	0.21557561	0.25383894	0.23198774	0.23867807	0.23539069	0.21779995	0.08362817	0.26614205	0.16079838	0.29372421	0.17882138	0.05923584	0.39641528	0.18664044	0.25286709	0.27636313	0.17767850	0.40484144	0.32715281	0.28475951	0.37627371	0.35181046	0.25764262	0.36209775	0.34688579	0.30258535	0.23266482	0.43930683	-0.06581854	-0.10203295	0.07000841	-0.08052002	0.04969806	-0.25116710	-0.09184866	0.19580701	0.03016647	0.20829578	0.06816024	0.00452785	-0.03841882	0.02118067	0.16853248	-0.00305261	0.07629773	0.18629143	0.06192932	0.10309814	0.07702042	0.20719625	0.04134543	0.47926423	0.40994335	0.27696912	0.40606892	0.53063680	0.61678098	0.01952184	0.15943445	0.14256217	0.40971169	0.42328140	0.45029450	0.40933082	0.51513342	0.26907959	0.13151689	0.31319261	0.42260256	0.13464988	0.18141782	-0.05152084	0.03426503	-0.04414701	-0.06924955	-0.16102686	-0.04696840	0.20380989	-0.05241727	0.17905340	0.36901862	0.18937140	0.38131685	-0.05340347	0.27154393	0.05703447	0.21800767	0.20448480	-0.20128886	-0.30569142	0.08503889	0.00274383	-0.12277071	0.01886548	0.04972086	-0.11021117	-0.03763452	-0.30636774	-0.00152552	0.05193289	-0.17959349	0.00655578	-0.04023473	-0.06109770	0.06840464	0.34972609	0.18483542	0.08253401	0.21422730	0.20543589	0.21988606	0.13840977	-0.08723753	0.02241477	-0.03788284	-0.18777760	-0.09333707	0.04925657	-0.12942160	0.11220156	0.09613300	0.06988300	0.28242519	-0.02132194	-0.10653940	-0.17842223	-0.01771453	-0.16475613	-0.08686703	0.05667862	0.22805274	0.02191884	-0.05918694	-0.17619872	0.10203103	-0.08453095	-0.08478000	-0.20124772	-0.06639717	-0.09343112	-0.12733030	-0.12591436	0.13938722	-0.06864587	-0.12282090	-0.07338066	-0.10157705	0.00175735	-0.16528247	-0.04389834	-0.30063240	-0.04236904	-0.10719193	-0.17396802	-0.04916786	-0.12938153	-0.17279169	-0.03332665	-0.07532674	-0.06299895	-0.01308626	-0.02120928	0.02899370	-0.05188942	0.09975815	-0.01946274	0.00165648	-0.02097968	-0.13099043	-0.16750319	-0.09784968	-0.12128122	0.16326849	0.15625904	-0.02927722	-0.04931847	0.12220829	-0.07587476	-0.04037979	-0.03364069	-0.22116348	-0.24405391	-0.23585609	-0.05810274	-0.18634693	0.18907800	0.11783976	0.16460741	-0.01439192	-0.00925395	0.00959318	-0.03936832	-0.03205125	-0.14398653	0.09178567	0.03876102	0.09997277	0.13124679	0.01758702	0.28157609	0.28068784	0.20167184	0.29603092	0.14178778	0.21410568	0.24218637	0.17521246	0.20827725	0.20595086	0.10474449	0.26291775	0.41368360	0.32446708	0.22558255	0.40640602	0.32663153	0.42315444	0.27488245	0.26690916	0.66582464	0.23235903	0.27896293	0.18095025	0.13375622	0.40842886	0.27792490	0.44323175	0.15922737	0.29797022	0.19024290	0.11380738	-0.10134086	0.11454322	0.20226883	0.09540882	0.26680401	0.06522657	0.21060930	0.31045244	0.21217115	0.10336191	0.25484846	0.32810579	0.29538284	0.22570626	0.16330306	0.27400541	-0.00713909	0.18233514	0.28540198	0.09628719	0.32868037	0.42766123	0.57552758	0.57317034	0.75679208	1.03658128	0.29100437	-0.03814830	0.30100634	0.57131799	0.42902393	0.45472344	0.59223416	0.54861512	0.18044088	0.50481386	0.47867401	0.45100072	0.19470539	0.27814048	0.25601384	-0.02008901	0.01204115	0.05569951	0.00073209	-0.11988350	0.02067763	0.17827736	-0.02846837	0.34712812	0.24311699	0.39096216	0.19422764	0.48160044	0.35978294	0.25585081	0.12486778	-0.02609799	0.01879190	0.07665301	-0.10559211	0.32434669	-0.21799917	-0.12309495	-0.28017078	-0.03328868	0.01745728	0.08873310	-0.13903092	0.12461438	0.07634787	-0.09566939	0.00552362	0.00728196	0.18118054	-0.04515158	-0.02643451	0.07680231	0.27378170	0.22835579	0.18524465	0.44687541	-0.05180010	-0.07910019	-0.16574932	-0.00611522	-0.13731317	-0.13117732	-0.02466466	0.01947131	0.05753081	-0.03833031	-0.12610979	0.11930764	0.00616297	0.22183903	-0.10898596	-0.11572878	-0.04545891	-0.02185696	0.07068702	0.09039400	-0.17221278	-0.23099222	-0.05761356	-0.06646308	-0.03667506	-0.07265644	0.38694156	-0.12207621	0.04300856	-0.04425614	-0.15499192	-0.09385705	-0.01543432	-0.00138680	-0.08844136	-0.07333228	-0.16921336	0.11291851	-0.16021156	-0.09708228	-0.10266998	-0.20765201	-0.06482626	0.00636713	-0.07392580	-0.08333814	-0.29354654	0.05837720	0.06616695	-0.11760059	-0.11118536	0.02593797	-0.00065411	-0.03877498	-0.21400388	-0.13336503	-0.09348439	0.01554079	0.08272728	-0.00965757	0.09254717	0.19119640	0.05179967	-0.13056202	-0.10340523	0.03165424	-0.24709002	-0.25974109	-0.28060787	-0.22882306	-0.14776430	-0.09540093	-0.08998194	-0.03083674	-0.02084877	-0.04213896	0.04719654	-0.14577273	-0.06295956	0.05293521	-0.10316166	-0.14780596	-0.08749699	-0.05413817	0.02278912	0.04298611	-0.03764991	-0.04796578	0.03814288	0.03169501	-0.08509997	-0.04201268	0.00632500	-0.05828541	-0.06554752	0.03602006	-0.17173560	-0.11364412	0.16036745	0.15927342	-0.10539436	0.18082894	-0.02427194	-0.01675743	0.28956130	0.26033562	0.24910138	0.10776640	0.17107902	0.34284377	0.37065584	0.25665251	0.25636168	0.16152703	0.27864586	0.16637025	0.16450041	0.07312403	-0.06064485	0.07023773	0.30003513	0.28053530	0.27829566	0.18921589	0.28056770	0.26229057	0.27373972	0.23128614	0.27542786	0.06471857	0.20812558	0.00668872	0.15337857	-0.01687891	0.01263250	-0.03255221
17Networks_RH_DorsAttnB_TempOcc_1	0.15390569	0.24105816	0.13570103	0.21860579	0.04156475	0.01912761	0.15355542	0.25242845	-0.00171351	0.19616958	0.08818299	0.08739476	0.17984127	0.28817085	0.24967447	0.16804679	0.23231109	0.08144201	0.13304888	0.22731766	0.15605080	0.06395528	0.08899810	0.22560787	0.24445924	0.04927046	0.06357467	0.15832447	0.11461377	0.22685605	0.16342095	0.06112615	0.14861043	0.02582914	0.13190784	0.33685062	0.15135416	0.06847713	0.16893438	0.16333565	0.17471121	0.14294736	0.26871550	0.19457407	0.10972554	0.05540475	0.06378632	-0.02417872	-0.00326806	0.06828787	0.24729256	0.08744109	0.24343869	0.25513546	0.08606896	0.05706368	0.01145148	0.00744604	0.03992512	-0.00561953	0.12456662	0.16616986	0.16370847	0.17366225	0.09828387	0.05262670	0.35679385	0.29720298	0.26803280	0.29843466	0.38591480	0.29889753	0.21698613	0.22288362	0.28504134	0.24594048	0.25876525	0.26898750	0.20164314	0.32031394	0.09726019	0.16705547	0.30118937	0.32457611	0.24398992	0.21037967	0.03802172	0.17989081	0.22912209	0.08395777	0.02914508	0.09997299	0.24660609	0.16413605	0.27057325	0.40418668	0.18292752	0.28878018	0.06429227	0.18835992	0.03376005	0.17164609	0.08291367	0.00005410	-0.18727877	0.08863683	-0.00173144	-0.04045764	0.00533440	0.00024646	0.02812791	-0.08797412	-0.00202192	0.20386887	0.15370178	0.04573796	0.03669265	0.10196893	0.02419429	-0.00541981	0.49213510	0.09106507	0.17086624	0.26901471	0.22245339	0.34972856	0.09704218	0.03186737	-0.02889901	0.22558744	-0.09203339	-0.08096495	0.15951962	-0.09138928	0.17439343	0.01739156	0.15320004	0.34349934	-0.04895457	-0.04077715	-0.11013194	-0.01213099	0.03338216	-0.10199788	0.01261167	0.03412594	-0.00164046	-0.17805517	-0.25649435	0.00026520	-0.03457293	-0.05894561	-0.24187826	-0.14855620	-0.16480587	-0.11785381	-0.08871201	0.05115081	-0.08538107	-0.10852409	-0.16172008	-0.20892346	-0.05383049	-0.13432578	-0.03321719	-0.15477266	-0.03897555	0.02728333	0.05264277	-0.14830317	0.11284168	-0.09112662	-0.05241409	-0.05960092	-0.05373080	0.02073214	0.05671567	-0.02177216	-0.09431222	0.10662979	0.00641169	0.10482494	-0.11997173	-0.17824157	-0.08318714	-0.02215742	0.00905538	0.24861212	0.01700349	-0.10150380	-0.12264427	-0.08773173	0.02923664	0.03992352	-0.10651693	0.09703067	-0.01206505	0.04421606	0.13808822	-0.11841258	0.15995625	0.12745001	0.16807300	0.06253868	0.12497669	0.14785361	0.11133551	0.24376442	0.15254317	0.26253838	0.02633005	0.22249495	0.10068811	0.08591879	0.26964105	0.17445962	0.02775652	0.15609441	0.17544134	0.20044596	0.15834703	0.13950531	0.07449245	0.21612215	0.07779179	0.16119419	0.12921361	0.18232646	0.12256596	0.10896352	0.14147788	0.18950387	0.10669285	0.07018835	0.38889132	0.02748242	0.14966431	0.05892045	0.11525152	0.18690534	0.15195341	0.20520750	-0.04730900	0.21919709	0.19588872	0.09989153	0.08388527	0.07941345	0.26565530	-0.13564642	0.25388016	0.22396198	0.19164332	0.29136695	0.20501038	0.29488532	0.31700847	0.32691554	0.09274275	0.27237561	0.28138751	0.34835375	-0.15103455	0.17833062	0.33290832	0.33435388	0.32769233	0.32767215	0.41073211	0.47504397	0.22992382	0.29100437	0.91444609	0.11793150	0.42488474	0.55636486	0.39874222	0.10925588	0.30613891	0.18577711	-0.09975835	0.28613731	0.48627728	0.28819305	0.29686500	0.37719956	0.37047222	0.13255746	0.03418206	0.15500555	0.16859747	0.10238504	0.06631651	0.16238221	0.10384599	0.24349916	0.05433207	0.38055129	0.26278250	0.41207646	0.26875921	0.21545447	-0.10656948	0.11045994	0.19034778	0.13802315	-0.07740820	0.15147530	-0.17867439	-0.09446283	-0.15664589	0.08381047	0.14777950	0.14801823	-0.02591282	0.18236303	0.06646143	0.05828329	0.15003980	0.21872506	0.01741759	0.12511266	-0.02399000	0.04502904	0.41414871	0.25734798	0.26487894	0.43534323	-0.10374836	-0.05074146	-0.16543854	-0.04758318	0.11704116	-0.20909938	0.16330371	0.00660954	0.18210166	0.02174651	0.02697460	0.19381770	0.28537097	0.08515866	-0.14766516	-0.18627812	-0.12467246	-0.15750778	0.06931810	0.07254696	-0.15279476	-0.01408496	-0.03180782	0.01307693	-0.14312767	-0.13598000	0.28601039	-0.09362181	0.01797481	-0.10694518	-0.20382236	-0.04107715	-0.14256371	-0.15557504	-0.13987189	-0.12030877	-0.18718167	-0.14440766	-0.23668789	-0.20036851	-0.15987900	-0.15045503	-0.14671962	0.03419773	-0.16451911	-0.04397320	-0.10996561	-0.09034615	-0.09841647	-0.15285115	-0.13848219	-0.16371328	-0.01773501	-0.16656836	-0.17328703	-0.08832952	-0.05858793	0.22893541	0.04986486	-0.01252880	0.06755958	0.02839835	-0.01253666	-0.17905164	-0.01035948	0.08257514	-0.29867761	0.13916278	-0.23862098	-0.03563023	-0.14477971	-0.03848654	0.00165320	0.09583648	0.08314373	-0.03785587	0.17527578	-0.02524546	-0.06521202	-0.02244576	-0.04778208	-0.06941877	-0.09951075	-0.03032943	0.05202516	0.05325002	0.06533261	0.09440627	-0.05015358	-0.02452828	0.01300232	-0.06923696	0.03874655	0.01844616	-0.02364086	-0.06311032	-0.01494411	0.10881410	-0.00941365	-0.02911778	0.02471803	0.07504668	0.15077300	0.02730640	0.12276143	0.07455988	0.05190633	0.04324855	0.26990104	0.17508017	0.09186531	0.16737319	0.07672452	0.20754535	0.15333477	0.18374529	0.12018856	0.09052982	0.10910986	0.13712897	0.20891365	0.21625053	0.09938073	-0.07438865	0.11393078	0.13658849	0.05073748	0.07955225	0.18460718	0.09598739	0.13825505	0.17764392	0.14298034	0.08581063	0.21517122	0.21095363
17Networks_RH_DorsAttnB_PostC_1	0.25893747	0.19883735	0.24429429	0.18892744	-0.02993294	0.08738375	0.18465971	0.14015641	0.11570907	0.13720825	0.05322627	0.05672568	0.16681509	0.17128501	0.14903883	-0.02383882	0.03214585	0.04360662	0.02252873	0.18444013	0.04819874	0.05931943	0.12433924	0.18367514	0.08974572	0.17035824	0.31708327	0.16163189	0.13441149	-0.02511057	-0.00224018	0.17841182	0.04065299	0.13169453	0.06498922	0.12324230	-0.02366941	0.00739900	0.07864977	0.16736929	-0.06330726	0.02421354	-0.00691380	0.21404460	0.28148171	0.16748096	0.24623795	0.03768873	0.05359854	0.29767896	0.24134992	0.10995704	0.13364521	0.12164792	0.35461221	0.30506994	0.56026689	0.04324540	0.57284063	0.27473774	0.17388425	0.24348954	0.25384840	0.10936261	0.02700695	0.08021149	0.08067134	0.09241466	0.16944850	0.02758292	0.03845735	0.04670934	0.11350112	0.36799989	0.11062491	0.19417718	0.03333040	-0.04515494	0.00861489	-0.03070951	-0.05087935	0.18305931	0.07944092	0.16926700	0.28941870	0.02896292	0.05929475	-0.05534787	0.09699055	0.04582659	0.15089167	0.09822569	0.10096808	0.25200538	0.06086024	-0.07787062	-0.08470055	0.06832102	0.15078331	0.16364257	0.02044557	0.09541890	0.00070613	-0.01463750	0.00548254	0.10192460	0.07796343	0.10857439	-0.16232615	-0.00869040	-0.04888484	-0.12055268	0.14591638	0.07081053	-0.03198524	0.00946130	-0.10727132	0.16421180	0.02456924	-0.02370624	0.13819866	0.14461311	0.07406543	0.17942024	0.22318131	0.13765399	0.25021115	0.08680829	0.06255086	0.26627871	0.11584438	0.18817930	-0.08916947	0.12021114	0.04984626	0.17839054	0.11493829	0.20555033	0.03795610	0.10366856	0.08828716	0.11190724	0.16489832	-0.00643292	0.04596360	0.02689074	-0.06084479	-0.13940839	0.06159475	0.02653106	0.01269680	0.18138408	0.02920252	-0.07047294	0.10058903	0.02822173	-0.11561442	0.00642456	0.16503564	-0.04250817	0.09080677	-0.13789841	0.08935395	0.05884585	0.15237011	0.02268674	0.01458828	-0.03178906	0.03306530	-0.01581164	0.07410631	0.03951902	0.05440369	0.09441400	0.18617238	0.18995423	0.12076080	0.13251086	0.09945772	0.24783408	0.09571620	0.20776721	-0.00825532	-0.02971326	0.02766713	0.03003022	0.10410604	-0.03135084	0.08821143	-0.03932699	-0.15497516	0.05980262	0.17912253	0.08949890	0.09639663	0.17431765	0.09434317	-0.07908960	0.07781922	-0.01229251	0.18648676	0.20901643	0.31879293	0.24742747	0.30047909	0.28529256	0.28622881	0.21187011	0.19144364	0.30996896	0.12547674	0.20634860	0.25073175	0.14192944	0.07149804	0.07432942	0.07471940	0.00150509	0.17975391	0.18237192	0.06027699	0.16464154	0.04500324	0.36030742	0.26212969	0.12046255	0.01345535	-0.02218981	0.10761063	-0.01537627	-0.05531661	0.04582909	0.00007143	0.02128174	0.06452855	-0.01410676	-0.03285118	-0.07028872	0.02359849	0.02693486	0.09614462	0.09915806	0.00223284	0.13415674	0.15449409	0.06394051	0.32459894	0.01490007	0.23624620	0.02805064	0.16237588	0.16006030	-0.03941139	0.07822832	0.34637159	0.12631985	0.41250278	0.23613848	0.04612586	0.16778861	0.19291209	0.20437429	-0.04280840	0.11014942	0.16590851	0.19106708	0.11348485	0.20362820	0.16055008	0.10549473	-0.00294852	-0.03814830	0.11793150	0.96846973	0.24397560	0.01062205	0.17933866	-0.01888274	-0.01290022	-0.08335901	-0.02643213	-0.04339148	0.09630970	0.08009523	0.05797191	0.18562460	0.14058311	0.16970367	0.00492740	0.01140236	0.07706770	0.09853230	0.00275196	0.05074508	0.09774590	0.06528684	-0.06607272	-0.10050876	0.12209090	-0.02422734	-0.06230008	0.20290460	0.08303384	0.05821896	0.04544766	0.13845886	0.04020518	0.04250224	0.05038011	-0.02295120	0.09087854	0.07402366	0.05327346	0.04235684	0.00983735	0.02859812	-0.03955370	0.06229126	0.10734049	0.13761733	0.06571739	0.15955977	0.21625672	-0.05845450	0.20189428	0.04466923	0.08854705	0.17428561	0.20259758	0.11679360	0.09601531	0.13081914	0.21304734	0.09942813	0.14885470	0.19701411	0.09643484	0.12350770	0.13769333	0.05510110	0.07066282	0.11748225	0.17087977	0.11035576	0.17374565	-0.09806682	0.02536448	0.06158192	0.05043288	0.20203919	-0.04898532	0.05367964	0.03578836	-0.02792858	-0.06410156	-0.08795727	-0.07868430	0.14153246	0.08732213	0.07697938	0.07195049	0.12051124	0.03232740	0.09699180	-0.03595945	-0.13701336	0.04314816	0.02584620	-0.02453448	-0.00558850	0.06419480	0.22150862	0.04876026	0.02645263	0.04198641	0.12831001	0.15352666	0.03854031	0.20845721	0.10063602	0.16910617	0.00070896	0.02868477	-0.00431313	-0.00018608	0.08588885	0.07897299	-0.13162244	-0.03331499	-0.11924622	-0.02966866	0.01731889	0.15359309	0.11312911	-0.00880242	0.14503407	-0.06537523	0.17459379	0.07504573	0.03656967	0.12335212	-0.06862585	0.15451220	0.18746670	0.05386803	0.07146252	0.02444700	0.08229061	0.10261133	0.01672849	0.11483455	0.05007289	0.04481954	0.00044473	0.16219622	0.15693963	0.09687299	-0.24744803	0.22552853	0.06742548	0.05161117	-0.08466894	0.13577941	0.06626360	0.01768084	0.02790714	0.12257377	0.01807257	0.03024296	-0.05272137	0.19549939	0.08184991	0.07346360	0.11091772	0.08811715	0.02934425	0.00850218	0.11356978	0.11760106	0.00082386	0.04524154	0.19327765	0.16880925	0.16706171	0.13563215	0.18454223	0.17327248	0.19291334	0.11214483	0.12446831	0.16435892	-0.01399182	-0.03617271	0.11815677	0.23418589	0.02701449	0.17313106	0.24282004	0.20664580	0.29469224	0.12292726	0.12933149	0.21320984	0.15326369
17Networks_RH_DorsAttnB_PostC_2	0.13658885	0.21963397	0.12026076	0.14457915	0.06172117	-0.02492140	0.03149857	0.13465258	-0.08717687	0.05410948	0.06212613	0.03010292	0.13939621	0.19196276	0.11541119	0.12230774	0.14741325	0.02287346	0.22007367	0.25198786	0.19757112	0.03543577	0.20770036	0.16582722	0.16296637	0.04354426	0.02338088	0.25531470	0.03663904	0.13157319	0.06025535	0.04572129	0.16435391	0.12560033	0.11519017	0.25717375	0.12018845	0.02339393	0.10672355	0.18902359	0.06745656	0.07680475	0.20903468	0.08206810	0.04732948	0.12227096	0.12095743	-0.01925509	-0.06837908	0.00501314	0.29760691	0.01310019	0.19704693	0.30449500	0.13141734	0.13849174	0.10142772	0.00695869	0.05424580	-0.03118213	0.08666592	0.05684062	0.16180697	0.08100925	0.03786402	0.00538516	0.25447694	0.19957014	0.18406731	0.26343018	0.27257710	0.22724490	0.40909672	0.38983818	0.45080689	0.37842997	0.22394243	0.09050579	0.21484622	0.28188983	0.06251993	0.05749779	0.14761593	0.32485522	0.26158469	0.16866399	-0.04768347	0.20412390	0.22632090	0.06287522	0.07232015	0.06126085	0.16869160	0.20629718	0.19777198	0.29767211	0.01743885	0.20222051	0.00046452	0.17082294	0.17008847	0.13602763	0.18027447	0.00350863	-0.13826763	0.09154102	0.07271342	-0.00234740	-0.06042392	-0.03173749	-0.11768556	-0.16924224	-0.24290774	0.08384559	0.08573091	-0.05887000	0.06457767	0.00116148	-0.03654347	0.03201564	0.32369471	0.02614415	0.27446940	0.24906798	0.27234850	0.31563476	0.18883931	0.08047522	0.07663843	0.31878389	-0.15123403	-0.04047295	0.17759733	-0.04688670	0.13920286	0.03981796	0.18052631	0.39140811	-0.09404935	-0.04517803	-0.16903709	0.00158787	-0.05335697	-0.04034883	0.00711405	-0.06490199	0.07464471	-0.08699131	-0.26475033	0.00300737	-0.02579440	-0.02034532	-0.24383082	-0.18967996	-0.24129813	-0.14185571	-0.03830805	0.01776774	-0.16738109	-0.17874790	-0.20358666	-0.26272656	-0.10068985	-0.20353713	-0.02895955	-0.10317749	-0.15850541	-0.12858875	-0.09882621	-0.22565208	0.05520978	-0.15142183	-0.11808741	-0.12823789	-0.10473906	-0.10502143	-0.02010355	-0.03602938	0.00894210	0.11986445	-0.06032586	0.05050201	-0.15013558	-0.12734431	-0.23893221	-0.15176498	-0.08029567	0.19315561	0.07428291	-0.11221812	-0.11401133	-0.00685276	0.05323297	0.07247814	-0.01553849	0.02988467	-0.06774062	-0.03214507	0.00391541	-0.13566909	0.05023466	0.16125992	0.15798185	0.03131060	0.01412346	0.13504279	-0.03853861	0.04838798	-0.04990332	0.12436843	0.03415220	0.05913753	0.10509950	0.19642983	0.21263811	0.12330636	0.10785749	0.18450997	0.10998351	0.21468025	0.18306440	0.24323290	0.06458760	0.23803135	-0.00800547	0.03125905	0.16698034	0.11574274	0.08954725	0.09188688	0.03454479	0.07013541	0.03888838	0.05192336	0.30132805	-0.00623009	0.03855623	-0.10296538	-0.02726389	0.18891038	0.13872981	0.15577581	-0.04342419	0.14961602	0.21881307	0.05653793	0.20743140	-0.01692687	0.26137306	0.00431645	0.21210688	0.28834367	-0.06280661	0.21579875	0.29137320	0.41955243	0.29203241	0.29078954	0.13544982	0.16019261	0.14599902	0.12323458	-0.23314036	0.14254955	0.20307837	0.21605015	0.18484784	0.22927259	0.28949977	0.45823653	0.19648311	0.30100634	0.42488474	0.24397560	0.91684701	0.54044933	0.45614159	0.12590239	0.27898549	0.13213792	-0.06493911	0.08714945	0.36275802	0.20451075	0.18434943	0.37212079	0.45650171	0.21156701	-0.09606301	0.18271792	0.02802461	0.19768610	0.12256515	0.09541374	0.16570372	0.12804653	-0.00630294	0.27068356	0.34227382	0.34054234	0.16218487	0.12814510	-0.09004824	0.16248970	0.31673436	0.18294884	-0.11185156	0.13710810	-0.11975037	0.05843909	-0.15390372	0.03261929	0.03209590	0.07750074	-0.19324060	0.15778226	-0.10535216	-0.12334047	0.07032042	0.03935792	0.11488725	-0.05951489	0.09113686	0.00535742	0.33144824	0.44003868	0.35347246	0.46052520	-0.10427787	0.02165749	-0.07343344	0.02904438	0.22529807	-0.17305735	0.13501443	0.05670795	0.19401086	-0.03771379	0.11166849	0.32963299	0.36878301	0.17561493	-0.06647163	-0.14645863	-0.11498478	-0.14899796	-0.00180915	0.12671525	-0.20644084	0.04566191	0.00439149	0.12139902	-0.23479864	-0.15348407	0.18160133	-0.13134315	0.16388451	-0.15102292	-0.21236122	0.01522177	-0.19096650	-0.21051648	-0.21640403	-0.21156669	-0.10387740	0.00237181	-0.29373364	-0.19717363	-0.25833146	-0.17500054	-0.24629324	-0.01431472	-0.11070091	-0.09566440	-0.20856040	-0.12087637	-0.09035481	-0.15215875	-0.09378337	-0.09044003	0.05934874	-0.18984626	-0.25444132	-0.13445436	-0.06782674	0.17461664	0.08375110	-0.01878142	-0.01265496	0.10544708	-0.07552449	-0.27296936	0.01997564	-0.01356768	-0.30003222	0.09967515	-0.25504404	-0.06818002	-0.17621338	-0.06664392	0.01597298	0.06375939	0.10008621	0.01770911	0.08385849	0.00772350	-0.05647761	0.10356759	-0.07720783	-0.09890176	-0.16830188	-0.09294251	-0.05594151	-0.05646436	0.04013541	0.04060789	0.04702171	-0.07319142	-0.00428505	-0.02732104	0.10066504	-0.00233270	-0.03591026	-0.02604539	-0.05281315	0.08404896	0.04333407	-0.07410737	-0.11112199	0.02810661	0.03739898	-0.06889764	0.03113706	0.14344889	0.08619248	0.06995345	0.20623193	0.10899829	0.09480281	0.09682758	0.03696058	0.09355824	0.09967673	0.05066167	-0.03906439	-0.05980919	-0.10847072	0.02272948	0.12767464	0.11717533	0.14726181	0.03008108	0.09295303	0.04737233	0.19072691	0.04218686	0.12558439	-0.01371009	0.03762098	0.00949865	0.04204555	-0.06336101	0.00087734	-0.03063688
17Networks_RH_DorsAttnB_PostC_3	0.20265942	0.27731510	0.08722513	0.21575805	0.07142570	-0.04684995	0.08512968	0.21121455	-0.01523367	0.08444143	0.14942166	0.16647117	0.25521725	0.39407843	0.23325570	0.21170096	0.30497200	0.07776998	0.25589367	0.33864744	0.21733787	0.11983016	0.18556894	0.21144954	0.34915746	0.14313250	0.06003567	0.38246783	0.26898208	0.41613023	0.39594704	0.24353140	0.42848536	0.31867470	0.26813216	0.50363359	0.37486146	0.08217288	0.28032481	0.35371105	0.30801600	0.17014107	0.49694871	0.08948237	0.01981904	0.02040726	-0.02286031	0.02134625	-0.20563841	-0.09598124	0.33210163	0.17353996	0.32028181	0.21327092	0.09475177	-0.02719466	-0.06041710	0.17917293	0.02183708	0.04122699	0.15367164	0.06153413	0.18118918	0.19243762	0.18303517	0.11826442	0.54172344	0.46262751	0.42471653	0.54397590	0.56921021	0.52930555	0.24163907	0.29535380	0.36160038	0.51204743	0.58533831	0.44189009	0.21907146	0.39412515	0.14068697	0.20570907	0.42917698	0.41505187	0.26288085	0.14515408	-0.04910793	0.17746420	0.10919966	-0.06428686	-0.01229818	0.08313705	0.25357878	0.14038833	0.38505942	0.53805764	0.18501038	0.46193361	0.06814655	0.32880956	0.14188234	0.28373712	0.26300405	-0.04356648	-0.16938254	0.16519099	-0.02320127	-0.01716545	0.09224941	0.06519024	0.00475503	-0.03558166	-0.27626839	0.14924401	0.25378875	-0.05891801	-0.05559418	-0.05858850	0.08318295	0.04142359	0.47193701	0.23118455	0.24518504	0.42230816	0.37502273	0.42646021	0.17065898	0.06722118	0.06023914	0.25392977	-0.14052364	-0.08649639	0.21086010	-0.12121334	0.18994706	0.08536336	0.25377735	0.49685351	-0.06321146	-0.02480197	-0.18641965	0.02770538	-0.11002542	-0.06697074	0.10503479	0.11235484	0.14390974	-0.08896056	-0.25052996	0.09970111	-0.05163279	-0.10138323	-0.27416334	-0.09138732	-0.18148227	-0.09639467	-0.00941612	0.11842216	-0.14463927	-0.07703009	-0.15251475	-0.17277405	-0.06778044	-0.19550306	-0.02395331	-0.18560819	-0.03073213	-0.07709793	-0.11439473	-0.13189514	0.01930795	-0.12768571	0.03205862	-0.10338412	-0.11695497	-0.11114063	-0.04948510	-0.05333265	-0.10399690	0.12133291	-0.06348977	0.03530479	-0.03882544	-0.20271834	-0.16502686	-0.08477505	-0.05342546	0.28225556	0.14281693	-0.01653410	-0.06281654	-0.01630887	-0.13627955	0.02228472	0.05359607	-0.10170977	-0.08065619	-0.03887126	0.07316680	-0.18628695	0.17163913	0.04607285	0.10875848	-0.01836909	-0.05043487	0.07615383	-0.04570579	0.12637105	-0.02175360	0.19750220	0.04436076	0.12450610	0.09130750	0.06729598	0.32197794	0.23521453	0.13376939	0.24745710	0.21263362	0.24909350	0.20324145	0.26840316	0.12407141	0.20970951	0.06452755	0.25769533	0.46801859	0.34108049	0.29960715	0.38555821	0.31919016	0.40003435	0.33094034	0.29689674	0.65528787	0.04841713	0.29747514	0.04457742	0.05118591	0.40072985	0.20648723	0.35560882	-0.00734540	0.32952029	0.27393629	0.07332133	-0.02625788	0.07270729	0.20082082	-0.00612285	0.29905175	0.18915444	0.20064244	0.30370351	0.27771690	0.37507561	0.35842629	0.38603687	0.26245115	0.25941426	0.20609144	0.31717884	-0.12724450	0.18609057	0.32695876	0.30015810	0.43670283	0.50570008	0.62259292	0.70242378	0.53795354	0.57131799	0.55636486	0.01062205	0.54044933	1.11546006	0.54317240	0.41856431	0.46330420	0.28482234	-0.14132278	0.43021684	0.64147133	0.45235678	0.23556709	0.32628830	0.43002911	0.15021380	-0.00316610	0.17263384	0.07982540	0.04809565	0.07145339	0.17569646	0.08173568	0.29175159	0.08521368	0.55808593	0.38194923	0.52511115	0.46331809	0.30285792	-0.09452819	0.09149246	0.27141986	0.23499872	-0.15721160	0.26475136	-0.17530046	-0.05401654	-0.27599693	0.08697587	0.10502532	0.18856398	-0.09102714	0.19455192	0.09174982	-0.14063213	0.15895810	0.10010522	0.16894675	0.09763528	0.08699570	0.09640575	0.50789509	0.54537055	0.36291893	0.65168551	-0.13932883	0.01670451	-0.14788688	0.06352219	0.03173884	-0.21752628	0.19697110	0.07768010	0.21543257	-0.04497500	0.04588434	0.30423502	0.34489442	0.24212396	-0.12494814	-0.16365114	-0.11541508	-0.05018136	0.14535126	0.19548867	-0.14011185	-0.05608105	-0.00504328	0.06542272	-0.12129624	-0.08073647	0.41326807	-0.03640301	0.20914259	-0.10901490	-0.21431238	0.02008140	-0.13736332	-0.15496561	-0.09535956	-0.19811442	-0.06853284	0.03037261	-0.23672140	-0.12319428	-0.15598761	-0.18165031	-0.17119764	-0.04523728	-0.15946941	0.00678977	-0.23265611	-0.03506593	-0.02451947	-0.12480998	-0.12813788	-0.08502203	0.00858221	-0.13383067	-0.23430760	-0.17255249	-0.10606136	0.16587539	0.15335744	0.03142240	0.03522057	0.21354799	0.03632030	-0.21718399	-0.05391676	0.08855830	-0.33548194	0.01803567	-0.35073378	-0.23434506	-0.19149729	-0.16836586	0.00960230	0.02586893	0.06591438	0.02390692	0.20007013	-0.01800830	0.03927248	0.17737423	-0.10935088	-0.07135473	-0.16278980	-0.06057092	0.05317879	0.02054401	0.14050060	0.07854366	0.06174878	-0.00362093	-0.01250819	-0.03780257	0.13790275	0.00900527	-0.01911314	0.01219754	0.03633951	0.09910642	0.04401726	0.07561786	0.02098536	0.20238403	0.12588452	0.06244462	0.22407230	0.17815120	0.25629982	0.02752267	0.29189812	0.24690869	0.23688464	0.26350255	0.18567106	0.23767518	0.22920640	0.23636608	0.08163382	0.03273840	-0.05316483	0.07170766	0.34003116	0.38518794	0.30947769	0.15674298	0.29195264	0.29790492	0.18926088	0.19674414	0.29465681	0.04137512	0.18380598	0.00131448	0.19520013	-0.00859800	0.04242158	0.04398300
17Networks_RH_DorsAttnB_PostC_4	0.14352261	0.21285010	0.19565305	0.23851468	0.10969190	0.01224863	0.11003860	0.24611594	0.08266326	0.03812395	0.08671259	0.09557454	0.24023967	0.22337008	0.17363579	0.06006047	0.15091293	-0.03944866	-0.01280137	0.18552666	0.01042900	-0.06238366	0.05673763	0.07947812	0.29508901	0.00457461	0.10154523	0.33083365	0.23560812	0.12805646	0.27096106	0.27952498	0.35339245	0.30749465	0.21026177	0.35975525	0.31656728	0.14606482	0.26670410	0.32507068	0.22782116	0.09697925	0.36619086	0.16865611	0.04462072	0.04840790	0.13673267	0.01773433	-0.22865077	0.03064471	0.42266117	0.18192789	0.21256729	0.13142660	0.17753303	0.05389428	0.17766714	0.23651837	0.13306326	0.04691646	0.10105990	0.04450718	0.23005810	0.19803580	0.05273870	0.09514696	0.33776798	0.27793905	0.29859959	0.47405262	0.34398575	0.40128632	0.20414480	0.34630976	0.36108951	0.54805713	0.43878472	0.30202276	0.20791240	0.29070284	0.13688347	0.14441001	0.27942227	0.32528453	0.39393292	0.15042948	-0.07517282	0.04819192	0.08275791	-0.09815913	0.07513080	0.14906058	0.19527348	0.22253630	0.34710795	0.23057924	-0.01029631	0.39149308	0.06335507	0.29560545	-0.03347194	0.06767211	0.08813440	-0.00525685	-0.17370077	0.09641519	-0.09664155	-0.02211465	-0.00135858	0.07499894	-0.08642031	-0.13829646	-0.16822201	0.05568923	0.06777849	-0.09911021	-0.00361242	-0.01894512	-0.08398409	-0.00608038	0.39833122	0.11760673	0.01435646	0.21180006	0.30481800	0.18758301	0.17136093	0.03938836	-0.03045115	0.30886566	-0.10558976	-0.05441438	0.18130413	0.00486611	0.04492799	0.07180268	0.04415850	0.32256828	-0.07254851	0.01852257	-0.06208478	-0.07540831	0.02328210	-0.12922350	-0.04921936	0.00136854	-0.02864706	-0.06355006	-0.16287887	-0.08474098	-0.10965154	-0.01205432	-0.21848292	-0.08979233	-0.06959522	-0.13378547	-0.15146142	0.13137247	-0.03018568	-0.13825653	-0.09545413	-0.17174695	-0.00616954	-0.13967835	-0.06861950	-0.18869796	-0.11442773	-0.15288874	-0.12467080	-0.03053306	-0.12037566	-0.10995592	0.03575416	-0.06612240	0.00326064	0.00426055	-0.03797444	0.02777574	-0.01976893	0.16563268	-0.03406729	0.04275188	-0.03247849	-0.18716468	-0.09447442	-0.05718591	-0.03890069	0.15753728	0.02418011	-0.11823357	-0.13202466	-0.02402676	-0.07503173	-0.00043620	-0.00724999	0.03229509	-0.21587683	-0.26641430	0.02037819	-0.19030956	0.15587789	0.08136537	0.12204749	0.11316557	0.02490758	0.19448507	0.04777804	0.13559700	0.03007603	0.27216652	-0.09501953	0.09519953	0.09733596	0.02222958	0.21577488	0.11920109	0.02640718	0.01568046	0.11280402	0.10523707	0.00368492	0.11946921	-0.01134946	0.34127549	0.04768845	0.17042428	0.37474239	0.35290495	0.28916997	0.32696124	0.21586757	0.33432377	0.27236282	0.31306474	0.49058428	0.09563934	0.11981903	-0.00782241	0.03775435	0.31469263	0.23915318	0.33778477	0.07356464	0.13940809	0.15982802	0.11468147	0.12643300	0.12006571	0.25896017	0.11418081	0.28287079	0.24940460	0.16661894	0.30451183	0.39199166	0.30210708	0.47667833	0.43297417	0.17442268	0.16908367	0.17438256	0.36560176	-0.06706743	0.09675927	0.20252544	0.19901149	0.22851522	0.32861966	0.40391199	0.53002399	0.34398110	0.42902393	0.39874222	0.17933866	0.45614159	0.54317240	0.90483104	0.37504297	0.30543468	0.16277480	-0.03202213	0.23088594	0.51127173	0.38146845	0.22355036	0.30175750	0.30852227	0.07590228	-0.09394400	0.12519983	0.02729895	0.10213301	0.12785280	0.14088916	0.07175095	0.25839417	0.06815364	0.31830345	0.27963600	0.33157083	0.25341186	0.28113586	0.06541702	0.00937781	0.14808073	0.07424791	-0.20842923	0.10500457	-0.15190687	-0.05056077	-0.24275403	-0.00758761	-0.01779628	0.01864964	-0.19254954	0.15484098	-0.03027474	-0.10196596	0.11977489	0.07850285	0.10313675	0.05532821	-0.04744084	-0.02756051	0.36492712	0.23679300	0.20322126	0.54952305	-0.05263000	0.03583091	-0.10125454	0.00560260	0.09694222	-0.12118959	0.17209544	0.07473382	0.16203746	-0.05038201	-0.04052279	0.11298517	0.06060653	0.08396119	-0.07464792	-0.12047204	-0.04419740	-0.17070533	0.08242199	0.05953663	-0.21348370	-0.02409577	-0.14290623	-0.07649160	-0.07868302	-0.16453724	0.24695207	-0.07821533	-0.01429299	-0.07848130	-0.16685890	-0.03670644	-0.01119571	-0.04634721	-0.05114995	-0.06171647	-0.22592313	-0.05408107	-0.18197953	-0.09820909	-0.10383126	-0.21311066	-0.08529604	0.06162402	-0.13069027	-0.09238899	-0.20496280	-0.09449713	0.03023103	-0.10386674	-0.01059944	-0.00904228	0.03727947	-0.14881756	-0.17978148	-0.08257321	-0.02522155	0.04556107	0.01322764	-0.04814237	-0.05365016	0.11592478	-0.06936367	-0.12442064	-0.02817236	0.07940066	-0.21853420	0.01514294	-0.32939622	-0.05214574	-0.14717382	-0.14378114	-0.02539999	-0.06742795	0.05180420	0.03295178	0.09416215	0.02015978	-0.02212130	0.16907245	-0.03550065	-0.07915801	-0.07327720	0.05349469	0.11395887	0.03836112	0.06949807	0.14093353	0.05003758	-0.17104398	-0.01640819	0.01911482	0.07719558	0.05211252	0.04206093	0.02717135	0.03681494	0.06470938	0.00094693	0.04133974	0.05649162	0.12403363	0.06386000	0.03015800	0.19244315	0.25967307	0.27529167	0.14934194	0.18027469	0.21427845	0.10794063	0.18723732	0.10465846	0.19696202	0.16354835	0.12081552	0.09178899	0.07151367	0.01766212	0.12271332	0.23839632	0.23825200	0.32548859	0.09887075	0.26116116	0.18255275	0.20925997	0.11282533	0.23093838	0.01273069	0.13014028	0.06824969	0.12213075	0.01355272	0.12154359	0.04216227
17Networks_RH_DorsAttnB_PostC_5	0.08966606	0.14861082	-0.03320786	0.14025398	0.12110902	-0.03178826	0.03480779	0.14128839	-0.00035153	0.00451083	0.10429719	0.14365308	0.20403778	0.25454347	0.17517712	0.19637383	0.20213493	0.09500849	0.10393749	0.25908331	0.05808828	0.06753162	0.15665917	0.17271576	0.40090771	0.05183218	0.06285637	0.42234464	0.28849998	0.25923135	0.47731307	0.36606266	0.48705135	0.48078380	0.37587103	0.30607031	0.53610902	0.05783003	0.30381011	0.32302672	0.34104023	0.17641188	0.37196313	0.03653657	-0.00764127	0.02082575	-0.01855301	0.09109471	-0.25459958	-0.07048242	0.27884697	0.17446304	0.19931786	-0.05123787	0.00707538	-0.12166147	0.09535887	0.19780683	0.10655926	0.08880501	0.19560438	-0.03288995	0.06085154	0.11472281	0.12725547	0.04966924	0.25463518	0.24107526	0.27041800	0.47385020	0.32615740	0.44523332	-0.06133636	0.05115543	0.01003143	0.42011759	0.59214291	0.51619426	0.15609467	0.28166740	0.07180657	0.07036404	0.27006343	0.21694920	0.20769603	0.05545598	-0.17842471	-0.13703590	-0.04904430	-0.09471462	-0.02616515	0.03427722	0.15887500	-0.00306684	0.27047377	0.18151687	0.08221991	0.36479744	0.00230739	0.25942807	-0.05603284	0.11513017	0.04203457	-0.16341632	-0.14381426	0.11509943	0.01862182	0.06135198	0.13090399	0.19728691	0.01904932	0.09840154	-0.23465002	0.02209545	0.13650669	-0.09946963	-0.09129873	-0.09867435	0.06756880	0.07711004	0.15035275	0.14201984	-0.06253630	0.17900544	0.22270829	0.08738699	0.09276411	0.00385464	0.01507663	0.06504265	-0.05176851	-0.06242881	0.10004995	0.09556756	-0.00908092	0.10416701	0.01600736	0.22953978	-0.00537228	0.02502219	-0.04701846	-0.03759345	-0.01394303	-0.02061159	0.05735689	0.13604686	0.00092854	0.07076184	-0.07245567	0.05234220	-0.07506579	0.01061699	-0.11280559	0.03297385	0.00181012	0.03149856	0.04196603	0.20584838	0.00730699	-0.01721363	0.05552538	0.07368077	0.09583296	-0.01838099	0.00485213	-0.09126729	0.05671592	-0.11020748	-0.10574173	0.01741512	-0.14337895	-0.01820716	0.11627060	0.02944596	0.01598219	-0.00351312	-0.05036539	0.06275908	-0.02069667	0.09030978	-0.01914511	0.00687088	0.13767984	-0.09351513	-0.04835956	-0.01743588	0.00315568	0.02573267	0.16930879	0.07237369	0.02870686	0.03504823	-0.11364770	0.07641001	0.12753436	-0.10536501	-0.16274164	-0.23187999	-0.00508236	-0.20755567	0.14748159	-0.02585632	0.06236045	0.00049646	-0.12117161	-0.04268522	-0.04183138	0.00524343	-0.07731463	0.10286014	-0.12587397	0.04099621	0.14073313	0.07479922	0.21335060	0.22796074	0.14913309	0.12183837	0.20466762	0.20799999	0.07252999	0.16274710	0.09824111	0.22856920	0.01309273	0.15454536	0.54613046	0.40827275	0.40171965	0.49851499	0.40352069	0.47700920	0.46341874	0.51123667	0.57971453	0.07203307	0.17589121	0.13688146	0.05231343	0.38846511	0.17112386	0.40095235	0.09675820	0.22007118	0.18137776	0.09013271	-0.10122125	0.09161671	0.07970256	0.17714786	0.20524673	0.10192410	0.22848771	0.20489935	0.26239978	0.07778027	0.29389655	0.23046559	0.22179798	0.11567543	0.03652721	0.26122678	0.07115975	0.13776368	0.15163941	0.02986333	0.22212080	0.28677641	0.35772534	0.42665990	0.53031459	0.45472344	0.10925588	-0.01888274	0.12590239	0.41856431	0.37504297	0.98413574	0.26311670	0.29640157	-0.02886487	0.30539722	0.41196609	0.30301286	0.09618284	0.04940983	0.03246926	0.01063998	0.17466414	0.02136919	0.05224789	-0.01521234	0.04143172	0.11245259	0.00961492	0.23505209	0.16262622	0.29053749	0.19171176	0.29277643	0.40965535	0.24294194	0.06021726	-0.13940604	0.01918412	-0.00418926	-0.07204637	0.08648084	-0.06995147	-0.09261659	-0.11666084	0.01454856	0.03021661	0.10757073	-0.03454564	0.15047409	0.18480919	-0.12281956	0.06260103	-0.00765664	0.12925710	0.11872342	0.08633062	0.06613753	0.13036547	0.03647917	0.01559327	0.39090952	0.03534466	0.04410521	-0.05000267	0.04681014	-0.04306745	-0.05694035	0.16334765	0.09806332	0.06061794	-0.05639684	-0.06856834	-0.07643348	-0.13000688	0.09466018	0.01587209	-0.02675225	0.05018154	0.05983993	0.14852396	0.08754819	0.00097208	-0.06772003	-0.00499508	-0.06322048	0.07817435	-0.03603970	0.12587066	0.03201308	0.09361663	-0.03347960	-0.02892791	-0.02439855	0.07850716	0.05357505	0.07183475	-0.00671219	-0.07535660	0.15142343	0.04412176	0.06497240	0.01123550	-0.03486947	0.05562241	0.04509677	-0.00386085	0.02909383	-0.14147638	0.07947108	0.16580070	0.03542156	0.05638402	0.12032525	0.05372350	0.06274215	-0.03982486	-0.04863763	0.02134771	-0.04307553	0.11368444	0.06723099	0.00263263	0.10157460	0.17521196	0.10929246	-0.01360944	0.03118977	-0.04696050	-0.15753932	-0.18764124	-0.08370085	-0.04007724	-0.11982761	0.02132070	-0.04458371	0.04634877	0.11603069	0.13400514	-0.00990596	0.14518428	0.28094807	-0.07838539	-0.03598649	0.10916506	0.05273025	0.08051984	0.02842263	0.15223439	0.10542556	0.09307069	-0.05061434	0.03118915	0.06735171	0.20338089	0.14717572	0.09079778	0.19965057	0.03982761	0.01273032	-0.06894804	0.21935176	0.03985719	0.12449643	0.00852648	0.02633907	0.14504185	0.11162630	0.32367727	0.03015306	0.06819560	0.14653234	0.20813652	0.06805903	0.09345484	0.06491596	0.09584748	0.07130312	0.06847968	0.06291888	-0.05356885	-0.02432120	0.18508946	0.28719732	0.35266531	0.11754475	0.22774142	0.34688019	0.16580528	0.08496930	0.09281013	0.00045431	0.13579943	-0.06901884	0.08444071	0.00290059	-0.03539780	-0.06690375
17Networks_RH_DorsAttnB_PostC_6	0.13394742	0.31781271	0.08343960	0.22613928	0.11351467	-0.19144658	0.13996037	0.11834433	-0.13992944	0.07050041	0.16859278	0.16677503	0.25886061	0.43526786	0.28833881	0.33375728	0.33873454	0.20758328	0.38920467	0.31218338	0.35075885	0.22972005	0.34448865	0.34726922	0.30427632	0.17405016	0.09280558	0.26318220	0.17029025	0.36238779	0.18400283	0.05995977	0.28916808	0.13946400	0.20833743	0.34710406	0.18213133	0.33211656	0.40702142	0.29831972	0.32837733	0.39187918	0.44698679	0.01756816	0.08465511	0.03523312	-0.05122449	0.13238494	-0.09828741	-0.03179875	0.17889189	-0.01363626	0.25520227	0.22097767	0.05674363	-0.01259839	-0.00603132	0.09119252	-0.02921087	0.09232349	0.23090620	0.11662791	0.08981198	0.08074327	0.23734543	-0.01366765	0.40985774	0.35187298	0.28952206	0.25469269	0.46375444	0.38844423	0.12580761	0.14052049	0.17275487	0.19092550	0.26027198	0.36845540	0.47228136	0.52615030	0.39277608	0.18171060	0.30863125	0.46098427	0.10303265	0.29000708	-0.01653509	0.12267240	0.13165963	-0.07623251	-0.04058450	0.03102966	0.33784869	-0.00111797	0.18620189	0.50722944	0.42330522	0.43427067	0.11863584	0.24543779	0.05437759	0.23366202	0.25533369	-0.15128883	-0.26801754	0.07361102	0.01414331	-0.08195646	0.01368205	0.10095691	-0.01929182	-0.05105262	-0.20599894	0.02630527	0.07227832	-0.09574715	-0.04822892	-0.01953362	0.04461846	0.00878070	0.27021571	0.20937207	0.09974701	0.22530393	0.13948872	0.22036885	0.15857577	0.01953743	-0.01728427	0.02410897	-0.06913514	-0.16913918	0.11108467	-0.08372471	0.20479725	0.00664905	0.10686587	0.21845512	0.05510397	-0.11605311	-0.17384799	-0.00712223	-0.08651747	-0.10519077	0.18355038	0.29855320	0.11115893	-0.14734519	-0.19918371	0.10848821	0.05596646	-0.07214681	-0.16511792	0.00314602	-0.04732965	-0.07237154	-0.05982188	0.17722334	-0.00054610	-0.01472625	-0.04962196	-0.04307626	0.06826183	-0.08150845	-0.05859516	-0.18428107	0.04292482	-0.06192403	-0.17847547	-0.07556786	-0.02580058	-0.19265487	-0.02785581	-0.05130354	0.01803955	0.03827924	0.04572892	0.04909895	-0.00692726	0.14299331	0.02360569	0.05082376	-0.00467772	-0.03248521	-0.09402097	-0.04560646	-0.01109569	0.28878421	0.25852283	0.10557991	0.11465512	0.14370703	0.10761743	0.15529202	0.00696745	-0.16456785	-0.06436545	-0.08719249	0.03494526	-0.04717490	0.15900998	0.06406928	0.21785251	-0.00924197	-0.05781199	0.04523199	-0.05828597	-0.10769491	-0.23246461	0.05281760	0.03504386	0.12612809	0.19030602	0.10490770	0.35454300	0.29626261	0.30627829	0.38730227	0.24431825	0.31977194	0.36053988	0.28064669	0.33985870	0.16286267	0.14934671	0.32043174	0.21409602	0.31108896	0.11255516	0.27415242	0.27659532	0.36971405	0.19000656	0.14200190	0.54519296	0.39653561	0.37842232	0.31991594	0.28122390	0.37948917	0.35644043	0.42069569	0.16762854	0.40539867	0.36935017	0.22734475	0.03555541	0.27763078	0.29875759	0.05127820	0.37099555	0.13166630	0.24082197	0.40650385	0.21115371	0.15928483	0.16651828	0.35810744	0.30439052	0.24381373	0.14003319	0.18942364	0.04173992	0.20678514	0.30601495	0.17847436	0.40255800	0.36555778	0.52413727	0.49553014	0.58085629	0.59223416	0.30613891	-0.01290022	0.27898549	0.46330420	0.30543468	0.26311670	0.99965518	0.57650207	0.23569622	0.58691582	0.47677358	0.42166184	0.30137868	0.39691612	0.26815341	-0.00082387	0.07479170	0.13266981	0.14131182	0.06341481	0.11536895	0.30822127	-0.08145894	0.42885531	0.36741120	0.49346352	0.24499368	0.57485813	0.42716940	0.25455594	0.01978565	-0.00900950	0.06216168	0.03874995	-0.05417544	0.33097392	-0.21242837	-0.21121340	-0.21790981	0.04665624	0.04418455	0.25433370	-0.14223337	0.04484659	0.09635406	-0.13069668	0.03714482	0.04427590	0.07603804	0.01680205	-0.01392524	0.11701523	0.37930476	0.18119840	0.16076995	0.27783375	0.00773560	-0.07736634	-0.16434216	-0.02771944	-0.03968826	-0.12880814	0.11296666	-0.03050925	0.13806850	-0.06862632	-0.14651851	0.11135464	0.08871866	0.25207097	-0.16470586	-0.18912071	-0.03691302	-0.00647966	-0.02116753	0.05909704	-0.10995135	-0.27690831	-0.00558054	-0.08183560	-0.00010860	0.00795011	0.41042802	-0.11964580	0.02465895	-0.12793372	-0.18215391	-0.08490775	0.04344593	-0.00755942	-0.03518674	-0.03340161	-0.21988503	0.06999368	-0.15065855	-0.05369145	-0.02338899	-0.10531055	0.00981231	0.00902382	-0.02369081	0.02762872	-0.22879701	-0.02483753	0.04346571	-0.10074766	-0.13577751	-0.06681763	0.00347996	-0.05606025	-0.17433769	-0.16628632	-0.00470783	0.14844064	0.18144175	0.15300804	0.20809654	0.29583921	0.06730809	-0.03921138	0.03162600	0.05524769	-0.19389709	-0.14784641	-0.17706728	-0.05126388	-0.12076010	-0.12863679	-0.06147210	-0.03196616	0.05424877	0.00188579	0.14069842	-0.20558408	-0.04183753	0.04136295	-0.08044518	-0.18139403	-0.11059701	-0.09717804	-0.02514635	0.05703192	-0.08510678	-0.01315383	0.07167309	0.12653488	-0.00865930	0.06890411	0.09519298	-0.05734284	-0.04265831	0.01963404	-0.13820170	-0.14010851	0.12199214	0.12257891	-0.15617402	0.12501884	-0.05259002	0.06373972	0.28937540	0.15883228	0.16461050	-0.03240121	0.13890137	0.30992608	0.33263800	0.21458847	0.17853558	0.18997929	0.27176414	0.20791329	0.13345720	0.06893068	-0.12326461	0.07969731	0.29514503	0.23467200	0.15935374	0.13648531	0.22834095	0.26622239	0.18992782	0.16361744	0.22609185	0.09842769	0.18059614	0.00627878	0.15825093	0.02334055	-0.02448654	-0.01586577
17Networks_RH_DorsAttnB_PostC_7	0.29400186	0.46781008	0.14799859	0.38675832	0.22548346	-0.09421167	0.19494368	0.11837490	0.01825821	0.11217323	0.23336169	0.16776998	0.32973536	0.43515774	0.47720426	0.36215556	0.26596356	0.43370710	0.40210998	0.26222530	0.44625174	0.29780404	0.43829189	0.32521199	0.19152470	0.13022079	0.04920970	0.24028033	0.12878999	0.19438752	0.15845685	-0.08462843	0.13626853	0.10382865	0.31268386	0.20345105	0.08766376	0.44055897	0.47016613	0.11917647	0.32470611	0.51800543	0.31688099	0.08439513	0.08976321	0.17059178	-0.04109619	0.10787317	0.00424158	0.00824695	-0.00015886	-0.04562068	0.10666771	0.07909474	-0.06947431	-0.12843344	-0.08264268	-0.08292947	-0.01326480	0.22125641	0.31096386	0.25695277	0.13014126	-0.11107802	0.26780870	-0.05063712	0.25601838	0.23847319	0.13625310	0.11322013	0.25389919	0.40378920	-0.07442286	-0.01968260	-0.04428435	0.00069011	0.09315736	0.34946321	0.50563774	0.61488666	0.51220665	0.08474049	0.15139344	0.38104064	-0.03344472	0.32855891	0.11778524	-0.05424928	-0.01622614	0.00784775	-0.20777238	-0.04980853	0.24451861	-0.00851571	-0.05361923	0.27344567	0.38789150	0.15843440	0.04644495	0.33064043	-0.08376256	0.16697838	-0.00073246	-0.13877716	-0.12350969	-0.07364804	0.05731575	0.10361649	-0.03683057	0.23073872	-0.07798982	-0.03270772	-0.09730658	-0.09423332	-0.02712146	-0.20292138	-0.00218374	-0.05585587	-0.09593064	0.13759300	0.19597061	0.14269246	-0.01228808	0.11096299	-0.04902894	0.05939252	0.24632093	0.01130491	-0.10109885	-0.16322683	0.03401155	-0.08696672	-0.03735559	0.06357889	0.29748865	0.08673462	0.14394587	0.05317739	0.24756675	0.01611544	-0.03779754	0.07744866	0.06185784	-0.05606205	0.16178729	0.26442233	0.02630525	-0.02086929	0.08537835	0.24909143	0.16452576	0.06269716	0.11927830	0.17838405	0.14166063	0.10775332	0.06462811	0.25192034	0.19657175	0.10977983	0.15046716	0.13299804	0.22982735	0.08743181	0.07439893	-0.00090343	0.07539679	0.06994262	-0.01715682	0.09798244	0.13370042	0.06490727	0.08848467	0.17540987	0.16168664	0.18854513	0.16967161	0.22683886	0.19751979	0.24775135	0.17328036	0.21038326	0.18847975	0.10689468	0.07206842	0.13074195	0.17578973	0.19471985	0.25751714	0.18823277	0.14228548	0.25382593	0.22759426	0.05041951	0.19375905	-0.05241209	0.13028442	-0.08231317	0.06409554	0.09408321	0.17069299	0.20161105	0.32618008	0.15761236	0.06229441	0.04966016	0.13324939	-0.13025388	-0.14675495	-0.02704937	0.11092917	0.20282906	0.24907329	0.06786331	0.45571433	0.48105158	0.29594533	0.55095441	0.26748156	0.32279956	0.45969789	0.16448983	0.37790242	0.15305500	0.04478002	0.12660176	0.24318770	0.14361039	0.13708796	0.21285417	0.34431253	0.39653841	0.17005185	0.09734959	0.42664535	0.45593749	0.38964749	0.41440149	0.45651851	0.37350677	0.40465062	0.41445195	0.21714272	0.32775010	0.29954627	0.20862093	-0.00745066	0.28615508	0.10272940	0.09742178	0.29717900	0.11066667	0.18895036	0.34294619	0.12143989	-0.02540575	-0.05045411	0.12235573	0.27219677	0.34132825	0.24938712	0.12623912	0.16511699	0.28853347	0.26574833	0.09525427	0.21225700	0.26478041	0.33737565	0.38246385	0.60610344	0.54861512	0.18577711	-0.08335901	0.13213792	0.28482234	0.16277480	0.29640157	0.57650207	1.02592313	0.47300292	0.46949523	0.22883361	0.15191656	0.11395004	0.26683711	0.01323715	-0.04513849	0.18819658	-0.06312690	0.16011617	-0.06507724	0.03419137	0.25231423	-0.20923290	0.35462037	0.41808239	0.21770474	0.04412179	0.32508942	0.26098763	0.19095753	0.15022281	-0.19963076	-0.10779994	-0.08740298	-0.00638070	0.26339084	-0.12814177	-0.20302638	0.00504770	0.04683416	-0.04393288	0.22638582	-0.14456127	0.08704460	0.04745694	0.03560136	-0.05721570	-0.02834087	0.06267519	0.02264121	-0.08621686	0.20320770	0.14913260	-0.05085463	0.09584720	0.12910880	0.13773011	-0.06195953	-0.04794543	0.00090593	-0.14280371	-0.00485806	0.02768745	0.00874517	0.13494391	0.04306380	-0.13720256	-0.12864255	0.01633189	0.12285268	-0.14060666	-0.09643753	0.11475191	0.12912435	0.11471105	-0.02057149	0.01886730	-0.21119836	-0.02030783	-0.09997150	0.18445730	0.05008433	0.26755388	0.03739804	0.08097509	0.05517967	0.02037751	-0.00177780	0.23096934	0.21606336	0.15137877	0.14317425	-0.13946018	0.22227509	0.06806569	0.06757107	0.03773791	0.07085772	0.17976341	0.12111508	0.07435928	0.10696380	-0.10152356	0.07220518	0.17936364	-0.01339493	-0.03279158	0.15040036	0.04199892	0.15742590	-0.01277517	-0.14860397	0.05199877	0.02815871	0.23528114	0.18703836	0.25986824	0.27737266	0.11984412	0.01338727	-0.03088409	0.09437223	-0.02375531	-0.25770956	-0.01824538	-0.10030338	0.09287196	-0.08554012	-0.08669868	0.14075334	0.07024801	-0.03839109	0.14064368	-0.16387165	0.01702217	-0.02736608	-0.05302252	-0.18000227	-0.02080586	-0.06623117	-0.20122829	-0.01464438	-0.14050802	-0.05065024	0.03990726	0.17284758	-0.05175948	0.01937827	0.19774612	-0.06189037	-0.06381168	0.12542487	-0.08042404	-0.27407951	0.14119936	0.15601358	-0.22659144	0.09924349	-0.05685348	0.02258038	0.40899873	0.26822760	0.20275126	0.17022076	0.14796046	0.40388361	0.43947725	0.32486098	0.32385731	0.30505623	0.41217446	0.30570338	0.32133046	0.24671996	0.03739783	0.27511674	0.36654553	0.23103935	0.19264620	0.33420056	0.20570206	0.31119545	0.27804976	0.22979474	0.28330396	0.17156872	0.38016273	0.12848416	0.28747552	0.12723661	0.08249405	0.12968091
17Networks_RH_DorsAttnB_PostC_8	0.32091183	0.37943960	0.22120834	0.41798058	0.26663143	-0.10400133	0.26239149	0.02101304	0.16288627	0.01994294	0.28933377	0.17507752	0.16312484	0.26274586	0.41074153	0.07940769	0.03150279	0.40510786	0.10960853	0.02241277	0.26736325	0.10057454	0.26010720	0.01985350	-0.03326884	0.18361600	0.11091040	0.11825518	0.07318958	0.04268501	-0.01903608	-0.13944431	-0.01671886	0.03431640	0.21348238	0.06147633	-0.12430154	0.57226462	0.49293149	0.07873396	0.18015977	0.45122288	0.15315123	0.07816845	0.03462171	0.04285601	-0.12617631	-0.03349407	0.08948500	0.03825371	-0.12348675	-0.02927530	-0.11732583	-0.04986852	-0.12245423	-0.15945962	-0.01942003	-0.02641424	0.09156025	0.29118300	0.19994369	0.34750729	0.13312818	-0.16495009	0.21566113	-0.05147391	0.00780216	-0.00156671	-0.02600997	-0.13798333	-0.04342916	0.15655723	-0.14730188	-0.00293033	-0.07256528	-0.11463511	-0.10748984	0.07556515	0.42941454	0.32587195	0.57085177	0.07571815	-0.02618353	0.09705589	-0.00197553	0.17879877	0.18545619	-0.15629065	-0.16421564	-0.07379760	-0.12550532	-0.06412538	0.07662184	0.06206902	-0.19322865	-0.04397630	0.24397567	-0.03304691	0.09267177	0.29932739	-0.12400099	0.04153622	-0.15120947	-0.12802281	0.14983405	-0.14289487	0.08481126	0.15061817	-0.14132338	0.21320907	-0.15905431	0.02523639	0.14252899	-0.18555605	-0.19629873	-0.16371985	-0.03636468	0.00474007	-0.20291791	0.01652146	-0.01744157	0.12514745	-0.10966883	0.03081599	-0.10781180	-0.09145410	0.23107916	0.01651607	-0.10943827	-0.05648535	0.14998407	0.05138814	-0.10703243	0.17992746	0.20449517	0.18206619	0.08586038	-0.11934966	0.41409665	0.11978490	0.15119939	0.09001609	0.21632068	-0.10921335	0.05689805	0.21706893	-0.16379939	0.04069509	0.30807425	0.19256338	0.15588626	0.22776740	0.35906424	0.31509634	0.31330405	0.13021113	0.03724116	0.13893039	0.36728032	0.15290274	0.31355638	0.20679503	0.32620471	0.22538834	0.17112364	0.08333083	0.05630496	0.12272475	0.03779174	0.26139300	0.14073800	0.21911265	0.19758256	0.32990246	0.37253229	0.35431109	0.28220677	0.37496362	0.37936698	0.30708532	0.24737099	0.27538199	0.28341578	0.30626696	0.28290968	0.30777128	0.27488110	-0.01183308	0.15515367	0.17087676	0.08977947	0.29755700	0.24302748	-0.10800204	0.26475415	0.13425891	0.16575704	-0.03302692	0.06857119	0.23216221	0.21644626	0.26124946	0.22025821	0.31385057	0.17963998	0.11726425	0.26421054	-0.14563465	-0.01649724	-0.02650494	0.18397915	0.17087560	0.13531649	0.03916697	0.30393979	0.33478259	0.13719845	0.29364660	0.10420569	0.11272650	0.29947478	-0.03443905	0.22016108	0.10392427	0.04644400	-0.03160460	0.00190479	-0.07877071	0.04281345	0.00449349	0.11676603	0.11086251	0.01907341	-0.05428874	0.05928349	0.55533500	0.18620967	0.37905116	0.44690906	0.19709111	0.43951489	0.28329898	0.48237094	0.06955991	0.05631551	0.12507764	-0.08605795	0.18166424	0.02659621	0.01078484	0.13037777	-0.01233000	0.07736306	0.10031708	0.02479083	-0.08179099	-0.09677083	0.01776632	0.15443217	0.28147867	0.22028205	0.04954187	0.35776044	0.14282785	0.09689150	0.02372536	0.00748986	0.04797648	0.03718248	-0.03255403	0.13393460	0.18044088	-0.09975835	-0.02643213	-0.06493911	-0.14132278	-0.03202213	-0.02886487	0.23569622	0.47300292	0.96355581	0.12208968	-0.07458125	0.00632314	-0.04129988	0.02667128	-0.15937320	-0.02180438	0.00396165	-0.19568289	-0.00046123	-0.15618559	-0.04519186	0.03960267	-0.25902790	0.09353481	0.33388174	-0.09847316	-0.14142275	0.01205743	-0.02238200	0.10471526	0.29174609	-0.13923795	-0.16537816	-0.15888392	0.04725232	0.16661378	0.00139618	-0.15942712	0.11814466	0.01157597	-0.04597222	0.11511734	-0.13831037	-0.00916518	-0.04222619	0.18189553	-0.19083579	-0.09526207	0.05087417	-0.05765838	-0.16033732	0.05167506	-0.01143364	-0.21473204	-0.08076966	-0.11501431	0.32221689	0.05845639	0.11493569	0.06397026	-0.08888426	0.16300496	-0.00869756	0.11443163	0.14491030	0.11686902	-0.05254518	-0.23456133	-0.13920761	0.03935883	0.00586104	0.10975449	0.34220856	0.22755188	0.06320928	-0.14555525	0.11262873	-0.11726688	-0.11437290	-0.13558137	0.36822278	0.10892204	0.06385527	0.06565720	0.03079859	0.21814833	0.26982908	0.14315834	0.42350919	0.42874866	0.29346558	0.36847740	-0.06854122	0.15277782	0.16968497	0.29198068	0.25828396	0.16272108	0.37264829	0.25472618	0.18247320	0.13966073	0.13522133	0.03269189	0.37019849	0.17038162	0.21070191	0.25690306	0.18462152	0.23817341	0.14213063	-0.03347900	0.16626813	-0.07333499	0.19807543	0.13052244	0.21594179	0.13325160	0.03406901	0.02372345	0.14258054	0.13394909	0.19497409	-0.16531910	0.10709622	0.02086702	0.26532332	0.05109613	-0.03079091	0.13155066	0.03436908	-0.03852515	0.02966451	-0.13871179	0.08778829	-0.04414439	0.08212574	-0.02401004	0.04422019	-0.04576652	-0.11919330	0.09111864	-0.08187393	0.06538050	-0.03285098	0.06594351	-0.00771484	0.15483826	0.09409161	-0.12802419	-0.00542023	0.11154947	-0.00708341	-0.17634679	0.08050876	0.09480622	-0.07987311	0.12382150	0.05229249	0.10846480	0.39112930	0.28224910	0.09547232	0.22941312	-0.00835628	0.32904158	0.30959256	0.16724866	0.35045536	0.29940115	0.38420920	0.27839857	0.42666963	0.35164941	0.17209999	0.33968777	0.21696584	0.07013917	0.06494224	0.20233021	0.04722903	0.17457089	0.22968247	0.14913328	0.16744147	0.23558836	0.35249746	0.25797413	0.29780604	0.20776632	0.19710976	0.13503964
17Networks_RH_DorsAttnB_FEF_1	0.22360336	0.29977393	0.14277856	0.30375315	0.11665644	-0.11034571	0.17014977	0.21500341	0.04943471	0.24990241	0.11062314	0.22552866	0.23257087	0.46664559	0.31762974	0.25024463	0.35519476	0.13820899	0.19905686	0.22324049	0.16452000	0.17442538	0.17673160	0.36398309	0.38643864	0.21804318	0.18142420	0.28707189	0.34011675	0.40174968	0.38220917	0.19407080	0.34510566	0.18206691	0.30069008	0.36520420	0.20621053	0.21830523	0.38380818	0.21535785	0.34929691	0.37078373	0.38178200	0.11074735	0.14774503	0.07280072	0.06404299	0.16315744	-0.03155083	0.09599347	0.20179646	0.04637598	0.28023393	0.18211818	0.09127908	-0.05195562	0.00192331	0.15621873	0.00949696	0.05856923	0.17909339	0.10952521	0.12018999	0.15413920	0.23090193	0.12768949	0.42434809	0.39418176	0.35562592	0.26151041	0.46622627	0.46046723	0.09589921	0.04373776	0.12390095	0.25282361	0.32876693	0.46816507	0.30845531	0.40929966	0.28607464	0.33422992	0.38294131	0.40415185	0.13273499	0.24312785	-0.06916047	0.15253203	0.14820375	0.02131488	0.04748400	0.14162185	0.34969039	-0.03601996	0.27912985	0.47227868	0.39449077	0.46803130	0.23019375	0.19428119	0.11764284	0.25518828	0.24633292	-0.13925470	-0.27606362	0.07254518	0.02036864	-0.06438048	0.02271718	0.06933687	0.02566052	0.04143194	-0.13311378	0.03259547	-0.00190466	-0.05435811	-0.09873832	-0.03122022	0.06094734	0.02421512	0.33185159	0.28005354	0.15544807	0.30794896	0.19091501	0.23775984	0.24454660	0.07292990	0.11816121	0.03852003	0.00927413	-0.10803426	0.08424420	0.04673441	0.34123521	0.13499415	0.20907173	0.20468317	0.06401110	0.03927320	-0.02549189	0.06551805	-0.05369066	-0.07864404	0.24796989	0.30776925	0.07390742	-0.09504154	-0.10037097	0.21572621	0.00827123	-0.05507650	-0.10684941	0.01483075	-0.06675394	-0.14296945	-0.01845715	0.08775157	-0.04101438	-0.03587482	-0.01938437	-0.04152364	0.03149516	-0.09033127	0.09962043	-0.15316523	0.06695268	0.02095162	0.01213222	-0.08287660	0.05690464	-0.12125712	-0.00846920	-0.00446601	-0.00492459	0.01718218	0.01406238	0.07123276	-0.00621744	0.12305177	0.08371146	0.06658579	-0.03370175	-0.05659709	-0.06657778	-0.05779495	-0.03048133	0.30178008	0.16109779	0.04688769	0.06690611	0.17492107	0.08162698	0.14409287	0.02099081	-0.01878462	-0.04767717	0.00921569	0.19754830	-0.04070835	0.17100453	0.08857241	0.19265441	0.03919568	-0.04874817	0.02521359	0.05073829	0.01325149	-0.06661063	0.14062322	0.04408220	0.16494911	0.20013305	-0.00014122	0.27293124	0.28147661	0.22666206	0.19925887	0.17992534	0.20539361	0.19751777	0.19881396	0.25767167	0.04041578	0.25548302	0.53205365	0.32855691	0.40127025	0.28041442	0.40669780	0.29255529	0.45569526	0.26166281	0.29453765	0.55483974	0.27710556	0.30918368	0.29588247	0.24439495	0.30319788	0.35409011	0.43198963	0.14498168	0.46956156	0.36280588	0.18265198	0.05572537	0.29016307	0.33506062	0.06856944	0.46768132	0.11838571	0.31890793	0.45497671	0.18858241	0.12805004	0.23099838	0.34925595	0.24393981	0.19284143	0.13954468	0.31792646	0.14020034	0.17805696	0.31620201	0.16767286	0.43577948	0.40474207	0.49515404	0.43811077	0.55134130	0.50481386	0.28613731	-0.04339148	0.08714945	0.43021684	0.23088594	0.30539722	0.58691582	0.46949523	0.12208968	1.04359382	0.48545424	0.49430740	0.37283874	0.34201233	0.20202530	0.05902102	0.16658907	0.11408157	0.17865962	0.03218066	0.08951857	0.32643172	0.01311730	0.42086160	0.29613670	0.46885223	0.28311056	0.51830996	0.41343732	0.32368202	0.03467181	0.01974224	0.05954383	0.20267611	0.08330193	0.35782669	-0.09506674	-0.13072579	-0.12006646	0.18049653	0.12758533	0.20209298	-0.04180608	0.05199286	0.14354428	-0.05840020	0.07391065	0.05238381	0.12312756	0.03016028	0.00221945	0.11543371	0.38027492	0.14991447	0.08752905	0.24128015	0.14821369	0.13473274	-0.04643897	0.12262859	-0.06490878	-0.04061137	0.18694215	0.00232865	0.23872474	-0.02148083	-0.01489668	0.16114917	-0.00406044	0.29972252	0.00248665	-0.01058749	0.16020804	0.08890963	0.09802024	0.16479658	0.14870759	-0.10544078	-0.03434578	-0.03298680	0.09614232	0.07407525	0.38385850	-0.08389428	0.00823638	-0.00236256	-0.01623815	0.03699965	0.07328206	0.08411081	0.00145318	-0.02851145	-0.08583190	0.07159446	-0.02787137	0.07987213	0.11616207	-0.08117801	0.07404889	0.09243251	0.01245157	0.13858663	-0.11227387	0.08452320	0.14965369	-0.00158404	-0.03332766	0.02979123	0.03467282	-0.01533887	-0.05003096	-0.04338137	0.09384352	0.14789645	0.07380839	0.07915852	0.22530548	0.35360187	0.14757418	0.10303082	0.04056812	0.13447511	-0.10799288	-0.06189815	-0.12636688	0.10512070	-0.00662214	-0.01951899	-0.15909906	-0.10318828	-0.03572266	-0.04497493	0.13610756	-0.16658428	-0.01626255	0.09693047	-0.03625527	-0.13537971	-0.09206990	-0.04595618	0.07588416	0.10860136	0.07083851	0.07461392	0.05026428	0.11082849	0.01110980	0.10263352	0.04627579	0.02589067	0.01315673	0.13234790	-0.17461232	-0.09873507	0.05637813	0.15975054	0.05635954	0.21183443	0.07243028	0.25320149	0.35158257	0.13343644	0.19033915	-0.00880231	0.16523919	0.25946622	0.25726055	0.21679596	0.25479147	0.30585265	0.30459137	0.30054174	0.23080578	0.16203773	0.02764027	0.18564994	0.31254664	0.23293528	0.18069014	0.14000329	0.22337492	0.33369807	0.12902801	0.12863980	0.24552383	0.20420561	0.24286234	0.15178051	0.24384175	0.10718982	0.05258519	0.09441925
17Networks_RH_DorsAttnB_FEF_2	0.18001739	0.25595941	0.24254075	0.31099848	-0.00632108	-0.05944214	0.21998841	0.22478384	0.02956907	0.12293636	0.13110305	0.15291024	0.24385484	0.39719843	0.35163542	0.08894319	0.21602291	0.09314303	0.15757019	0.29025072	0.13220937	-0.01630520	0.11439065	0.21343897	0.38618487	0.05915746	0.08619012	0.28292446	0.28987589	0.40327786	0.39624276	0.34743999	0.41040593	0.25902299	0.28777944	0.58543832	0.41696542	0.15363114	0.34137151	0.37543447	0.35391245	0.18798331	0.51641758	0.09620936	0.08586900	0.00584520	0.03467643	-0.01791680	-0.22663263	-0.05692213	0.35358123	0.26137583	0.27892127	0.12330001	0.11157603	-0.14048347	0.12746708	0.10963167	0.11279156	0.07266369	0.20110886	0.09976878	0.10923388	0.24284201	0.17389761	0.09031863	0.46623856	0.43125892	0.45464758	0.51333813	0.62620488	0.49423383	0.14161979	0.30355587	0.28495734	0.52431908	0.55454610	0.43169741	0.22793353	0.42041136	0.16443110	0.23900051	0.59923219	0.37387690	0.39302471	0.06766908	-0.10070276	0.07361279	0.09082281	-0.14241664	0.09660974	0.17597512	0.30259871	0.12789431	0.40530252	0.49260397	0.19775936	0.52484759	0.21753885	0.34324467	0.08279840	0.26748569	0.27011566	-0.11225413	-0.21284912	0.17745533	0.00137419	-0.02359486	0.15555249	0.14044283	0.02243196	-0.01288237	-0.09965187	0.10552772	0.12879078	-0.06673951	-0.04210816	0.05827615	0.10326964	-0.04670388	0.41973420	0.25789502	0.12498987	0.41437137	0.34336655	0.40673825	0.22637174	0.04949487	0.06937268	0.28626615	-0.01082139	-0.06883536	0.25129291	0.04500595	0.16757256	0.16575846	0.15136273	0.41878130	-0.14579675	0.06394729	0.01246996	0.04741937	-0.03261250	0.02832564	0.20147038	0.23562351	0.04985191	-0.05439545	-0.18279528	0.15661500	-0.15781300	-0.09082167	-0.26407461	-0.09808717	-0.11203161	-0.12748366	-0.06043237	0.08860632	-0.07801393	-0.06584075	-0.05566083	-0.08859632	0.02828841	-0.13749831	0.08261066	-0.23204853	-0.02450116	-0.04224566	-0.03862037	-0.09506386	-0.05402571	-0.16815417	-0.00127169	-0.10864829	-0.02475840	-0.02242619	-0.04866812	0.01454436	-0.18737038	0.17747547	-0.13389387	0.02760689	-0.05583164	-0.18053661	-0.12508331	-0.15048756	-0.10065385	0.34675348	0.17153282	-0.02890902	0.01507477	0.06971359	-0.00913910	0.12763600	0.02571720	-0.06329981	-0.13731661	-0.15017778	0.01517451	-0.17652766	0.22836106	0.08239365	0.12959281	0.09295227	0.15961916	0.12362742	0.08566213	0.11516258	0.04041156	0.22511844	-0.02607172	0.14338109	0.12298997	0.08963180	0.31318682	0.17943822	0.05268527	0.16539217	0.11509006	0.16632621	0.13267539	0.26057004	0.02165935	0.38357713	0.08030965	0.25479319	0.32459213	0.45629078	0.27308089	0.32412004	0.38573363	0.35008460	0.28750908	0.33442092	0.67528761	0.08473677	0.27250060	0.12733348	0.11224771	0.37818730	0.30961992	0.45324224	-0.00306259	0.30560962	0.25210839	0.23422583	0.08482734	0.10116661	0.26206322	-0.06808411	0.26860025	0.21499195	0.30134787	0.34034445	0.28505972	0.34773832	0.48633280	0.47725890	0.22798610	0.26687144	0.31468144	0.35146218	0.01454894	0.13078397	0.24894996	0.24733298	0.50924657	0.43509784	0.59124826	0.56411650	0.45984211	0.47867401	0.48627728	0.09630970	0.36275802	0.64147133	0.51127173	0.41196609	0.47677358	0.22883361	-0.07458125	0.48545424	1.16795280	0.67029669	0.23326515	0.28713994	0.33248801	0.20417963	0.01986648	0.06000847	0.07229202	0.03059734	0.08571452	0.13060069	0.10701084	0.30753097	0.14483901	0.51029163	0.44969161	0.51529161	0.40975826	0.44174233	-0.09556209	0.12741028	0.22158771	0.25879780	-0.08644107	0.24114451	-0.21579223	-0.08662808	-0.23393028	0.15096465	0.12603424	0.07582234	-0.05531049	0.14339990	0.15626998	-0.02340923	0.23690774	0.17080567	0.16807510	0.16160123	0.06645794	0.13775971	0.47592028	0.27993192	0.30794351	0.55008126	0.11398048	0.20359412	-0.03330251	0.14590968	0.05749918	-0.14250629	0.28979935	0.24940254	0.31709552	0.11717925	0.11690078	0.26197202	0.22394826	0.37184006	0.10824392	0.01390740	0.09302481	-0.09327266	0.23975911	0.24537688	0.05405238	0.09025876	0.09676425	0.13601967	0.02332540	0.05716716	0.48940450	-0.08596852	0.10148067	-0.04812550	-0.03969427	0.21444415	-0.05798836	-0.03671413	-0.03302920	-0.06717758	-0.07362114	0.01762051	-0.16047760	-0.03356725	0.07641557	-0.13798072	-0.01205736	0.17130398	-0.05355404	0.05762276	-0.16023284	0.04235409	0.11772359	-0.03771749	0.02879366	-0.05371324	0.06761543	-0.22776603	-0.21768845	-0.11133564	0.08254728	0.27591903	0.12791476	0.09728385	0.17815574	0.16595373	0.06574506	-0.09405188	-0.04482723	0.03141729	-0.31005976	0.08778166	-0.29743178	-0.07694695	-0.05814568	-0.15748865	0.01915519	-0.02898958	0.04588067	-0.00432947	0.20330746	0.01235054	0.00607994	0.12898766	-0.05456932	-0.05750660	-0.10798673	0.02728976	0.16879015	0.13848578	0.23229962	0.11402409	0.16582606	-0.00805141	0.07491602	0.10994517	0.11186262	0.06286935	0.15599657	0.12584165	-0.01739157	0.12618096	-0.04368052	0.17537864	0.12228456	0.06741905	0.23821084	0.15455296	0.24043055	0.14600635	0.19987643	-0.01836029	0.27428278	0.20369374	0.16573240	0.16646689	0.18336674	0.30118093	0.23045121	0.25942409	0.18628843	0.18495784	0.12117959	0.17669729	0.28327213	0.38193651	0.25539252	0.03506672	0.33020360	0.31694195	0.17178581	0.15537303	0.18283026	0.04876416	0.16019411	0.09523609	0.14008678	0.03804252	0.11676404	0.10535424
17Networks_RH_DorsAttnB_FEF_3	0.16715686	0.20103683	0.23717282	0.28451586	0.06849185	-0.07173439	0.19659036	0.22628295	0.01308228	0.10537734	0.16085436	0.20372025	0.22107970	0.42253209	0.26959322	0.06504760	0.25384244	0.02298697	0.09365092	0.19285421	0.02564487	-0.04261111	0.10707062	0.18846692	0.34785932	0.14801984	0.15238103	0.39867190	0.31433047	0.38888091	0.32968249	0.39454226	0.52336413	0.38251712	0.30805430	0.52978989	0.30393706	0.17538644	0.34982374	0.48277258	0.24164800	0.17001301	0.46112281	0.09030769	0.03304789	-0.07968695	0.03383530	-0.01799550	-0.12079678	0.07599036	0.31344402	0.24566441	0.20791956	0.17444516	0.16055859	-0.08097068	0.15578576	0.25864142	0.05662058	0.07709513	0.15020130	0.07911215	0.08541422	0.23094473	0.14143412	0.11162804	0.47359915	0.39640000	0.41657884	0.39575525	0.57100787	0.49748525	0.18620152	0.18685220	0.23156314	0.45908560	0.50510016	0.37567840	0.30864055	0.27330078	0.22462719	0.30061746	0.44906495	0.31853201	0.29474716	0.06469525	-0.11408795	0.22306547	0.15305803	-0.14718528	0.14379497	0.21728048	0.30726549	0.09250447	0.44105840	0.45758664	0.18379713	0.55174222	0.24409652	0.30461568	0.22792854	0.33873348	0.37963675	-0.15375492	-0.19603670	0.20240205	0.15420568	-0.03248956	0.10883311	0.08590078	0.01853076	-0.01063080	-0.09950336	0.03482255	0.03986467	-0.11469136	-0.06447398	0.01495508	0.01031716	-0.03680551	0.33029004	0.29089567	0.19165053	0.33930683	0.33992617	0.30465364	0.26882724	0.10006848	0.25978366	0.24299169	-0.07472535	-0.03514394	0.26892563	0.03167994	0.17198174	0.20707167	0.16014733	0.31438295	-0.10084116	0.04337338	0.03978545	0.12456276	-0.04192226	-0.04513584	0.20036873	0.18979910	0.04564882	-0.08916596	-0.20996009	0.08274734	-0.16146774	-0.06578598	-0.27032583	-0.11026560	-0.16566771	-0.22086903	-0.07412751	0.10213168	-0.11115296	-0.17334590	-0.07408913	-0.10928703	-0.03583277	-0.13870331	0.14203408	-0.21201654	-0.07603159	-0.12018430	-0.09180869	-0.15741120	-0.06591213	-0.23770360	-0.05360177	-0.08645903	-0.04236203	-0.03365761	-0.00214337	0.04809684	-0.05532675	0.22274790	-0.03953798	-0.02129290	-0.12234632	-0.12304498	-0.15014167	-0.08773303	-0.11217176	0.19672749	0.10231495	-0.14993891	-0.12615327	0.10693060	-0.02864033	0.09709707	0.03700456	-0.00461834	-0.18765184	-0.05687060	0.01667561	-0.21669778	0.24681991	0.10556251	0.12622487	0.12710412	0.05754316	0.15502483	0.08944276	0.12004897	0.02990758	0.26412694	0.05209576	0.15227843	0.13395204	0.01465281	0.21903789	0.14065848	0.10759122	0.07064288	0.05389068	0.14630862	0.05391285	0.23030191	0.07450782	0.22656154	0.21751032	0.39114414	0.34508338	0.42995529	0.32451832	0.39307028	0.33107602	0.32839337	0.30419995	0.35804343	0.60994102	0.17590545	0.14472861	0.08061389	0.04898051	0.36849144	0.31922681	0.48489419	0.14371810	0.35541443	0.27134479	0.20446221	0.03717913	0.10963082	0.33221129	0.04490234	0.28183721	0.10187289	0.28325506	0.27544833	0.20323121	0.26126267	0.40964600	0.40599488	0.23436133	0.22721667	0.23366425	0.38526933	0.03008368	0.06018034	0.24882921	0.21465409	0.37592126	0.31792095	0.47329927	0.42474778	0.39343991	0.45100072	0.28819305	0.08009523	0.20451075	0.45235678	0.38146845	0.30301286	0.42166184	0.15191656	0.00632314	0.49430740	0.67029669	0.98223935	0.29714718	0.24783231	0.32448875	0.17301417	0.03528688	0.12774000	0.11494559	0.08701648	0.07668228	0.23965175	0.10482914	0.35008436	0.18877429	0.40462123	0.41850450	0.45895086	0.36235327	0.53244400	0.09739570	0.18525855	0.22724674	0.36775679	0.11326009	0.40000807	-0.03191671	0.01681308	-0.17564892	0.26439674	0.15661344	0.09286558	-0.05978598	0.09803986	0.07741636	-0.06806691	0.16283682	0.08597914	0.22076249	0.02544210	-0.01402476	0.06648479	0.36265875	0.28018403	0.16541515	0.43864480	0.12435455	0.18880252	-0.05055684	0.16634097	0.00099464	-0.05457491	0.20977079	0.18934763	0.31281510	0.11064443	0.10979524	0.30225364	0.05106930	0.41602576	0.20286112	0.08746398	0.18186944	-0.06289675	0.22680296	0.30776499	0.13320539	0.06570990	-0.08005236	0.05259247	-0.01610337	0.03100945	0.33212914	-0.11563708	0.00287491	-0.00264328	0.01740769	0.13213572	-0.04428071	0.00471663	-0.08635618	-0.09615378	-0.08474362	0.04721625	-0.15557058	0.03434447	0.06132684	-0.10893745	-0.03460352	0.20079622	-0.03474794	0.09772691	-0.12582673	0.09113939	0.16333504	0.06729091	0.10022582	0.04362584	0.20501272	-0.12895178	-0.08708461	0.04577638	-0.01391952	0.13665740	-0.04637001	-0.09944304	0.14146261	0.10774266	0.04962736	0.00776175	0.14674230	0.16022024	-0.15589246	0.09960632	-0.25595704	0.03291371	-0.03035792	-0.01037651	-0.14995737	-0.12613735	-0.02819784	-0.03131875	0.17831746	-0.09593227	-0.03273645	0.20903812	0.02724199	0.05609867	-0.12568462	0.02737870	0.25037727	0.17012763	0.24254843	0.19274896	0.03811712	-0.02685153	0.00195669	0.12680282	0.08804562	-0.02703128	0.05683086	0.12013114	-0.03553418	0.13323808	-0.02218970	0.15540060	0.22508198	0.25264467	0.33729926	0.37190657	0.24697564	0.15149711	0.20340747	-0.02183018	0.13930033	0.22113601	0.15520076	0.08088122	0.18064216	0.23274620	0.23299147	0.25248679	0.20639265	0.16465431	0.09221892	0.13708348	0.28029432	0.31948547	0.27507854	-0.00540204	0.23689771	0.31907062	0.10125312	0.12454900	0.13684896	0.14659012	0.15431789	0.08240169	0.13110761	0.08179977	0.11223244	0.04520234
17Networks_RH_SalVentAttnA_ParOper_1	0.03519245	0.05092922	0.02742742	0.02457263	0.02584496	-0.06193114	0.03943064	0.07204173	-0.04022030	0.06335944	-0.02045264	-0.01309462	0.05128698	0.13184422	0.02679031	0.14826543	0.23116852	-0.13559760	0.04985860	0.14492231	-0.02513308	-0.02935452	0.00831858	0.23757575	0.26765813	0.08400076	0.10912305	0.17107014	0.16567557	0.26552573	0.17579880	0.15010669	0.21454048	0.01833328	0.07528061	0.16672421	0.10998115	0.03456135	0.13851133	0.13380669	0.16616456	0.12646015	0.22651359	0.08510081	0.07546878	0.03866996	0.08760274	0.05053116	0.04757089	0.10738773	0.21677831	0.03520535	0.25076003	0.31824584	0.14749201	0.08449546	0.02373949	0.14369945	-0.04337969	-0.11660036	0.04469003	-0.04901375	-0.01413239	0.13790547	-0.03646117	0.02998426	0.18641044	0.08700577	0.13689369	0.10345931	0.19039525	0.15710128	0.29256119	0.11819149	0.25559462	0.11499151	0.13517517	0.12559928	0.21221676	0.18006827	0.07216702	0.16650109	0.04238474	0.22359366	0.07277816	0.19440055	-0.05794559	0.37713113	0.28546915	0.09037585	0.13961507	0.19617343	0.31670645	0.03720405	0.32035080	0.31751660	0.20045645	0.38580503	0.03002950	0.00842892	0.10889121	0.08296734	0.20283294	-0.08572517	-0.28166020	0.09257345	0.03531684	-0.19572600	0.00679789	-0.02596709	0.09512601	-0.07379254	-0.17332871	0.08906175	0.05999606	0.06771442	-0.00719927	0.01059134	-0.04156783	-0.05166556	0.26450140	0.08286851	0.19321069	0.10574639	0.14086617	0.16599481	0.00436527	0.05281945	0.09701060	0.12100062	-0.14667411	-0.19483290	0.18444675	-0.10582207	0.10384468	0.00695444	0.07950844	0.12728702	-0.08482827	-0.14093308	-0.18193311	-0.14607254	-0.10532590	-0.09648607	0.04460141	0.06293861	0.09008918	-0.08764590	-0.30391869	-0.09417802	-0.12161919	-0.18667070	-0.32214665	-0.19334042	-0.20192108	-0.16646421	-0.08968751	0.04009360	-0.15132422	-0.17850304	-0.17948221	-0.12861292	-0.15816338	-0.19004809	-0.05051534	-0.18904828	-0.05470731	-0.10033306	0.00952481	-0.17656388	-0.01305384	-0.20034333	-0.19662716	-0.16008599	-0.14306407	-0.15654397	-0.12219468	-0.13295930	-0.07370383	-0.06682678	0.00492620	-0.08576785	-0.12045765	-0.08640010	-0.14818284	-0.09254271	-0.04779320	0.19524255	-0.00606955	-0.13208419	-0.13257962	-0.02154399	-0.04393802	0.11232340	-0.07415898	0.10813719	-0.08465659	0.08416224	0.17426693	-0.06672633	-0.03824675	-0.04059986	-0.00309161	-0.08398375	-0.11690013	0.05064630	-0.05310985	0.01277502	-0.03183788	0.07515503	-0.01979535	-0.01015023	0.04045007	-0.04443144	0.06500582	0.03915784	0.07438558	-0.03812514	0.09528656	0.10788621	-0.00106327	0.10439824	0.05723163	-0.05476140	0.06714991	0.27541134	0.07767128	0.31415715	0.07847990	0.15788299	0.05577152	0.13648644	0.08909285	0.11214375	0.22623595	0.08670754	0.02425076	0.07101516	0.05184191	0.15362902	0.13798258	0.11735990	-0.04545827	0.27596620	0.22547373	0.19599803	0.13156042	0.10000268	0.37748992	-0.03844455	0.26365387	0.17573585	0.25366423	0.28737539	0.15477895	0.14249371	0.25631011	0.27397922	0.02339564	0.05454760	0.01277474	0.16246195	-0.02912790	0.00020571	0.13109353	0.16962907	0.19737843	0.13210769	0.12900201	0.23866553	0.16066697	0.19470539	0.29686500	0.05797191	0.18434943	0.23556709	0.22355036	0.09618284	0.30137868	0.11395004	-0.04129988	0.37283874	0.23326515	0.29714718	0.81051076	0.37044832	0.33898259	0.00317513	0.11411414	0.29307642	0.19432488	0.25714547	0.19755315	0.34029905	0.10834362	0.32627144	0.08630119	0.29159777	0.20566291	0.41570136	0.23550767	0.15685441	0.00642641	0.16211330	0.17031658	0.13082205	0.06751671	0.23745214	-0.04978180	-0.06065067	-0.15782945	0.11703342	0.15503023	0.14490560	-0.04363729	0.09384868	-0.01171054	-0.09033587	-0.01879532	0.13251610	0.08927808	-0.04190884	-0.02447654	-0.06727814	0.27341324	0.21688678	0.00500339	0.18039515	-0.06777573	-0.05406020	-0.17962917	-0.12943912	0.08693135	-0.07785088	0.16747338	-0.13109412	0.15450379	-0.14627436	-0.06029475	0.17062180	-0.00256685	0.11900160	-0.13898130	-0.16296807	-0.07680495	-0.10960530	-0.01956396	0.08038462	-0.06802728	-0.18560919	-0.06976509	-0.05074360	-0.16648992	-0.10512571	0.15981515	-0.05809158	-0.05464881	-0.18843168	-0.24231011	-0.12675127	-0.12734712	-0.13758863	-0.15710593	-0.13435314	-0.17933453	-0.05659798	-0.19497969	-0.06434243	-0.03076723	-0.14119590	-0.13423727	-0.06397137	-0.10928594	0.04499714	-0.06391208	-0.08191983	-0.05662125	-0.03339897	-0.17791934	-0.11273148	-0.05718686	-0.10981366	-0.09099151	0.11410243	0.03177310	0.11442774	-0.10121579	-0.09300346	0.07296372	0.03674674	0.10936617	0.10687555	0.25057848	0.18061339	-0.04546827	0.09017847	-0.08383195	0.28056188	-0.13744306	0.08515744	-0.09931240	-0.09959964	-0.00148842	-0.01768995	0.01949268	-0.14910898	-0.12562424	0.10431964	-0.08984386	-0.04879620	-0.14446626	0.07045307	0.15536067	0.06619486	-0.01166339	0.03744001	-0.04279739	-0.00353832	-0.03195053	0.02183693	0.06608636	0.09868506	-0.03613058	-0.04057539	-0.10462754	0.07450915	-0.05481642	-0.08194448	0.08241014	0.20284560	0.04806178	0.08050300	0.01477720	-0.03974413	0.04562839	0.00426707	0.16800475	0.03707993	-0.03246819	0.03714312	0.01036815	0.06595209	0.00673746	0.02662667	0.03996605	-0.08451470	-0.01843758	-0.03700013	0.03991000	0.04061697	0.00612457	-0.09247717	-0.05790669	0.07304224	-0.03311662	0.00884100	-0.00114020	-0.00417931	-0.03588089	0.03116149	0.00624863	-0.05420884	0.01793291	0.00746924
17Networks_RH_SalVentAttnA_ParOper_2	0.07750956	0.17787440	0.10933806	0.14952765	0.05966084	-0.13691579	0.11499570	0.06675993	-0.13226323	0.05755548	0.03292071	0.02033195	0.14359841	0.25496201	0.18557957	0.24320588	0.25746450	0.05476937	0.25193716	0.23422094	0.21480848	0.16004616	0.19177178	0.39599166	0.24547514	0.10987646	0.10983184	0.20172931	0.09044511	0.24144751	0.06114328	-0.03928524	0.13885977	-0.01306697	0.05765489	0.17340469	0.00752720	0.06708522	0.14257781	0.09967952	0.13992465	0.24358693	0.21119909	0.19989520	0.24658755	0.16319852	0.25335986	0.13048551	0.01530168	0.24935828	0.31122900	0.02365112	0.34311767	0.44731520	0.29160418	0.12328173	0.08925875	-0.00649572	-0.00526826	-0.05161006	0.04722179	0.02379154	0.06212271	0.09870793	-0.00622269	-0.10289722	0.23017547	0.10816662	0.11529488	0.12448228	0.20969508	0.21709174	0.37505943	0.20249578	0.23741432	0.12108354	0.09485557	0.16368487	0.37649460	0.39112220	0.16856344	0.06980747	0.05478722	0.36984451	0.04889319	0.42874603	-0.11537488	0.27649178	0.37824541	0.20194143	0.09782507	0.25161745	0.41247792	0.08994864	0.24797428	0.36987253	0.29340101	0.34027394	0.04101307	0.07094526	0.11723917	0.11098305	0.19137934	0.02918829	-0.23542867	0.03883051	0.11198945	-0.10618064	-0.00788538	-0.04511534	-0.03844948	-0.15276244	-0.14299234	0.01525806	-0.01704103	-0.03974374	0.03062958	0.01477588	-0.07302336	-0.03745412	0.33670264	-0.04377153	0.12989570	0.08788818	0.09780709	0.19601852	0.12011732	0.02772913	0.02696205	0.11953981	-0.14211946	-0.15368147	0.17084230	-0.06759182	0.15785698	-0.09664204	0.01823291	0.16715642	-0.07208200	-0.11923047	-0.12917913	-0.04391629	-0.07857299	-0.08982368	0.04893816	0.03023851	0.02703911	-0.14559572	-0.27429646	-0.07282952	-0.01870281	-0.13873739	-0.25391503	-0.16180582	-0.17666503	-0.13342095	-0.14201088	0.08618368	-0.10856964	-0.18349041	-0.17029680	-0.17057546	-0.09492439	-0.19265867	-0.09424453	-0.18150070	-0.14159683	-0.13787092	-0.04678033	-0.26571509	-0.03733813	-0.27583541	-0.17572348	-0.19379270	-0.08693847	-0.05703771	-0.03483455	-0.06018644	-0.01738779	0.06025489	-0.02525988	-0.03249882	-0.18949220	-0.10313026	-0.20782738	-0.15091932	-0.07638809	0.21039816	0.11513969	-0.02049614	-0.03166475	0.04592854	0.10858569	0.13680050	-0.10752523	0.06598794	-0.05708247	-0.00441332	0.07043051	-0.13707907	0.03582851	0.05541413	0.15987886	0.04345249	-0.04890393	0.13156158	-0.01622450	0.00301958	-0.09865088	0.05584340	0.01326045	0.10156181	0.10497944	0.08760609	0.22624404	0.16084644	0.16994993	0.17964621	0.11299925	0.26186099	0.24788194	0.26289693	0.20259182	0.09722592	0.12339886	0.25392013	0.05369170	0.21325423	0.04511570	0.07240836	0.08472032	0.18760166	0.02113032	0.01422784	0.28600802	0.11344711	0.09265510	0.13040864	0.15524096	0.13142714	0.21755244	0.22930448	-0.00644717	0.37585110	0.38720471	0.29816217	0.28659051	0.14795148	0.44194918	0.07362901	0.41826894	0.34305039	0.27657179	0.42583053	0.29223041	0.19049539	0.22710439	0.21851794	0.08274772	0.10029233	0.09246185	0.14529131	-0.17321340	0.09538748	0.18330420	0.12436865	0.21871093	0.13328303	0.19804561	0.30408557	0.21820086	0.27814048	0.37719956	0.18562460	0.37212079	0.32628830	0.30175750	0.04940983	0.39691612	0.26683711	0.02667128	0.34201233	0.28713994	0.24783231	0.37044832	0.80994221	0.37213747	0.01580417	0.06356647	0.34174738	0.31774534	0.30635826	0.27004359	0.35377367	-0.00659390	0.40720614	0.16543611	0.35463197	0.24380057	0.42091831	0.23726117	0.12755681	-0.04944168	0.01932073	0.14178988	0.09169561	-0.08558422	0.19415355	-0.17615573	-0.07950716	-0.16637607	0.11191415	-0.03598953	0.11503289	-0.19424010	0.09476201	0.00519004	-0.17081352	-0.00727782	0.05241715	0.02526167	0.00357765	-0.04935666	-0.04160808	0.25266515	0.20603154	0.08856518	0.19577390	-0.09006700	-0.08171469	-0.22011131	-0.05928575	0.11730528	-0.25828255	0.19629820	-0.05704667	0.13146112	-0.16563401	-0.11379492	0.15989659	0.13629689	0.17064384	-0.10860075	-0.23600481	-0.11548401	-0.17790529	-0.10575099	0.03364560	-0.11171942	-0.15134546	0.01584454	0.00020238	-0.16337667	-0.11281435	0.16576453	-0.07778692	-0.01421270	-0.19221782	-0.24673077	-0.12790293	-0.10660323	-0.14195946	-0.17420653	-0.15611956	-0.23720174	-0.10304805	-0.24660150	-0.18389772	-0.15736479	-0.18514538	-0.18055352	-0.07511402	-0.06578476	-0.07431725	-0.22053532	-0.16785826	-0.11524711	-0.23148463	-0.20107955	-0.16438448	-0.09710919	-0.20721717	-0.24387491	-0.13353141	-0.01391075	0.16565151	0.02733255	0.01300435	0.19035796	0.06656077	-0.05036477	-0.09807837	0.06422105	0.07400182	-0.28476005	0.05546522	-0.23364124	0.11365656	-0.24348478	-0.15250830	-0.13177015	0.01133298	0.04190122	-0.01741874	0.10489197	-0.17520504	-0.07518304	0.08820217	-0.07518997	-0.08742455	-0.10079101	-0.03305381	-0.00070284	0.12181838	0.00740240	0.00266228	-0.00281730	-0.02608956	-0.02184567	-0.01372808	0.11544924	-0.09181348	-0.08195670	-0.07786425	-0.15244749	-0.06785531	0.06777069	0.01159149	-0.08713870	0.08216359	-0.01979430	0.00028852	0.13332980	0.06006401	0.05974055	0.03330523	0.12148180	0.17187623	0.11905022	0.08011529	-0.00186652	0.13138900	0.10237620	0.07549599	0.01953533	-0.01810401	-0.05645136	0.03405492	0.18269967	0.09504196	0.13180734	0.07550665	0.07010946	0.14571291	0.18181634	0.08656491	0.12675932	0.07429309	0.09948492	0.09547609	0.08011583	-0.00712513	0.05945281	0.06858448
17Networks_RH_SalVentAttnA_ParOper_3	-0.02842379	0.04768463	-0.03142962	-0.00205504	-0.00418464	-0.13485063	-0.04882572	0.06507428	-0.14579628	-0.01599670	-0.04763469	-0.04150766	0.00674051	0.09956548	-0.00982068	0.12482425	0.26479680	-0.13640321	0.18826108	0.19241562	0.09100673	0.00239022	0.08427567	0.18586049	0.14749933	0.10201016	0.03564307	0.19479594	0.03568950	0.20195832	0.08582701	0.10093721	0.16649336	0.02936925	0.00977223	0.21611728	0.02606908	-0.08341989	-0.00210420	0.17477172	0.00398210	-0.00109115	0.19479411	-0.01268514	0.04869971	-0.02134725	0.04935303	-0.04993128	-0.05968566	-0.02487229	0.25248687	0.04232539	0.23811661	0.35735323	0.12336093	0.15961285	0.04264471	0.08696871	-0.05423493	-0.11940506	-0.04204416	-0.07760925	0.02847617	0.11221134	-0.05739992	-0.00190319	0.27040379	0.16489525	0.15114831	0.13150950	0.29369843	0.16407854	0.44067045	0.22347334	0.37993274	0.23745698	0.13628653	0.08142202	0.16223099	0.18768834	-0.01256030	0.09004822	0.08128386	0.25917965	0.14983714	0.11953314	-0.09220972	0.41774748	0.28317845	0.00672037	0.13239717	0.20524509	0.21803682	0.09894912	0.25770065	0.34342306	0.07819187	0.27381612	-0.02445667	0.00602786	0.28456513	0.21097151	0.31089936	-0.03554362	-0.23915064	0.16180485	0.10459863	-0.10958873	-0.05410317	-0.11302642	-0.00455431	-0.18128613	-0.24995999	0.06176369	0.03041697	-0.05803525	0.02476460	-0.08487827	0.01415261	-0.05664836	0.29219707	0.02610859	0.30870617	0.20085728	0.22759736	0.25681113	0.03893792	0.06803487	0.18658663	0.25619977	-0.24554919	-0.07267458	0.17952568	-0.14810337	0.09027741	0.00725795	0.17048102	0.26191420	-0.18078387	-0.13999367	-0.22590977	0.00048297	-0.17568684	-0.03880494	-0.01928837	-0.04453526	0.07836848	-0.10967923	-0.41163826	-0.10402131	-0.14306669	-0.08798179	-0.40245573	-0.34950683	-0.39171163	-0.27665868	-0.12720029	-0.02385593	-0.34390356	-0.30393587	-0.34669180	-0.34073845	-0.31698509	-0.26047380	-0.09452114	-0.18394173	-0.16859387	-0.24820243	-0.11228608	-0.31068466	-0.11279284	-0.30115428	-0.28110246	-0.24122564	-0.28629780	-0.23083048	-0.06973691	-0.13092944	-0.05825527	0.01475969	-0.06585638	-0.08908117	-0.26404612	-0.21236523	-0.31769363	-0.22342154	-0.17056534	0.15721806	0.00150537	-0.22818781	-0.21574785	-0.04525077	-0.12096808	0.07116714	-0.12435218	-0.00570359	-0.13430908	0.03078299	0.03718644	-0.18837816	-0.02905244	-0.00118642	-0.00625362	-0.15283072	-0.11602304	0.06882695	-0.17045796	0.08674547	-0.04567116	0.05949334	-0.03038315	-0.05520912	-0.00212461	0.10790371	0.09502360	0.01408411	0.05952032	0.05976182	0.05271664	0.14339951	0.10012313	0.23242770	0.01977107	0.12217253	0.06560255	0.16317520	0.01663661	0.17771566	-0.05740088	0.07836263	-0.02627932	0.03546914	-0.03285965	0.02208274	0.24000225	-0.01531999	-0.01396308	-0.09682591	-0.08136429	0.14284693	0.05583373	0.06535487	-0.06043751	0.20620890	0.20870781	0.05785253	0.10196417	-0.05335145	0.26340271	-0.01411858	0.16926027	0.15959738	0.01395078	0.18569102	0.16230652	0.36473672	0.24873444	0.25935653	0.13215425	0.04578586	0.04916317	0.07764189	-0.30668372	-0.00012724	0.12648191	0.19682034	0.19687692	0.12517858	0.21598000	0.30253942	0.12939701	0.25601384	0.37047222	0.14058311	0.45650171	0.43002911	0.30852227	0.03246926	0.26815341	0.01323715	-0.15937320	0.20202530	0.33248801	0.32448875	0.33898259	0.37213747	0.82306440	0.16381543	-0.07603845	0.30375657	0.07312287	0.21085961	0.24829211	0.22638284	0.25947810	0.22867162	-0.03334637	0.32165638	0.34506024	0.35595281	0.23332952	0.19438281	-0.07402553	0.32777094	0.39611822	0.27983877	0.01198188	0.18739891	-0.09129730	0.11232396	-0.18491159	0.11653400	0.11431880	0.07328796	-0.13807207	0.14497918	-0.09957877	-0.22121071	-0.04599123	0.02574450	0.08600001	-0.13971257	-0.01712979	-0.08870569	0.30294236	0.41963361	0.22409416	0.29366925	-0.19076568	-0.00526292	-0.11273449	-0.02195294	0.20117873	-0.17537784	0.11652336	-0.08327996	0.18095931	-0.05778352	0.09434913	0.41876691	0.28010019	0.19382631	-0.03909815	-0.11264737	-0.18870617	-0.22620491	0.01623304	0.20806278	-0.20304178	-0.01930954	0.00007912	0.11623296	-0.39946254	-0.18884411	0.15885172	-0.12521777	0.11275147	-0.27552550	-0.29916064	-0.06199192	-0.28794513	-0.32334856	-0.38501576	-0.33945950	-0.12782882	-0.01993163	-0.34498702	-0.26238908	-0.32398041	-0.21396862	-0.36518583	-0.10710781	-0.16470695	-0.04641632	-0.25709860	-0.10119211	-0.17377359	-0.10478838	-0.20239444	-0.13085337	0.07525312	-0.20723084	-0.22964542	0.02223575	-0.14722023	0.10655219	-0.09137127	-0.14540390	0.05245848	0.06356039	-0.03225689	-0.22665332	0.05058773	0.02176284	-0.27830461	0.15269538	-0.24458275	0.00125445	-0.24447583	0.05234289	-0.16828570	-0.05507137	-0.09358002	-0.06624139	0.07085799	-0.12144813	-0.11796006	0.15227466	-0.10583615	-0.04222696	-0.15223294	-0.05165284	-0.00695726	-0.03824154	0.08406023	-0.00174546	-0.06294664	-0.11361331	-0.04874324	-0.09673395	0.00845641	0.02160082	-0.04250560	-0.04886924	-0.12345309	0.16661613	-0.02378723	-0.05165910	-0.01792703	0.09698982	0.10828959	0.05139578	-0.06893293	-0.01541687	-0.02766628	-0.08169794	0.15046135	-0.01239699	-0.00272648	-0.01419316	-0.09762574	-0.01287893	-0.04698659	-0.06313206	-0.12681318	-0.18520019	-0.19011406	-0.16715283	0.05137952	0.01728409	0.05345042	-0.06918438	-0.01807725	0.00617552	0.11944138	0.02836920	0.03738814	-0.00560437	-0.09015510	-0.08615730	-0.06192857	-0.14856553	-0.10228121	-0.09788331
17Networks_RH_SalVentAttnA_PrC_1	0.13475471	0.16511853	0.16692835	0.20825793	-0.07408883	0.05462101	0.05397996	0.16935130	0.06811731	0.13201190	0.05710949	0.07194023	0.09612291	0.18018992	0.20898528	0.01703681	0.09896017	0.05174899	0.12712024	0.18619334	0.13528133	0.12555514	0.13210197	0.10767021	0.12332183	0.09292484	0.06471810	0.19403465	0.07116308	0.11798592	0.08657983	0.10938271	0.12595395	0.15416007	0.09074932	0.21620789	0.08997645	0.02399209	0.11359028	0.13795116	0.03216329	0.15022770	0.04151386	0.05318732	-0.00610027	0.00025332	0.04806768	-0.15329691	0.12055977	-0.03365065	0.09172246	0.12156161	0.00908377	0.12926148	0.07702333	0.07507456	0.19084525	0.02175201	0.07506447	0.28041607	0.15540324	0.17324286	0.11062471	0.01969724	0.13136995	0.14889658	0.16620779	0.21528301	0.19240470	0.07551190	0.13337355	0.13150274	0.21056668	0.16228206	0.17107554	0.13254925	0.09877602	0.10941101	-0.00376853	0.11922454	0.07308476	0.19340714	0.21216172	0.07054013	0.29867566	-0.08380325	0.13868731	0.08325734	0.11428555	-0.03543126	0.27287669	0.07559617	0.05579612	0.29753335	0.07081834	0.13490845	0.15019300	0.08745805	0.31625818	0.14155861	0.20204712	0.18801498	0.12762163	0.10368544	0.19597417	0.09013722	0.19122760	0.31974094	-0.05305974	0.20473731	-0.00964014	-0.10164318	0.05254042	-0.06291951	-0.02249513	-0.15570347	-0.08397694	-0.02589788	0.02722757	-0.07494711	0.07128203	0.25435980	0.24295683	0.29787280	0.12500120	0.26537032	0.24471385	0.29410038	0.18798106	0.32509479	0.27393708	0.26406038	0.17143315	0.23406171	0.20026928	0.25750222	0.30402910	0.18733758	-0.04223616	0.31719801	0.16439217	0.20420066	0.20029909	0.16535820	0.17222290	-0.01788439	0.14648400	0.09827825	0.03491470	0.17185242	0.11888442	0.21413691	0.09204803	-0.00904201	-0.03300252	0.00762802	0.17101991	0.06287305	-0.03658023	0.03349584	0.05929991	-0.04056673	0.03454075	0.11652285	0.17960874	0.19201025	-0.05153459	-0.06618954	0.01515236	0.00872769	0.16296741	0.16534982	-0.00291427	0.05864949	0.05429817	0.07396696	0.10060837	0.19156106	0.14425904	0.19839822	0.03352050	0.14651927	0.08706458	0.07382971	0.07637698	0.09944346	0.17273240	0.18278799	0.10882947	-0.01910312	-0.01698352	0.10007915	0.13995262	0.04443559	0.23730461	0.28548715	0.17484995	0.10317619	0.00818737	0.06675720	0.10796642	0.25504354	0.18451038	0.15947201	0.08880415	0.14743648	0.12027374	0.19078166	0.13628238	0.19159352	0.14469806	0.11724178	0.16973891	0.10455903	0.17117037	0.03195460	0.08488076	0.16859989	0.09638826	0.12461454	0.18533119	0.23322404	0.08668821	0.16794909	0.02211402	0.13534149	0.05130559	0.05181120	0.05158407	0.02015549	0.12786715	0.01855414	0.00251605	0.05465925	0.07434619	0.07074053	0.06784660	-0.01924166	0.03629706	0.07267936	0.13684065	0.12510236	0.09621669	0.04925637	0.03149707	0.05190044	0.07601040	-0.05279439	0.00195850	-0.05011181	0.05984186	0.06279521	-0.13656811	-0.00570573	0.14352091	0.37434962	0.14065829	0.15189976	0.20080604	0.21196951	0.16086461	0.16779011	0.02426360	0.04002454	0.11286289	0.21198998	0.15813650	0.05143570	0.08460969	0.10522298	-0.07331600	-0.02008901	0.13255746	0.16970367	0.21156701	0.15021380	0.07590228	0.01063998	-0.00082387	-0.04513849	-0.02180438	0.05902102	0.20417963	0.17301417	0.00317513	0.01580417	0.16381543	0.86203788	0.06911180	-0.00681174	0.05383712	0.02014019	0.01171690	0.02527360	0.28251243	0.01807100	0.00544348	0.03049887	0.41124922	0.03736157	0.03738360	0.28213876	0.08170630	0.22098377	0.36579910	0.26157218	0.08810652	0.10306236	0.18208994	0.28722817	0.19477383	0.31999859	0.09987361	0.06086928	0.04362519	0.19725872	-0.09965581	-0.02417111	-0.00285055	-0.03449975	0.10343833	-0.04653335	0.09860276	0.06413003	0.20036049	0.14256605	0.34013860	0.16817760	0.22428204	0.44581473	0.46489024	0.27219013	0.41144774	0.22054796	0.21571094	0.21194025	0.32656095	0.25471166	0.32535361	0.22437432	0.26245664	0.17900535	0.23197719	0.34543084	0.22700893	0.11566440	0.29510885	0.27179406	0.17180512	0.39161891	0.09070299	0.33430818	0.10429589	0.03138270	0.08007793	-0.01664072	0.23510125	0.07870778	0.16309139	0.32618284	0.03778562	0.06140267	0.00975396	0.06538910	0.22155866	0.09079651	0.02115197	0.10134759	0.03822231	0.15650671	0.03997301	0.21544838	0.07521535	0.26735576	0.16486368	0.11796776	0.13041329	0.13933905	0.24635706	0.24112490	0.27532139	0.20358404	0.23717318	0.17903089	0.08011789	0.15102732	0.10269205	0.03070770	0.10828007	0.08005191	0.01321226	-0.03906401	0.09672214	0.07022249	0.11541076	0.14706609	0.17675485	0.14104707	0.18525963	0.13260649	-0.04727286	-0.02460108	-0.00636860	-0.05877855	0.12895708	-0.05191390	0.10311557	0.04923776	-0.02174992	0.01592788	-0.14103741	0.04771927	0.01068583	-0.03066573	0.22979613	0.13038317	0.01289152	-0.07007285	0.01706378	0.08353223	0.02873286	-0.02921688	0.14366072	0.17401497	0.00848557	-0.00139423	-0.10193419	-0.11430011	0.06569281	0.05147400	0.23849750	0.13597539	0.04478721	0.17614309	0.02342642	0.01224970	0.25050231	0.10622824	0.08962656	0.05062602	0.14395346	0.26859300	0.20956189	0.23849083	0.20062409	0.14814640	-0.00704793	0.22182244	0.07602007	0.11355720	0.07493492	0.16137737	-0.00473832	0.19809808	0.12873232	0.10764711	0.15490388	0.12857455	0.16037129	0.10828293	0.07924635	0.02544351	0.04670823	0.06288271
17Networks_RH_SalVentAttnA_Ins_1	0.13864463	0.20486440	0.07765213	0.05588362	-0.15665949	0.11719066	0.01092517	0.11559636	0.03990693	0.25228913	0.13927461	0.17239343	0.23007738	0.17464555	0.24030423	0.16383731	0.13046486	0.19504775	0.15047676	0.22491959	0.19408323	0.22023454	0.16199542	0.31364410	0.16350175	0.00804073	0.14605992	0.15766929	0.08214909	0.11546385	0.13718291	-0.05929396	0.06988135	0.05340785	0.13460477	0.10915911	0.09871234	0.06678699	0.13175878	-0.07780385	0.13319418	0.22894360	0.06975067	0.21834548	0.13867938	0.14277874	0.11124009	0.06800447	0.16301298	0.10558873	0.02627121	-0.03876443	0.13763314	-0.00380616	0.08907107	-0.04376118	0.13295826	-0.08973053	0.17732837	0.03732269	0.22043172	0.02780491	-0.04613847	0.03259748	0.11423166	0.03441400	0.03529204	0.09804338	0.07999898	-0.00955292	0.04604232	0.04427973	-0.07836985	-0.10415513	-0.18178015	-0.09094435	0.00627351	0.17459385	0.14155774	0.02279550	0.04932056	0.11499275	-0.05157174	0.10848113	-0.00145503	0.11866944	0.15075457	-0.01025139	0.21161603	0.20236566	0.05417995	0.09740552	0.19004901	0.04543552	0.14450286	0.14919226	0.30936035	0.08299837	0.22471245	0.07398369	-0.04387803	0.16241022	-0.05349267	0.00202919	0.17396263	0.02202678	0.08505424	0.21887616	0.07969421	0.32518390	0.17460127	0.13294095	0.21679908	0.14236767	0.18734607	0.03372736	-0.10573065	0.04428110	0.02662514	0.11200007	0.01763725	0.13023905	-0.02628237	0.10884284	-0.10140753	0.01919794	0.09194715	0.17228797	-0.02274023	-0.13826027	0.19903429	0.11332225	0.07138721	0.13251090	0.11709299	0.17144323	0.10258800	0.01450049	0.06803866	0.16029079	0.21887701	0.17223757	0.35560724	0.07943788	0.14104018	0.07593787	0.02550752	0.05935425	0.14251397	0.14607477	0.07192083	0.11489052	0.08920022	0.18294677	0.19621943	0.19681480	0.11540562	0.24394887	0.16063696	0.15325248	0.20897050	0.19096122	0.20261275	0.22742178	0.17727180	0.21561670	0.16104403	0.14071525	0.25851768	0.14317159	0.31962241	0.26244736	0.08473195	0.21714295	0.17381223	0.18006297	0.21595749	0.05145702	0.02968441	0.12011226	0.27901875	0.27567092	0.23447107	0.09025843	0.30649554	0.32535094	0.32439945	0.07589939	0.11178549	0.20555977	0.04615775	0.17491210	0.22908515	0.13067904	0.16050269	0.20097398	0.31174910	0.10730822	0.16976886	0.08634163	0.14631083	0.13375279	0.28471646	0.19096091	-0.06459831	-0.06658651	0.22289632	0.03229812	0.05310344	0.09746803	0.18959157	0.28221428	0.33797643	0.18457218	0.16080223	0.12750468	0.20959232	0.24034484	0.26378221	0.26884387	0.23864848	0.19509706	0.23495673	-0.05279721	-0.03253812	0.11514381	0.12658140	0.06026343	0.12120985	0.03939162	0.18192108	0.12579680	0.11850675	0.05963421	0.09247821	0.05018961	0.09688221	0.13779216	0.23158620	0.10988859	0.01521190	0.07466091	-0.09652775	0.37943383	0.22118297	0.17176296	0.16727629	0.26748572	0.05425276	0.04185628	0.15113306	0.01711322	0.18265615	0.02630658	0.05870555	-0.11889980	-0.02856903	-0.04684137	0.12492164	0.21850630	0.08946774	0.09615535	0.06373915	0.25062799	0.26648050	0.20845642	0.11749913	0.17684103	0.09020294	0.04674499	0.09307494	0.01204115	0.03418206	0.00492740	-0.09606301	-0.00316610	-0.09394400	0.17466414	0.07479170	0.18819658	0.00396165	0.16658907	0.01986648	0.03528688	0.11411414	0.06356647	-0.07603845	0.06911180	1.03977949	0.10645642	0.34948598	0.05416741	0.04495069	0.20769409	0.02657537	0.17970646	0.23976660	0.06879045	0.03738833	0.03768345	0.12817846	0.10132978	0.08541373	-0.09993334	0.05682567	0.09947446	0.16584697	0.10341961	0.15645147	0.00518679	0.16238753	0.25756243	0.03904391	0.22590676	0.10963653	0.16999342	0.17062627	0.09151882	0.09973661	0.21071473	-0.05506521	0.22226430	0.03536341	0.20941155	0.03544748	-0.17243244	-0.05086692	0.02462658	0.16081870	0.14772835	0.11286682	0.03332447	-0.07032805	0.11082585	0.12445362	0.17173844	0.12197107	0.16209064	0.06745639	-0.12853757	-0.11952840	0.05546406	0.07290817	0.12451043	0.10991004	0.05558821	0.27077534	0.16341690	0.22438225	0.04294171	0.08266138	0.06894990	0.11913652	0.08017924	-0.06519772	0.07465535	0.05794082	0.21294011	0.08656499	0.02888779	0.14147804	0.11109326	0.15722342	0.14109468	0.03491735	0.21602192	0.07951404	0.07506524	0.06197736	0.16038646	0.12348409	0.12118928	0.10126302	0.32382720	0.20089816	0.20568418	0.00649777	0.11698099	0.06349088	0.12211044	0.02150904	0.31570133	0.25163961	0.23791966	0.00052854	-0.00686242	0.14177095	0.07452567	0.16728467	0.11309204	0.37260228	0.40472168	0.21032990	0.24609868	0.16510146	-0.06566675	0.11820100	0.18902583	0.08055482	0.02830483	0.12797440	0.06904560	0.06324020	0.09079548	0.21357353	-0.12511476	0.20415818	0.10811297	-0.00590101	0.02554115	0.08007631	0.05681936	0.10097507	0.07895689	0.26335796	0.29867456	0.19182735	-0.04703442	0.04142395	0.06831118	0.14275030	0.00215729	0.17720174	0.12731351	0.09869266	0.03045765	0.19001338	0.08540043	0.10584409	0.21766668	0.28273854	0.23320455	0.11281417	-0.05578024	0.05506011	0.04930660	0.14867126	0.11058008	0.03435311	0.12704546	0.08697324	0.16633840	0.16308482	0.14286291	0.15425216	0.20449294	0.23698480	0.22688937	0.20263369	0.23120863	0.06415089	0.01778290	0.05425402	0.15925637	-0.03700023	-0.00565205	0.09265215	0.10117652	0.25609081	0.12792727	0.20918315	0.20633388	0.22281589	0.29393121
17Networks_RH_SalVentAttnA_Ins_2	-0.13644529	-0.09122001	-0.03123765	-0.10648371	-0.08720639	-0.13554483	-0.03093653	-0.06930003	-0.19233249	-0.07946712	-0.12638576	-0.04141567	-0.05750415	0.02321522	-0.12699832	0.07904582	0.14315831	-0.16521580	0.10547899	0.17151571	-0.01344787	0.09348507	-0.01408743	0.24894159	0.20026765	0.02315719	-0.05986140	0.09064154	-0.04710918	0.09320037	0.13100087	0.02423423	0.06309302	0.01498435	-0.05923564	-0.01396625	-0.07395802	-0.18170364	-0.05493466	0.03470944	-0.00515237	0.00841379	0.06472712	0.08849727	0.05720316	-0.00948637	0.22235233	0.11703237	-0.05543174	0.16351504	0.20698673	-0.01818988	0.26864058	0.29760003	0.09164581	0.06371236	-0.12712809	0.01051930	-0.12246470	-0.20024540	-0.08988329	-0.27278484	-0.11675608	0.06198440	-0.12278954	-0.14979345	0.05534460	-0.02854359	0.00488996	0.01602411	0.09320785	-0.00760227	0.32243277	0.07929539	0.12036339	0.04555441	-0.00994916	0.00388018	0.14812102	0.08960089	-0.13814475	-0.08947102	-0.07028144	0.05947390	-0.07579765	0.18066504	-0.23285821	0.31998343	0.40737749	0.16396858	0.21981086	0.22002767	0.26394419	-0.01279452	0.34706491	0.31149297	0.15532308	0.26751269	0.01688989	-0.15549397	0.19526913	-0.00038760	0.19611644	0.24987546	-0.12696970	0.15140659	0.08636645	-0.08118954	0.08717835	-0.03557624	0.08049412	-0.01890643	-0.14908263	0.05332058	0.06409099	0.00659928	-0.05615606	-0.02389816	0.06600757	-0.05413332	0.09922364	-0.13496086	0.13786943	-0.03196188	0.00004831	0.04403633	-0.01738874	0.06342413	0.12298867	0.03134485	-0.22560115	-0.15732219	0.23801254	-0.08274781	0.03395218	-0.08617006	-0.02233278	-0.01166408	-0.19390516	-0.12963664	-0.13153698	-0.09334988	-0.19435517	0.07157984	0.04907241	-0.10660350	0.15507748	-0.00731763	-0.28472887	-0.13350666	-0.11904583	-0.18998044	-0.27588021	-0.22577450	-0.29280399	-0.10928781	0.01291011	0.12178120	-0.25240434	-0.20657947	-0.23520429	-0.16040363	-0.26617025	-0.22865970	-0.06760044	-0.13371246	-0.07565122	-0.16401508	-0.06828686	-0.31631374	-0.09975105	-0.28835602	-0.28479141	-0.26075020	-0.27333746	-0.24226922	-0.16792147	-0.15854335	-0.05422327	-0.07738259	-0.07933654	-0.19619397	-0.13916355	-0.03331145	-0.19245304	-0.17111101	-0.20207820	0.12413715	-0.04480453	-0.10426347	-0.08725277	-0.00134027	-0.04413874	0.08606017	-0.13007903	-0.03410840	-0.18990438	-0.02688103	-0.09973912	-0.19979148	-0.15374293	-0.14633152	-0.11432335	-0.11402457	-0.24363120	-0.00946621	-0.19464698	-0.05573836	-0.12260803	-0.09577223	-0.11908315	-0.10863363	-0.02627034	0.04651670	-0.04555790	-0.03665174	0.01951531	-0.02185270	0.05306585	0.13997162	0.00314510	0.23815132	0.03212613	-0.16059535	-0.03278426	0.11655033	0.01015128	0.22651207	-0.00680985	0.06397810	-0.00809067	0.05178298	0.01851280	0.09155010	0.06196860	-0.10426430	0.01498933	-0.04186655	-0.06687002	-0.04715984	-0.00799328	0.02302203	-0.05912804	0.33480010	0.33041757	0.22080436	0.17400795	0.09155396	0.26654786	0.08756375	0.19597886	0.17244306	0.17196004	0.22584974	0.09514861	0.17477035	0.08304645	0.07492927	0.03626934	-0.07064562	-0.18376627	0.00174408	-0.21005799	-0.06234076	-0.00506415	0.01502106	0.09512840	-0.05312327	-0.03108120	0.07129810	-0.02458788	0.05569951	0.15500555	0.01140236	0.18271792	0.17263384	0.12519983	0.02136919	0.13266981	-0.06312690	-0.19568289	0.11408157	0.06000847	0.12774000	0.29307642	0.34174738	0.30375657	-0.00681174	0.10645642	0.86578180	0.31222571	0.33803425	0.23752291	0.29418157	0.10552781	0.29718790	-0.02369230	0.33387784	0.24918729	0.30280063	0.21481577	0.01770732	-0.07878596	0.09898916	0.22035392	0.10354741	-0.01336679	0.09582375	0.02105302	0.09619389	-0.16867802	0.18128567	0.05902688	0.16129780	-0.11826142	0.05801296	0.04712289	-0.33091333	-0.00290153	-0.00475714	0.03735671	-0.11723053	-0.03877676	-0.18012885	0.06391395	0.23764643	0.03973057	0.04746207	-0.19671541	-0.04609069	-0.13280585	-0.07716040	0.08277518	-0.23662871	0.19006436	-0.08371336	0.08968958	-0.22580627	-0.09188582	0.18016578	0.02949324	0.08360906	-0.08142652	-0.12760026	-0.16951652	-0.13251856	-0.17235654	0.10344902	-0.10032590	-0.10348377	0.09330719	0.09211192	-0.19733200	-0.13308031	-0.02157570	-0.03567495	0.09495465	-0.26618785	-0.20793246	-0.13684135	-0.24008563	-0.27237301	-0.26982306	-0.26407758	-0.04099106	-0.03368558	-0.22669801	-0.20724380	-0.19610759	-0.18661721	-0.32481747	-0.25081527	-0.03206475	0.00844152	-0.12679827	-0.13646065	-0.23660880	-0.15891269	-0.27757866	-0.15260245	-0.12141282	-0.14999459	-0.12505307	0.04885760	-0.12319567	0.05130540	-0.12017595	-0.08348699	0.14674594	0.02452313	-0.01717754	-0.03477396	0.12485861	0.05172439	-0.18124900	0.12790644	-0.13041423	0.10530580	-0.27476812	-0.07505749	-0.22363257	-0.04698476	0.00876751	-0.03216020	0.00938087	-0.10775186	0.02911278	0.24527680	0.02422996	0.00527715	-0.05955629	-0.07301594	0.12933235	0.14914507	0.07725167	0.05264068	-0.11705072	-0.00516109	-0.11732223	0.04727303	0.12370569	-0.02961443	0.00461361	-0.04164736	0.04241574	0.16687153	0.00280703	-0.01625468	0.12581542	0.18626584	0.00861605	0.07030703	-0.06701813	-0.10279871	-0.01523304	-0.09449230	0.01460372	-0.01601374	-0.04913474	-0.12907551	-0.13930381	-0.05512811	-0.10295349	-0.12467720	-0.16460181	-0.21233660	-0.17882574	-0.16291418	-0.03266846	-0.03826904	0.01783088	-0.10839198	-0.04153740	0.00042310	-0.02759818	0.01950666	-0.06646266	-0.00791391	-0.14269046	-0.11789331	-0.11735341	-0.19597261	-0.10152674	-0.11232906
17Networks_RH_SalVentAttnA_Ins_3	-0.01785052	0.11835285	0.08379266	0.07238564	-0.09504308	0.00103507	0.08898518	0.04896313	-0.10918213	0.07894740	0.09474218	0.06378475	0.13575773	0.23684809	0.17122130	0.22169146	0.16313678	0.09880693	0.24872200	0.21876683	0.19858158	0.20739596	0.20309949	0.38803175	0.11319755	0.10832458	-0.02312468	0.14892576	0.03788146	0.17885631	-0.02213073	-0.09829638	0.01720952	-0.03289826	0.01742232	0.03359522	-0.05888743	-0.06345292	0.05235563	-0.04595912	0.09518923	0.20302539	0.06556454	0.18989010	0.24871596	0.12504982	0.19640238	0.09977442	0.06646817	0.31870965	0.16283579	0.03138899	0.29356067	0.24866733	0.12905357	0.03070319	0.01215239	-0.14671129	-0.00823396	-0.02851409	0.06618079	-0.04974563	-0.08947489	0.08325733	-0.06826244	-0.14561992	0.01552487	-0.01924870	0.01914203	-0.04109445	0.03087482	0.03372143	0.15030023	-0.01352167	-0.08597595	-0.07214125	0.01435116	0.09849178	0.21749843	0.15562975	0.12351054	-0.00727900	-0.03554883	0.17057477	-0.08251604	0.31760163	-0.13017182	0.13410646	0.28216439	0.29514616	0.13329438	0.22301646	0.29726934	0.07873163	0.17070095	0.28555811	0.24234908	0.16882448	0.04927009	0.00240391	0.06138991	0.02681313	0.06741138	0.11234978	-0.06661261	0.02516235	0.10830927	0.00865580	0.11069744	0.04079435	0.07948383	-0.02311774	0.05691802	0.07193151	0.13087104	0.04087699	0.05325524	0.04875269	0.03517812	-0.01503672	0.12467652	-0.08346052	0.03889155	-0.02804349	-0.08574279	0.05977299	0.07605994	0.10894159	0.01426942	-0.05612486	0.00997530	-0.08409784	0.11621178	0.03301357	0.10077625	-0.01623066	-0.04346855	-0.06832131	-0.03156421	0.04470343	0.10221569	0.04101030	0.04663809	0.01841376	0.12538905	-0.01306612	-0.00194013	-0.05796566	-0.09551689	0.00061770	0.01400645	0.01159520	-0.10009235	-0.06539134	-0.02717648	0.00277629	0.00074159	0.18372927	0.04282831	-0.07502916	-0.06379791	-0.03872800	-0.02352937	-0.00344635	0.01139970	-0.00335686	-0.06492829	-0.01374011	0.11493558	-0.15955066	0.09338135	-0.09642712	-0.10485897	-0.01009626	-0.02594932	0.00341023	0.02857264	0.02067346	-0.00105212	0.03939234	0.07304633	0.03985753	-0.08777108	-0.05144729	-0.00344648	0.01589783	0.06009944	0.07399495	0.04484961	0.00441494	-0.03250755	0.07961441	0.14014583	0.17874251	-0.03821028	0.10345511	0.06322680	0.08625071	0.06435865	-0.07911017	-0.00909069	-0.05580083	0.09768484	0.07911244	-0.08166282	0.07528964	0.05691357	-0.01490944	-0.04474339	0.00963451	0.04504097	0.14545612	0.12003247	0.10411371	0.16114036	0.06044535	0.16900741	0.19221151	0.14589303	0.25135315	0.19202481	0.24675930	0.18254816	-0.05514431	0.07510440	0.09639878	0.02887900	0.08292427	0.03976419	0.00186872	0.13045012	0.09801034	0.02968430	-0.00181893	0.09435019	0.04119779	0.06143941	0.12470094	0.19804866	0.02583791	0.10309005	0.15616615	-0.03799487	0.37371221	0.41830478	0.31740416	0.22448249	0.19962594	0.25964550	0.08165378	0.28787997	0.18580642	0.26749323	0.23609009	0.14364521	0.02378063	0.01016344	-0.05532397	-0.02062128	0.09216242	0.02000190	0.04953102	-0.02937072	0.08663695	0.06202361	0.01704055	0.11148631	-0.03291272	-0.03336368	0.05853711	0.04611149	0.00073209	0.16859747	0.07706770	0.02802461	0.07982540	0.02729895	0.05224789	0.14131182	0.16011617	-0.00046123	0.17865962	0.07229202	0.11494559	0.19432488	0.31774534	0.07312287	0.05383712	0.34948598	0.31222571	0.89922980	0.36148678	0.16263612	0.33585808	-0.02014315	0.32439056	0.16301444	0.20604063	0.13310586	0.16425545	0.08161797	0.10973078	-0.04430568	-0.04481648	0.11503660	0.07622046	0.02141503	0.04541661	-0.01775173	-0.08796036	-0.06603106	0.17688501	0.00956607	0.17905802	-0.04169189	0.12979878	0.02259600	-0.06721312	0.11518521	0.15668349	-0.09318187	0.16328615	-0.00062981	0.05717527	0.01045136	-0.03194162	-0.02002176	-0.01089349	0.01382591	0.04307718	-0.02036068	0.06795878	0.07010259	-0.15825353	0.18837510	0.09775427	0.07031875	-0.00149829	0.00100224	-0.00375380	-0.02231305	0.07557139	0.02389817	-0.03655254	-0.00990994	-0.09837020	0.05710803	0.08493918	0.09578218	-0.03322166	0.05797106	0.04332817	0.02709512	-0.00084739	0.00094540	0.00455094	-0.00399111	-0.00143137	-0.02225612	-0.03459161	-0.07034265	-0.03825153	-0.05350022	-0.03645563	-0.10535023	-0.02745682	-0.05407741	-0.08894341	-0.06301238	-0.03066697	-0.09192326	-0.00688400	-0.06227657	0.12137050	0.01463731	-0.06389108	-0.08368718	-0.11035194	-0.05175496	-0.04325018	-0.06895688	0.00522698	-0.06516473	-0.00495532	0.02319786	0.09842899	-0.00276128	-0.02092841	0.18591077	0.04397479	0.06397735	0.09905251	0.13839330	0.10350913	-0.09619526	0.01355765	-0.02402737	0.09583226	-0.10042251	-0.08420697	0.03575370	0.03533507	0.12087394	0.13700597	0.06296259	-0.14256647	0.04758717	0.10155449	0.00111028	-0.04978244	0.05605179	-0.04006375	-0.06036369	0.19790705	0.12594901	0.09399619	0.15493443	0.00556332	0.10379821	0.13288911	0.22633158	-0.09836859	-0.02201185	0.00371609	0.00676816	-0.01644204	0.06028267	-0.01422632	-0.03426227	0.10525804	0.14755818	0.12259134	0.08376144	-0.06761945	-0.03116047	-0.00752018	0.05192599	0.11141668	0.07731758	0.07584437	-0.01581576	0.11909290	0.05588968	0.06944204	0.04417823	0.04837248	0.03037549	0.12304021	0.11150800	0.12906695	0.02886843	0.01087670	0.03834185	0.16957060	0.02084373	-0.00123188	-0.03491024	0.06070928	0.09959846	0.09577283	0.06184108	0.04092907	0.10997254	0.17045387
17Networks_RH_SalVentAttnA_Ins_4	-0.17116397	-0.11478774	-0.08944191	-0.11678182	-0.05096184	0.02706051	-0.04791550	-0.04059159	-0.18664148	-0.09361521	-0.12238450	-0.14483407	0.05271608	0.02370741	-0.09496921	0.19575043	0.18054297	-0.22181291	0.15463029	0.12209636	0.06987120	0.09255551	0.09196703	0.33451506	0.15627113	-0.00617570	0.02499008	0.12531323	0.00127116	0.09685452	0.01699892	-0.10069116	-0.00397612	-0.06970526	0.03031075	-0.12610506	-0.04018472	-0.17532317	-0.10991342	-0.07880029	-0.00968926	0.06165385	-0.09244590	0.03429904	0.13952043	0.11833099	0.30367351	0.16011505	0.09464050	0.19380634	0.18530071	-0.07975509	0.10312931	0.26291008	0.21889137	0.00765588	0.00517390	-0.12685481	-0.10447052	-0.23571538	-0.13159543	-0.18107537	-0.01903752	0.04682071	-0.20058031	-0.17240161	-0.13394664	-0.17522951	-0.05898651	-0.01951398	-0.12204675	-0.19781599	0.31562503	0.03569932	0.14132503	0.02025839	-0.02450358	-0.06030570	0.06028273	0.02448888	0.00200794	-0.08901132	-0.14505265	0.11393900	-0.00995516	0.21608036	-0.30651983	0.21289534	0.37052403	0.24718642	0.15113820	0.29545769	0.32667320	-0.05834270	0.19202084	0.18666741	-0.00599164	0.21607435	-0.05718041	-0.20475900	0.14003134	-0.02789398	0.10139379	0.03015173	-0.16159760	0.07725920	0.16114523	-0.09241876	0.00614247	-0.09085236	0.00417340	-0.05480504	-0.01525232	0.03409753	0.02873115	0.08111695	0.06096519	-0.04970767	-0.02490332	-0.06066262	0.04735460	-0.14849386	0.02913323	-0.14896722	-0.05232790	0.03264818	-0.00306965	0.02728283	0.10718919	0.02563727	-0.16411624	-0.19616952	0.19836263	-0.11080855	-0.05780551	-0.13688779	-0.09472662	-0.03862954	-0.17792042	-0.10981593	-0.04836374	-0.05294600	-0.08782004	0.02236337	0.05048307	-0.17749598	0.04792959	-0.05719332	-0.24412774	-0.17648244	-0.11653931	-0.11621573	-0.25251067	-0.29521164	-0.20086494	-0.12060181	-0.06862573	0.06951236	-0.15474940	-0.28164011	-0.27400490	-0.18578920	-0.20397830	-0.19710063	-0.06315428	-0.13886435	-0.14546382	-0.19317927	-0.06697423	-0.25397102	-0.04213358	-0.20800666	-0.17581035	-0.16220257	-0.21934754	-0.16824681	-0.14504265	-0.15023860	-0.02990312	-0.11682196	-0.01204744	-0.10265897	-0.19303096	-0.12202251	-0.25545401	-0.23095950	-0.15092451	-0.06387228	-0.08531010	-0.22521203	-0.13478287	-0.12676892	0.02970813	0.25731594	-0.11147237	0.04251926	-0.09625888	0.10919817	0.04959988	-0.15492933	-0.13487824	-0.14996898	-0.06814662	-0.11296833	-0.21204523	0.09697493	-0.19055549	-0.04196294	-0.10639901	-0.04828612	-0.08507793	-0.10030769	0.00071757	0.06953818	-0.03730199	-0.08663035	0.15825987	-0.00318429	0.05742450	0.17004414	0.02577350	0.20952765	0.07678516	-0.14172402	-0.00994219	0.09734687	-0.03129430	0.10305061	-0.01586737	-0.03337386	-0.00903855	0.00661015	-0.04361642	0.03455407	-0.04183123	-0.12840679	-0.07779655	0.02324323	-0.03110644	-0.06952894	-0.01075166	0.02034998	-0.07204775	0.18543180	0.31490808	0.28226921	0.37493226	0.18073390	0.15868085	0.23078689	0.21112924	0.29035816	0.08741012	0.24283800	0.12026616	0.14491412	0.06718689	-0.04362704	-0.11247163	-0.10127505	-0.13882761	-0.10215165	-0.13853446	-0.03402191	-0.13047812	-0.02785837	0.02642334	-0.20577393	-0.17728171	0.11281004	-0.11981947	-0.11988350	0.10238504	0.09853230	0.19768610	0.04809565	0.10213301	-0.01521234	0.06341481	-0.06507724	-0.15618559	0.03218066	0.03059734	0.08701648	0.25714547	0.30635826	0.21085961	0.02014019	0.05416741	0.33803425	0.36148678	1.02730354	0.23072473	0.25317548	0.05622909	0.29320419	0.17161897	0.15701262	0.19624898	0.22010612	0.01760989	0.02201704	-0.08260063	0.03570527	0.23437355	0.04608606	0.00475755	-0.00987343	0.00046782	0.01073714	-0.11651966	0.11586426	-0.03996714	0.11200609	-0.17724953	0.06997303	-0.08563895	-0.21065531	0.05878146	0.06356009	-0.02802149	-0.00166690	-0.01522241	-0.05930753	0.03665476	0.10834104	-0.01706803	-0.00423770	-0.13443654	-0.02865811	-0.07172857	-0.04932191	0.15247005	-0.18169542	0.21019872	-0.06405783	0.07553737	-0.17148886	-0.03235237	0.11136887	0.06916937	-0.01231999	-0.04086917	-0.15431768	-0.14145236	-0.15312189	-0.10765672	0.00666509	-0.02628212	-0.04151795	-0.02429475	0.02453035	-0.17190688	-0.16335220	-0.12165350	-0.12456800	-0.06816431	-0.12818170	-0.15624282	-0.08265868	-0.18903157	-0.19929065	-0.25109905	-0.17895874	-0.14413692	-0.07891118	-0.18204442	-0.22315383	-0.14122660	-0.09813522	-0.27268661	-0.09221878	-0.10060990	-0.06187809	-0.15176752	-0.15368974	-0.18410389	-0.14442266	-0.17273352	-0.15164828	-0.05385586	-0.15955636	-0.17262609	-0.01789044	0.01182657	0.15893897	-0.14713549	-0.10637280	0.12372503	-0.04678057	-0.02306443	0.01124392	0.16175699	-0.01461873	-0.10379927	0.08852144	-0.11157231	0.23897570	-0.18590121	-0.05835831	-0.08285872	-0.09839878	0.04459343	0.03433943	-0.01451929	-0.11411513	-0.08738013	0.14991033	-0.11574065	-0.00401142	0.02604605	0.00919136	0.00614160	0.15717284	-0.05311993	-0.08694176	0.08565005	-0.01990991	0.08245744	0.01630492	0.12830626	0.03182659	-0.04714127	-0.08018019	-0.04111967	0.11225658	-0.06206898	0.01702866	-0.02520679	0.06940558	-0.03275186	0.01722639	-0.17016172	-0.21702345	-0.16239751	0.02033518	-0.03920444	-0.15883068	-0.19535448	-0.15172447	-0.22546625	-0.14582816	-0.21959608	-0.19588441	-0.21876004	-0.22704296	-0.17009052	-0.15336420	-0.11602766	-0.12959174	-0.06616995	-0.08406618	-0.12331063	-0.06145294	-0.12802563	-0.20692754	-0.26195207	-0.13365158	-0.22223632	-0.10980476	-0.16405984	-0.17141301	-0.14227653	-0.13743480
17Networks_RH_SalVentAttnA_FrOper_1	-0.08026847	-0.01491434	-0.02962067	-0.02359252	-0.00296130	-0.14761526	-0.05904086	0.01198547	-0.14040603	-0.00540723	-0.08748307	-0.02515416	0.08302768	0.00795601	-0.06976825	0.15295088	0.19528006	-0.14496117	0.13126840	0.10630433	0.00220603	0.02089615	0.02361120	0.27577556	0.13822180	0.16831086	0.13301377	0.14780021	0.08965159	0.10288568	0.06423697	-0.00892798	0.15917770	0.02474190	0.07304361	0.09717974	0.01609654	-0.03063022	0.07235794	0.07957119	0.14935107	0.16754667	0.16363628	0.04684932	0.18447193	0.01501919	0.10620559	0.20480504	-0.00453559	0.09016646	0.22529535	0.07939355	0.16131920	0.17765732	0.16947752	0.06701132	0.03747767	0.14474055	-0.03810680	-0.06092719	0.06235043	-0.02626370	0.01598731	0.05134408	-0.04065641	-0.11290884	0.02985787	0.02608959	0.00064817	-0.01383875	0.03386408	0.02987357	0.21360943	0.08559086	0.11535091	0.04034340	0.07918468	0.13594877	0.14470335	0.13687610	0.09042909	0.00561583	-0.11661183	0.13804073	-0.00624349	0.19327906	-0.12816537	0.10962239	0.25529276	0.08376029	0.13808314	0.37261482	0.22359985	-0.02414621	0.19865482	0.08837209	0.16044047	0.21518160	-0.02786309	0.08626622	0.02929985	0.01230550	0.06447807	0.05066054	-0.06491804	0.10239938	0.05375217	-0.04109125	-0.11311973	0.00282246	0.03101150	-0.13592841	-0.15404360	-0.07160703	-0.04860237	-0.10684128	0.02002841	-0.17698408	-0.08310010	-0.09064203	0.04718973	-0.01936512	-0.01292469	-0.03951097	-0.07606740	-0.02609473	-0.09167575	-0.03643854	-0.10561657	0.01547975	-0.11932108	-0.17608294	0.17246323	0.03687870	-0.03315005	-0.17856956	-0.12248173	-0.04556088	-0.03259806	-0.16627532	-0.13847772	-0.00594930	-0.12843874	-0.04138189	0.00482046	-0.08400251	-0.01958268	-0.08102011	-0.19849291	-0.23042052	-0.13660040	-0.13465701	-0.21809720	-0.19999575	-0.14142830	-0.17275418	-0.17231090	0.07949918	-0.16191115	-0.26571317	-0.17344742	-0.10756182	-0.18412855	-0.19475602	-0.12047534	-0.12139743	-0.09799505	-0.17170753	-0.13306105	-0.21109688	-0.19010363	-0.15136487	-0.08565372	-0.18931943	-0.09008635	-0.08481479	-0.09198623	-0.11395013	-0.01943423	0.02854523	-0.11344355	-0.07097889	-0.02765080	-0.03315338	-0.17713474	-0.07492044	0.02454954	0.04556302	0.01255244	-0.09034421	-0.08237165	-0.15895114	-0.01849634	-0.01020106	-0.00404809	0.13421360	-0.05349258	-0.06755016	0.15132590	-0.14164330	-0.01569646	-0.06576495	0.01059095	-0.01274062	-0.16418352	0.14657048	-0.16410883	-0.00453596	-0.18222603	-0.04826851	-0.13607839	-0.10556610	0.06296984	0.10658807	0.08290253	0.02774271	0.03115377	0.03615996	0.02052928	0.11122798	0.01450511	0.19734128	0.00533804	0.10960810	0.06561797	0.15953873	0.06652070	0.19562449	0.01700868	0.09772560	0.15650512	0.13815494	0.08217493	0.03373148	0.06822569	0.06208727	-0.03799839	0.12655333	0.18976260	0.13833460	0.14657326	0.08965291	0.01727584	0.08282889	0.19684108	0.25376374	0.21518356	0.16066444	0.20844279	0.17088344	0.18359851	0.19624589	0.20778680	0.23423992	0.21396044	0.17095694	0.09244578	0.14122098	0.10187467	0.00835553	-0.09621774	-0.03721911	-0.13535659	-0.03494867	-0.03636895	0.10459193	0.11464745	-0.03881165	-0.06588424	0.05035916	-0.01001428	0.02067763	0.06631651	0.00275196	0.12256515	0.07145339	0.12785280	0.04143172	0.11536895	0.03419137	-0.04519186	0.08951857	0.08571452	0.07668228	0.19755315	0.27004359	0.24829211	0.01171690	0.04495069	0.23752291	0.16263612	0.23072473	0.91267157	0.28699273	0.02276000	0.28228385	0.14887918	0.13993514	0.12191530	0.13082460	0.20319944	0.05935841	-0.01461210	-0.02103157	0.16586961	-0.02807428	-0.13773938	-0.00549771	0.06327620	0.17354121	-0.06793072	0.19918514	-0.02623442	0.03914493	-0.20168780	0.01282520	-0.02713654	-0.31082168	-0.18665236	-0.07943663	0.01129777	-0.15454628	-0.19680976	-0.12026658	0.10667494	0.03041976	-0.03842790	-0.01586776	-0.14176764	-0.02766048	-0.10161833	-0.09486986	0.16569660	-0.03147329	0.20447237	-0.18668610	0.04507021	-0.29057117	-0.21397969	-0.00819483	0.00494056	-0.00333319	-0.17614055	-0.18856481	-0.13502353	-0.16964273	-0.10799978	-0.00540604	-0.07544880	-0.17684930	-0.04109979	-0.03433609	-0.26275453	-0.21123742	-0.07734538	-0.02364482	-0.01015834	-0.25956007	-0.24765430	-0.15801740	-0.06563097	-0.10807048	-0.17478408	-0.17037544	-0.22107109	0.00162325	-0.20095383	-0.16594600	-0.19141356	-0.11463995	-0.17732978	-0.14760827	0.05920787	0.02696032	-0.16997342	-0.10984201	-0.07062158	-0.11429434	-0.10075129	-0.03848919	-0.10841251	-0.00598826	-0.03502002	0.10426045	-0.06805943	-0.10691047	-0.11365759	-0.07812306	-0.01205331	0.03736010	-0.03813937	0.03253912	0.10741210	0.03906737	-0.03172775	-0.01305358	-0.08401588	0.10537843	-0.17952466	-0.11213886	-0.24393982	-0.03903563	-0.15406550	-0.01814230	0.06651927	-0.21484714	-0.02735886	0.23413415	0.00404175	0.00462648	0.07664528	0.05504908	0.02725351	0.09428705	0.13167776	0.00134003	-0.11931311	0.01535977	-0.05329722	-0.04127981	0.04722383	0.09209943	-0.00111868	-0.02823507	0.09783391	0.07822830	0.02824868	0.03285950	0.03266332	0.09592413	-0.02007281	0.05108695	0.00641679	-0.03494872	0.11357223	0.05192250	-0.05628040	0.01926389	-0.03256906	-0.00105801	-0.16864953	-0.08139135	-0.08866257	-0.04783350	-0.09811976	-0.07048740	-0.19390441	-0.12190701	0.06096501	-0.01093788	0.16875239	0.09702678	-0.08579933	0.11351204	0.02120182	0.04676559	-0.00334251	-0.02930875	-0.02977735	-0.02090470	0.01790357	-0.05265698	-0.02077056	-0.09392502
17Networks_RH_SalVentAttnA_FrOper_2	0.01655948	0.07638817	0.08445540	0.07940807	-0.08175102	-0.08343128	-0.00257027	0.02894853	-0.04279168	0.08346974	0.05074939	0.02306866	0.09378828	0.19147199	0.10720608	0.25437862	0.14641261	-0.02894490	0.16849283	0.11959453	0.07998655	0.09320438	0.12727331	0.31322077	0.26598510	0.10095048	0.09807681	0.20889933	0.12332282	0.25593815	0.13182044	0.07013709	0.15546080	0.08110315	0.13848651	0.10618878	-0.00609177	0.07413803	0.15288482	0.10036803	0.13924651	0.31302737	0.14092238	0.21905302	0.22657230	0.10965014	0.14389091	0.13211991	-0.00076685	0.15314679	0.11659621	0.01522599	0.22227054	0.31174833	0.15033980	0.08278178	0.02690486	0.05857748	-0.00947837	-0.04816366	0.03975342	-0.01765932	-0.01488222	0.04747191	0.06682559	-0.04701134	0.16544290	0.10674541	0.05517759	0.02324414	0.09478383	0.14563360	0.18930731	0.04325084	0.00953141	-0.00866808	0.00407050	0.18933830	0.23852928	0.27627112	0.15259940	0.10758817	-0.05703793	0.17893520	-0.05650372	0.32878891	-0.05596110	0.23199227	0.34096020	0.18245483	0.13079332	0.36496831	0.41128224	0.07791974	0.22891412	0.32187103	0.24673970	0.35944983	0.11523041	0.02345682	0.08147459	0.10310860	0.07007951	0.10954537	-0.11610295	0.08524254	0.11313188	-0.02492935	0.00591054	0.08119224	0.06670320	-0.10760868	-0.10263492	0.01456993	0.09044422	-0.01971336	-0.03779674	0.03428464	-0.02890084	-0.09632496	0.17198822	0.12233091	0.07587050	0.05563867	-0.04716967	0.07832162	-0.02003065	0.11089350	0.06068622	-0.03754006	-0.00898035	-0.11314272	0.18012376	0.07663624	0.18784279	-0.02850459	0.07968922	0.04909961	-0.08630299	-0.07318245	-0.14907369	-0.03320882	-0.05724771	-0.04650876	0.08911330	0.00439426	0.06749003	-0.13615604	-0.24244391	-0.09065691	-0.15044260	-0.17292366	-0.21041754	-0.21019679	-0.18044451	-0.18455210	-0.10980386	0.21723154	-0.14000063	-0.16543326	-0.15945093	-0.12068439	-0.14523617	-0.10508873	-0.05152317	-0.10843039	-0.02003459	-0.08624282	0.00178878	-0.12330693	0.05173168	-0.13233355	-0.11823405	-0.10106441	-0.10894908	-0.08509702	-0.05819212	-0.11524425	-0.02055102	0.02487839	-0.02935645	-0.02563924	-0.08437004	-0.06377898	-0.08160396	0.02525277	0.07782615	0.15871805	-0.08572920	-0.15117812	-0.09719486	0.06992883	0.02845212	0.03938958	0.07959201	0.04924996	0.04991585	0.07075049	0.06361306	-0.06032717	-0.01147936	0.01594936	0.11294532	0.03510144	-0.04996466	0.13770202	-0.04629527	0.06009248	-0.05860970	0.10302359	0.02037483	0.05669249	0.09517086	0.04937713	0.09399034	0.02355414	0.08042134	0.11794469	0.03897700	0.13912978	0.13328569	0.16550813	0.16573617	-0.01138539	0.11020383	0.30324506	0.09235980	0.26641653	0.04442404	0.14666138	0.10752916	0.20099116	0.11131496	0.11996964	0.24210759	0.18040483	0.15957704	0.24698141	0.16364568	0.14744306	0.22181463	0.24023886	0.01269563	0.38625779	0.37054484	0.35041152	0.25374952	0.23615184	0.28882791	0.20737563	0.37679023	0.10007080	0.28314915	0.33504240	0.15509864	0.09136357	0.12146547	0.17982179	0.03367774	0.18730042	0.07703714	0.08980928	-0.12321212	0.11372638	0.16035427	0.12470699	0.18856649	0.06791193	0.10701796	0.18164962	0.22824150	0.17827736	0.16238221	0.05074508	0.09541374	0.17569646	0.14088916	0.11245259	0.30822127	0.25231423	0.03960267	0.32643172	0.13060069	0.23965175	0.34029905	0.35377367	0.22638284	0.02527360	0.20769409	0.29418157	0.33585808	0.25317548	0.28699273	0.92355205	0.00046681	0.46653996	0.23082960	0.31425813	0.18028633	0.32483436	0.23816794	0.18801145	-0.07413499	0.01292275	0.17653679	0.04825724	-0.00388796	0.19927479	-0.01191388	0.02107309	-0.10921194	0.22735893	0.02935994	0.16239501	-0.07409134	0.04739337	-0.08889614	-0.15708188	0.03568527	0.08509400	-0.04810173	0.02617081	-0.07472603	-0.01140431	0.14703604	0.08433847	-0.03915833	0.02227499	-0.15110065	-0.05015154	-0.07354772	-0.09704863	0.06676262	-0.05986884	0.18235361	-0.09546115	0.20778868	-0.21134909	-0.13471604	0.07316639	-0.02384688	0.04135666	-0.16938508	-0.18156466	-0.11554047	-0.06846066	0.00730670	0.05346252	-0.04804994	-0.18143546	-0.10694641	-0.09203202	-0.11767498	-0.18255022	0.06103280	-0.06697973	-0.08572751	-0.11112161	-0.19208219	-0.11938045	-0.11382151	-0.12290433	-0.11923563	-0.13035146	-0.23776036	-0.04550032	-0.16871788	-0.14178507	-0.13697431	-0.13567237	-0.16913681	-0.10164186	-0.12598271	0.12740736	-0.10217678	-0.05899023	-0.11827796	-0.13179424	-0.17204999	-0.12134553	-0.11211476	-0.02959444	-0.03863735	0.09854651	-0.05826480	0.00332621	-0.11346654	-0.09725714	0.06366274	0.08619246	0.00821989	0.04792798	0.16790357	0.12239925	-0.10890866	-0.03886169	-0.11570681	0.10075959	-0.16160383	-0.08340966	-0.11675924	-0.11220001	-0.02274381	0.00717421	0.12126373	-0.12811056	0.05597670	0.13988966	-0.02449535	-0.06530561	0.02824309	0.03082014	0.09820517	0.17736021	0.08889658	0.05290730	-0.03335593	-0.02346006	-0.04011233	0.09111297	0.14321230	0.03293324	-0.02651430	0.12930130	-0.00064674	0.02500277	-0.00676426	-0.00504611	0.14480662	0.29353894	0.17086468	0.24307487	0.07730945	-0.03824895	0.09626517	0.01683540	0.07672370	0.10188153	0.10479241	0.14671643	0.02443008	0.05251236	0.06903806	-0.01387303	0.07568680	-0.04076066	-0.04860360	0.00766588	0.22696559	0.08826132	0.07714060	0.05617996	0.05001275	0.16944434	0.00412736	0.04433112	0.01912568	0.05015810	0.06999310	0.03181535	0.09814999	0.02278853	0.03659661	-0.01295604
17Networks_RH_SalVentAttnA_FrOper_3	-0.13508366	-0.13568900	-0.14236069	-0.16138540	-0.16065164	0.06505728	-0.18691050	0.03021249	-0.02347786	0.02770068	-0.16475039	-0.06566244	-0.05789915	-0.14231659	-0.17833060	-0.04487935	0.00089791	-0.23795846	-0.10607854	-0.01923575	-0.13263333	-0.09468940	-0.05968958	-0.03169416	0.11676761	-0.04703134	0.01329212	0.03653543	0.01940411	-0.02421096	0.08150183	0.07922201	0.03084180	-0.01106618	-0.04041691	-0.01344010	0.12133889	-0.21223459	-0.16823945	-0.04160356	-0.02869353	-0.10112295	-0.00896471	-0.20793145	-0.08549586	-0.02647694	0.00297639	-0.11785875	-0.05556074	-0.03472338	0.03456918	-0.04044270	0.01569730	0.05139177	-0.01602492	0.22935041	0.12843253	0.01115188	-0.01334001	-0.09132254	-0.07782257	-0.20841822	-0.05273612	0.05723297	-0.12665618	0.06971812	0.02870734	0.02267832	0.03836508	0.02752135	0.04150887	-0.04523939	0.13879099	0.02807235	0.14994664	0.12331732	-0.02183687	0.02584770	-0.19254231	-0.07845170	-0.18680513	0.04677810	0.04044346	0.00047796	0.14076876	-0.16578778	-0.05990980	0.14333191	0.06973605	0.03844696	0.14373916	0.00426038	-0.05757672	0.13688173	0.09063892	0.02315414	-0.11037139	0.02545430	-0.02290325	-0.21416951	0.16284593	-0.08023225	0.10503526	-0.01112167	-0.05403016	0.09176722	-0.08439501	-0.04358952	-0.09008388	-0.12963016	-0.02417685	-0.12194527	-0.14505926	0.10948728	0.06976378	0.02143575	0.04069769	-0.05005416	0.06565235	-0.11371617	0.03881168	-0.03427558	0.23875890	0.13736141	0.09528338	0.13501737	0.02922310	0.12946891	0.19064903	0.19110892	0.03446739	0.09575855	0.03143183	-0.09221269	-0.08453998	0.11576908	0.13029225	0.11799478	-0.19191747	0.08843422	-0.02732177	-0.09100216	-0.05269209	0.07328101	-0.01807225	-0.08367201	0.07973136	-0.02460433	-0.15868355	0.02468521	-0.10122406	0.09341338	-0.13586570	-0.19627697	-0.20985857	-0.15737740	0.04989810	-0.16149537	-0.19546186	-0.14577915	-0.25737588	-0.25356288	-0.23989072	-0.13062473	0.02863615	-0.01246711	-0.14346318	-0.13556863	0.07640071	-0.10843842	-0.06867413	-0.05619792	-0.18370512	-0.04832683	-0.28446969	-0.21713675	-0.15198588	-0.08449253	-0.08189366	-0.13917528	0.01404035	-0.02598321	-0.20626421	-0.22199274	-0.14019532	-0.18096783	-0.10497786	-0.02905411	-0.13849280	-0.22285431	-0.18135236	0.00792715	-0.08617148	0.00933869	-0.14671237	0.00677087	-0.07812900	-0.03210307	-0.00681082	-0.05732586	-0.16288300	-0.15531097	-0.15429096	-0.20813356	-0.10776618	-0.04012934	-0.13916257	0.09019272	0.01601465	0.00404429	-0.12963232	-0.14441249	-0.05198848	0.07890494	-0.17768194	-0.17920288	-0.01622393	-0.16643088	-0.04369890	-0.05556265	-0.14570459	0.08968749	-0.12487444	0.04571946	0.02189307	0.08250154	-0.03879658	0.04217837	-0.04599050	-0.00755801	-0.04610649	-0.10001435	-0.06951263	0.03000166	-0.03576949	-0.10769814	-0.07987481	-0.15770480	-0.19353587	-0.07861595	-0.11815240	-0.12551977	-0.13085118	-0.01141784	-0.03207583	-0.09483848	0.05287751	-0.08202445	0.07128267	-0.04969179	-0.05852676	-0.02762669	-0.15147584	0.01774135	0.02003137	0.24372587	0.13444015	0.07582294	-0.01545591	-0.16113115	-0.14036996	0.05480299	-0.17692934	-0.09093583	-0.08997636	0.03279005	0.08924860	-0.01245541	-0.01179064	0.10440204	-0.08302456	-0.02846837	0.10384599	0.09774590	0.16570372	0.08173568	0.07175095	0.00961492	-0.08145894	-0.20923290	-0.25902790	0.01311730	0.10701084	0.10482914	0.10834362	-0.00659390	0.25947810	0.28251243	0.02657537	0.10552781	-0.02014315	0.05622909	0.02276000	0.00046681	0.81422496	-0.05582641	-0.13776042	0.05624537	0.32190345	0.00168836	0.02694929	0.03983922	-0.07185797	0.38913027	0.33317943	0.24655626	0.09307869	-0.12043244	0.08924472	0.24428820	-0.05320499	0.02955074	0.16347774	-0.09875522	0.06559571	0.18105276	-0.11218207	-0.09286069	0.01932108	0.00871077	0.09165103	-0.09469962	0.19442955	0.00734085	0.13888972	0.17543786	0.23547557	0.14753658	0.00259432	0.31951918	0.23043258	0.18567929	0.27212665	0.07042810	-0.01749259	0.04139930	0.08119364	0.18881893	0.35433243	0.37335901	0.21453480	0.05870591	0.22374908	0.24403360	0.01121548	-0.16652875	0.11496647	0.25346481	-0.03442557	0.31438569	0.09995829	0.26122264	-0.14501423	-0.04996476	0.09619741	-0.12263917	0.08643145	-0.04233452	-0.00083779	0.18045878	-0.24095322	-0.18594780	-0.20874575	-0.15266366	0.12671368	-0.04411052	-0.03760271	-0.10019168	-0.17607604	-0.08266961	-0.23801802	-0.02003492	-0.10427973	0.10218524	-0.00236096	0.03108969	-0.04634418	0.10129102	0.02009224	0.07507021	0.12454930	-0.03374027	0.02185333	0.24845467	-0.06116438	0.03817861	-0.11739593	-0.13374882	-0.12497047	0.00630728	0.04544587	-0.04311651	0.03243547	-0.05291659	-0.03853881	0.12663816	0.01607582	0.13264377	-0.01066202	0.16824805	-0.00336391	-0.08594905	-0.09437593	-0.04646403	0.01615568	0.03286074	-0.09424994	0.04118138	-0.04648202	-0.07812106	-0.05342279	0.09247462	0.05010219	-0.10689370	0.10519405	0.00565921	0.05039601	-0.16923970	0.10571988	-0.08702539	-0.06346059	0.07241311	0.08855998	0.03452575	-0.13598390	0.15073854	-0.08229419	-0.09146376	0.03874244	0.00363014	0.14668427	-0.00054541	-0.23909939	-0.09599597	-0.11312891	-0.09519475	0.08444990	-0.15459711	-0.12525404	-0.08641435	-0.09961207	-0.10248361	-0.12743346	-0.12344905	-0.15152154	-0.14783697	-0.10929588	-0.05668911	-0.12931358	-0.07709037	-0.03668901	-0.04215373	-0.03215984	-0.04147555	-0.01549832	-0.08334973	-0.02480965	-0.10858568	-0.14768477	-0.11058993	-0.15035717	-0.13884107	-0.11775005	-0.11143484
17Networks_RH_SalVentAttnA_FrMed_1	0.05479808	0.19279150	-0.00789442	0.06067630	-0.00317437	-0.06711582	0.07616818	0.14926742	-0.05407773	0.12699812	0.10490528	0.17082461	0.34526882	0.30175057	0.17336080	0.29728830	0.40208763	0.05687343	0.31720020	0.33107387	0.21213957	0.21940388	0.23491489	0.46481574	0.44219036	0.21038049	0.16774762	0.34045710	0.17921698	0.32739663	0.28231440	0.13452732	0.27511837	0.15268554	0.23314020	0.18005278	0.15028128	0.13393935	0.31307905	0.20946627	0.26845898	0.44947805	0.32168521	0.15641140	0.11129874	0.15443123	0.19233914	0.25458872	-0.03468548	0.15672047	0.23315765	0.04285019	0.31280912	0.21563401	0.24183875	0.00456764	0.05163538	0.12954278	0.03826252	0.04203195	0.24001096	0.00345181	0.09286537	0.10367543	0.16780539	-0.02944094	0.27839800	0.24288709	0.25584060	0.19087552	0.24397304	0.28501572	0.11751876	0.05269196	0.03264409	0.08242148	0.17578011	0.38884337	0.35919880	0.40192160	0.22030146	0.09250157	0.04958110	0.36641847	0.12830072	0.34164144	-0.05302418	0.18214969	0.34781240	0.19248946	0.10503924	0.29385155	0.49257904	0.02151947	0.35008317	0.42969533	0.37998486	0.59743242	0.12765555	0.12771528	0.07726025	0.20011934	0.10436921	-0.00468959	-0.20291289	0.14597024	0.08671352	0.05345623	-0.04955635	0.09259581	-0.06565568	-0.12221204	-0.12149955	-0.03847634	-0.01580670	-0.15473473	-0.09061295	-0.01492811	-0.13472627	-0.07434930	0.23209692	0.19187253	-0.02330368	0.08379678	-0.04768108	0.05049911	-0.01903708	0.00531402	-0.00850220	-0.00957104	-0.10862524	-0.09954630	0.29381080	0.00083737	0.08943431	-0.06177598	-0.01588802	0.02597134	-0.10681348	-0.11734115	-0.12231542	0.01540334	-0.00427264	0.02429361	0.15032489	0.04253248	0.06209495	-0.04521919	-0.23166380	-0.11717535	-0.11198082	-0.12832210	-0.24444462	-0.17149442	-0.15723023	-0.12073892	-0.09996975	0.35462090	-0.10899279	-0.19388259	-0.10396590	-0.09564689	-0.08754836	-0.08628852	-0.03107106	-0.13812548	-0.10695262	-0.12862950	-0.14408761	-0.16137371	-0.08548973	-0.18124346	-0.11052427	-0.10000065	-0.01298636	0.04102354	0.01390400	0.00256490	-0.07205565	0.13128307	0.03060273	-0.00741472	-0.01286285	-0.14373814	-0.08457536	0.01733630	0.04267646	0.13410709	0.05768489	-0.12857071	-0.09471831	0.05334818	0.09574873	0.17299076	0.03586299	0.01806273	-0.04533020	0.00850329	0.00193334	-0.17681308	0.18225214	-0.01157725	0.17369932	-0.02615115	-0.08488005	0.10217351	-0.03431096	0.11368583	-0.04300933	0.16523653	0.02313221	0.11173307	0.26463074	0.10496876	0.26647111	0.17650005	0.24839362	0.27326644	0.25190091	0.32244663	0.21481912	0.32591542	0.26591179	0.16546948	0.21353873	0.45165806	0.21839391	0.40780339	0.14775500	0.25941844	0.27161443	0.41906911	0.22174111	0.24172564	0.40958548	0.17358145	0.31943325	0.37482192	0.28007295	0.31667591	0.27672138	0.40340942	0.12291217	0.44683105	0.39213569	0.43500578	0.20026648	0.35134060	0.33484616	0.25934040	0.44189891	0.21677448	0.33574485	0.45755284	0.24192444	0.10334385	0.19010729	0.26865099	0.22468021	0.15910199	0.12448287	0.24260376	-0.07564200	0.18530937	0.22261544	0.23961143	0.29141485	0.19138888	0.24144922	0.30845727	0.34826631	0.34712812	0.24349916	0.06528684	0.12804653	0.29175159	0.25839417	0.23505209	0.42885531	0.35462037	0.09353481	0.42086160	0.30753097	0.35008436	0.32627144	0.40720614	0.22867162	0.01807100	0.17970646	0.29718790	0.32439056	0.29320419	0.28228385	0.46653996	-0.05582641	0.95566796	0.35289704	0.44737277	0.19997572	0.48312445	0.40813990	0.32299112	0.08966065	-0.11176429	0.06766297	0.03097679	0.03113366	0.26940964	0.02126063	-0.00550839	-0.03880743	0.37501780	-0.04826949	0.16423020	-0.23116926	0.04090764	-0.03818425	-0.16122143	-0.00313921	0.02120155	0.00025840	-0.01145297	-0.07393482	-0.04102060	0.30406909	0.06655276	0.00925251	0.15929137	-0.09433681	-0.07347914	-0.18349441	-0.05563428	0.02023083	-0.08927325	0.26515184	-0.07748033	0.10521456	-0.18022174	-0.20026936	0.01365437	0.00637278	0.14446178	-0.08792482	-0.16471512	-0.10159428	-0.14733344	-0.04307634	0.04593939	-0.00984292	-0.18311237	-0.05202795	0.00176872	-0.08711293	-0.14103888	0.12403345	-0.06469316	0.02283520	-0.11194309	-0.21043703	-0.13650015	-0.01376406	-0.04772868	-0.10212670	-0.09341602	-0.17619049	0.06367503	-0.14984086	-0.12759912	-0.08126814	-0.06224367	-0.09657264	-0.01487769	0.00105652	0.06063373	-0.19267658	-0.05593339	-0.00487573	-0.05728127	-0.11189204	-0.03338527	-0.06786202	0.00651707	-0.09373466	0.05694142	-0.06843950	0.06805975	-0.06915324	-0.07613457	0.15806254	0.08030821	0.10792758	-0.04882345	0.15544751	0.12265905	-0.10788948	-0.04206722	-0.20798334	0.09522735	-0.13900756	-0.10847179	-0.18674620	-0.00338048	-0.02630291	-0.05293581	0.16985057	-0.19957961	0.08574331	0.26418219	0.01153410	0.03433257	0.12318513	0.04199787	0.11692661	0.19683239	0.11547859	0.06724647	-0.01467002	-0.03819637	-0.07743186	0.08170438	0.10970099	-0.10902716	-0.05857252	0.12321408	0.04129855	0.12053627	0.14879589	0.15047248	0.10974894	0.30377704	0.17037569	0.28436847	0.13898661	0.04346025	0.24631158	0.10133456	0.03565142	0.25305020	0.22533102	0.06110388	-0.00433622	0.09486288	0.08235046	0.07376241	0.08129543	0.00769272	-0.07545312	0.05469709	0.27541910	0.22681498	0.24140345	0.08657374	0.12099164	0.30438882	0.14726513	0.14019403	0.05816105	0.09136919	0.11957995	0.00465413	0.04864764	-0.01993134	-0.01224863	-0.00136498
17Networks_RH_SalVentAttnA_ParMed_1	0.08807561	0.20022536	0.04341916	0.14425249	-0.02680850	-0.13795291	-0.02669209	0.09805540	-0.15906848	0.02347646	0.08883656	0.14601929	0.29871864	0.32635622	0.25362922	0.27070643	0.24531232	0.19990459	0.20129961	0.14842918	0.18525383	0.20647984	0.24724595	0.27842823	0.22776858	0.10179981	0.16340438	0.23022049	0.17787286	0.14264865	0.16818158	-0.09299273	0.09712753	0.13637428	0.25113973	0.06591087	0.00930990	0.35730128	0.35523201	0.11798516	0.32841791	0.46013643	0.21147186	0.10666291	0.15379248	0.19231351	0.06725854	0.19915431	0.11135978	0.14529340	0.03631103	0.08984929	0.09066724	0.10934091	0.11226024	-0.01167371	0.03024392	-0.01926404	0.06368277	0.06840545	0.19677761	0.08369030	0.01305349	-0.00894781	0.06539981	-0.12323070	0.09412469	0.07317190	0.11875286	0.05339302	0.07099840	0.14359426	-0.02784329	0.05815474	-0.01913161	0.04132669	0.12973776	0.29342309	0.35853453	0.35296522	0.46253702	-0.05196735	0.12447453	0.19729124	0.04053570	0.21085315	0.02065513	-0.01417326	0.17845427	0.04498643	-0.00306902	0.14932729	0.26409438	-0.01837778	0.00097664	0.13579116	0.26677418	0.27774653	0.02512157	0.14994788	0.04386402	0.10134741	-0.03207134	-0.05933688	0.03952343	0.05763869	0.11501844	0.11473667	0.04111727	0.18759349	-0.03611210	-0.02859524	-0.01674359	-0.13854993	-0.05064932	-0.10746458	-0.12630600	-0.09035886	-0.03276455	-0.04539060	0.02734127	0.16793536	-0.01757657	0.05194412	-0.09337278	0.14495658	0.11889588	-0.01254180	0.03119648	-0.04261844	0.03316507	-0.03383613	0.09337551	-0.00716564	0.12277119	-0.00776067	0.05208039	0.08984922	0.07912557	0.00448405	-0.02025773	0.06376992	0.08260082	-0.00724555	0.15719823	0.09755978	-0.05470919	-0.01214177	0.02652529	0.08067803	0.05008736	-0.02020062	0.03810536	0.06277797	0.12532772	0.08464158	0.02497354	0.16339606	0.06542423	0.00095921	0.05564831	0.08043956	0.13354885	0.04518689	0.09171819	0.09009559	0.04721864	-0.00002094	-0.08085126	0.03414782	0.04350176	-0.00233166	0.11938258	0.13667867	0.12967643	0.13086550	0.05565922	0.06582158	0.07224258	0.10979688	0.03789984	0.03215557	0.08111205	0.08454501	0.00189503	0.08554516	0.08950620	-0.01987743	0.12419041	0.08235179	0.03889178	0.15425352	0.17444331	0.08296331	0.04913259	0.03299880	0.03002147	-0.07926494	0.05745117	0.02680829	0.17147251	0.08753420	0.20075822	0.13605758	-0.10808553	0.08841608	0.03259955	-0.12177957	-0.21679743	0.05375873	-0.01718548	0.12953124	0.23393534	0.10166297	0.19716620	0.24990739	0.20051305	0.27866578	0.14212284	0.20295529	0.24054525	0.19373752	0.22721587	0.00660699	0.10022500	0.18954897	0.15952075	0.25051189	0.11420336	0.10978381	0.21510366	0.28914280	0.15915909	0.08313841	0.23404690	0.40511147	0.23042678	0.38211306	0.32145780	0.28356276	0.28230451	0.33199031	0.24141157	0.20062878	0.26976746	0.34891280	0.05793247	0.39787667	0.08330978	0.23831138	0.39147130	0.09614398	0.32980048	0.33055089	0.10492755	-0.01138730	0.06420061	0.09410355	0.17059709	0.15640809	0.01964181	0.14073979	0.12299695	0.13637157	0.15652308	0.07816882	0.16953612	0.11492027	0.20361562	0.16400243	0.25029317	0.24311699	0.05433207	-0.06607272	-0.00630294	0.08521368	0.06815364	0.16262622	0.36741120	0.41808239	0.33388174	0.29613670	0.14483901	0.18877429	0.08630119	0.16543611	-0.03334637	0.00544348	0.23976660	-0.02369230	0.16301444	0.17161897	0.14887918	0.23082960	-0.13776042	0.35289704	1.12025667	0.23814496	0.07637612	0.26565609	0.12313829	0.15965575	0.08533408	-0.13858894	-0.02563421	-0.06433161	0.03991819	0.12601338	0.00733079	-0.00015222	0.10942899	0.11104829	-0.07334754	0.16140109	-0.14274442	0.05207841	0.03598946	-0.02034652	-0.10653814	-0.00908215	0.04567833	0.07528782	-0.07063822	0.11554090	0.10342267	-0.08045609	0.02372299	0.04927516	0.12286159	-0.07847487	-0.08462422	-0.09379333	-0.03213323	-0.00791110	0.17550185	0.01551895	0.01992696	-0.03273854	-0.12592717	-0.03271502	0.01560855	0.09362155	-0.09146644	-0.09427567	0.04731283	-0.08281033	-0.00280349	-0.04394426	0.02660867	-0.13057926	-0.10521600	-0.04867119	0.10276445	0.00999467	0.07351744	0.02054308	0.06609517	0.16356501	0.03785675	-0.02348862	0.17899597	0.17808998	0.12580393	0.08723803	-0.06301355	0.16115141	0.08046286	0.10400844	0.10985093	0.15887677	0.15543638	0.00351350	0.10516464	0.04686820	-0.11093573	-0.03563866	0.12815567	0.01674631	-0.01425508	0.03955871	0.01814089	0.14401062	0.02143922	-0.00229015	0.03123178	-0.05828902	0.10647303	0.06258677	0.18898640	0.09046066	0.03525126	0.10418746	0.16684142	0.07276249	0.06181317	-0.19904740	-0.07794529	0.05642337	0.04769948	-0.00912494	-0.05503306	-0.03315922	-0.05538882	-0.00697589	0.23093072	-0.15478254	0.06047838	0.04386661	-0.05268625	-0.09024576	-0.04302017	0.01577456	-0.04220883	0.17474164	-0.04099215	0.08030671	0.12750794	0.15490608	-0.04788565	0.04705662	0.08332862	0.02141977	-0.04837722	0.13325521	0.01659460	-0.13462027	0.06671290	0.13727739	-0.07354088	0.16031678	0.00853331	0.13790187	0.26562341	0.10463014	0.06702265	0.08540158	0.02002848	0.26336312	0.24311727	0.10750690	0.04968655	0.18247509	0.19381592	0.20038702	0.11157469	0.12147498	-0.05897026	0.17028333	0.20543877	0.16340994	0.08802894	0.16408308	0.13500573	0.19142889	0.00109685	0.00473636	0.01097935	0.02384408	0.05997613	-0.02443558	0.05298460	-0.04738626	-0.03253208	-0.02485865
17Networks_RH_SalVentAttnA_ParMed_2	-0.02249405	0.09730663	-0.06397823	0.01654771	0.02976302	-0.19444164	0.00453765	0.07019373	-0.17726458	0.01041183	0.04111530	0.13891655	0.17269788	0.30509760	0.07703154	0.28320224	0.30526781	0.04157932	0.24373846	0.29746792	0.14775665	0.16601338	0.15942434	0.36369914	0.34935198	0.12441464	0.07546091	0.31647170	0.22975737	0.39111983	0.29065783	0.12914963	0.26703063	0.14591232	0.15972741	0.27786361	0.23161216	0.04597567	0.19140145	0.23355415	0.30959605	0.26611031	0.41780465	0.06354113	0.06797701	0.01566296	0.03656033	0.14527729	-0.15972938	0.06302656	0.26673477	0.08131511	0.39236545	0.27047210	0.10554332	-0.01993919	-0.04938693	0.14789651	-0.01849499	-0.04319323	0.11560645	-0.12376371	0.00154893	0.13905185	0.16164189	-0.00855699	0.38501883	0.32828414	0.33106710	0.32835083	0.44847465	0.29962929	0.22088826	0.21239398	0.22769193	0.26405248	0.35139163	0.38750869	0.20083964	0.31605078	0.07352545	0.03937175	0.27961461	0.30233688	0.11836623	0.23056315	-0.16554532	0.21211897	0.28281186	0.01066088	0.07667388	0.13661326	0.31829823	-0.00822346	0.46086143	0.60255520	0.32925948	0.53996113	0.07035227	0.05390882	0.20678140	0.20582009	0.26586924	0.03535305	-0.21529502	0.20014915	0.00648610	-0.03051873	0.15608632	0.02460445	0.05410149	-0.05199596	-0.28382118	0.07968486	0.17287539	0.00045261	-0.13731989	-0.07892736	0.11889994	-0.11419489	0.30967833	0.14920987	0.17043462	0.28131039	0.22300454	0.30470443	0.01619886	0.00564967	0.07596543	0.13468539	-0.14187954	-0.12295724	0.29575238	-0.11809303	0.10817615	-0.05007739	0.09410878	0.28441475	-0.21102929	-0.12146718	-0.19755169	-0.04115092	-0.22168390	0.08601375	0.26615854	0.13962256	0.19876843	0.04240340	-0.28387398	0.01517577	-0.03984305	-0.21327146	-0.26559097	-0.10322967	-0.20464863	-0.05576886	0.05106670	0.15143131	-0.18723788	-0.03812503	-0.17197976	-0.11028963	-0.11439389	-0.18601296	-0.08338753	-0.20366701	-0.05481125	-0.11976131	-0.15099036	-0.26734216	-0.10018741	-0.29340512	-0.11884972	-0.23860659	-0.24724508	-0.21361604	-0.16872743	-0.19044166	-0.25783905	-0.05573317	-0.16176119	-0.14956580	-0.16912788	-0.19921052	-0.26703853	-0.18574617	-0.19228200	0.26479482	0.14059573	0.03539982	0.05476597	0.02206619	-0.08478016	0.10926831	-0.13331198	-0.16462374	-0.15742494	-0.00610937	0.01106082	-0.22423090	0.05936430	-0.07144544	0.02033985	-0.12610348	-0.18254361	-0.00128074	-0.16122524	-0.01739267	-0.16346398	0.07533393	-0.04444911	0.01943159	0.11008054	0.08899943	0.17340148	0.16597164	0.15342220	0.17663188	0.14455907	0.22114906	0.15257186	0.37475335	0.17700477	0.03460288	0.14688502	0.35226233	0.25310327	0.37521689	0.16038774	0.26239957	0.20002488	0.35328942	0.22283060	0.22905186	0.45827731	0.09081662	0.33613804	0.24989567	0.14538439	0.23347557	0.16451021	0.28484631	0.03421714	0.41638260	0.36672786	0.26394270	0.04383274	0.13399309	0.38393379	0.06181429	0.42887383	0.19200938	0.28985325	0.45172926	0.19741799	0.23608721	0.25342887	0.31395762	0.25994992	0.12039460	0.02223389	0.25637541	-0.13504419	0.13158007	0.24868957	0.17046787	0.45221433	0.31673347	0.43019750	0.45194788	0.35636970	0.39096216	0.38055129	-0.10050876	0.27068356	0.55808593	0.31830345	0.29053749	0.49346352	0.21770474	-0.09847316	0.46885223	0.51029163	0.40462123	0.29159777	0.35463197	0.32165638	0.03049887	0.06879045	0.33387784	0.20604063	0.15701262	0.13993514	0.31425813	0.05624537	0.44737277	0.23814496	0.97852294	0.32842125	0.59282709	0.48949411	0.16487020	-0.18032576	0.02546032	0.19052586	0.15430150	-0.10817429	0.24256833	-0.17214373	-0.01113300	-0.22606792	0.16694603	0.06718296	0.20757488	-0.10562421	0.12788083	0.17306727	-0.22908668	0.11149711	0.02708183	0.08064474	-0.01490451	0.04274267	-0.05290488	0.41581261	0.35433578	0.18172441	0.31805094	-0.12928164	-0.06466885	-0.27274927	-0.00940965	-0.04367135	-0.32247332	0.25310208	-0.05213212	0.08408228	-0.19147828	-0.10263213	0.23648219	0.17311688	0.25124023	-0.08104883	-0.19619037	-0.15332155	-0.08472974	-0.04956516	0.12044954	-0.04074688	-0.14581937	0.07969516	0.15178956	-0.08409877	0.02357300	0.37908454	-0.08173273	0.26492945	-0.18743892	-0.21606784	-0.02745961	-0.16782460	-0.18384493	-0.08430887	-0.15635618	-0.00850593	0.05094354	-0.13852271	-0.10924669	-0.05969988	-0.14052015	-0.16371209	-0.18816187	-0.04927722	-0.03099042	-0.32924385	-0.16495812	-0.10258681	-0.20339757	-0.25984760	-0.24309774	-0.13016406	-0.20173179	-0.29781119	-0.16035588	-0.02517209	0.16786849	0.06602084	0.07561267	0.08010601	0.21985056	-0.00955778	-0.19047347	-0.03889626	-0.03360787	-0.34893821	0.03547509	-0.31369164	-0.07278361	-0.27600736	-0.25213828	-0.06394301	0.00807582	-0.01829093	-0.02716032	0.19418820	-0.09951854	0.08409612	0.19995311	-0.08589967	-0.02277995	-0.08757834	0.01423009	0.14712938	0.14771251	0.08371030	0.00906877	0.05449087	0.10683020	-0.06317199	0.08767274	0.05176743	0.02665484	-0.01742765	0.04455294	-0.02017076	0.10676697	-0.00001801	0.09313704	0.07981244	0.21161154	0.05157155	0.10560625	0.15339266	0.03477518	0.18863583	-0.04844999	0.18977351	0.13764679	0.16534053	0.09640690	0.00804195	0.08669367	0.07573475	0.07435430	-0.09385255	-0.12735836	-0.18836899	-0.04791000	0.17787868	0.24487513	0.18033222	0.01819629	0.21167251	0.23754144	0.05069100	0.15441098	0.07120962	-0.04994148	-0.02722380	-0.18635202	-0.01981579	-0.21733864	-0.14074572	-0.09975778
17Networks_RH_SalVentAttnA_FrMed_2	-0.00560784	0.09014262	0.08520715	0.11521732	-0.01936668	-0.14473113	0.01583662	0.10699310	-0.12419531	-0.02384813	-0.01990981	-0.05446548	0.02124123	0.19720179	0.10344638	0.14240587	0.15717895	-0.06268285	0.16456014	0.17234271	0.08595340	0.09233327	0.08548433	0.18359587	0.27042031	-0.02362360	-0.02085132	0.18897794	0.08609940	0.23632934	0.22573350	0.20471511	0.21408886	0.18298166	0.10131780	0.25201454	0.19589772	-0.00182818	0.09583476	0.15480739	0.12794494	0.16212625	0.20676124	0.09527416	0.12980600	0.07691308	0.12920070	-0.03737211	-0.07672291	0.01188614	0.22987932	0.05398584	0.17518840	0.31687210	0.12823227	0.13436449	0.16288080	-0.00720179	-0.02152446	0.01744935	0.00202999	-0.13035317	-0.05197765	0.03169039	-0.01543416	-0.03772122	0.24323416	0.28760090	0.24992426	0.25528088	0.34602337	0.25188064	0.34610055	0.29592793	0.31664343	0.27622192	0.20044574	0.18217700	0.13933832	0.26358417	0.08425651	0.05747911	0.30745614	0.21257489	0.24750510	0.04204942	-0.20637325	0.18327117	0.30688434	0.06185612	0.30273861	0.23090458	0.18354713	0.20333476	0.22982279	0.36542153	0.14245848	0.32153488	0.22393811	0.03401185	0.32840192	0.17403399	0.35977219	0.17057892	-0.05403763	0.26484395	0.14990315	0.10909072	0.12392349	0.09082225	0.01072175	-0.06627343	-0.18143936	0.06033485	0.12140723	-0.03890460	-0.02618720	-0.05222120	0.17158807	-0.17653413	0.23529098	0.10950278	0.27394845	0.25505603	0.17850942	0.32092481	0.19915182	0.19151998	0.30540349	0.38730052	0.05479539	0.06752538	0.25140111	-0.02575305	0.11793284	0.14415071	0.17799215	0.31692384	-0.21951966	0.18452498	0.03354032	0.14737078	-0.08467365	0.16066716	0.24237187	0.08194312	0.14513838	0.05207356	-0.21578278	0.12089025	-0.12067715	-0.00814114	-0.21506107	-0.15080820	-0.25953841	-0.12766230	0.05294133	-0.02833634	-0.19829831	-0.20232068	-0.16827791	-0.15277043	-0.12209629	-0.14543780	0.10966381	-0.02057433	-0.11946981	-0.12733740	-0.02196902	-0.18735257	-0.08406207	-0.18240357	-0.17828753	-0.17090533	-0.21255767	-0.19488809	-0.09424942	-0.05728857	-0.04283869	0.03401359	-0.17454592	-0.10967744	-0.13196940	-0.05068303	-0.21211447	-0.22629425	-0.15219019	0.16348877	0.03001913	-0.12784737	-0.11871609	0.09317051	0.00976195	0.01769380	0.00535672	-0.00224978	-0.17326357	-0.12035577	-0.01599384	-0.22038590	-0.06943085	0.03160702	0.04756338	-0.01794215	-0.03674817	0.01956059	-0.04369610	-0.00042046	-0.06808983	0.03791377	-0.01931770	0.00222569	0.02153910	0.08582483	0.13589408	0.06951567	0.07565075	0.12775594	0.04190770	0.12686846	0.12725573	0.27286827	0.07039107	0.04906642	-0.05217137	0.13896903	0.09915757	0.24846446	0.07488285	0.09429084	0.15302232	0.13470903	0.06941877	0.18680976	0.26595923	0.06319689	0.10352534	0.04570101	0.04705759	0.17713591	0.12456677	0.17308763	-0.03697114	0.24780048	0.26053056	0.14487539	0.14022887	0.07463507	0.21009053	0.05662736	0.23797691	0.21472506	0.07654032	0.27181992	0.20784186	0.42140182	0.27049482	0.20664499	0.11894082	0.03513939	-0.03261932	0.15357468	-0.09747877	-0.07327160	0.02991877	0.03073481	0.28892097	0.12189401	0.22364647	0.36334410	0.14526787	0.19422764	0.26278250	0.12209090	0.34227382	0.38194923	0.27963600	0.19171176	0.24499368	0.04412179	-0.14142275	0.28311056	0.44969161	0.41850450	0.20566291	0.24380057	0.34506024	0.41124922	0.03738833	0.24918729	0.13310586	0.19624898	0.12191530	0.18028633	0.32190345	0.19997572	0.07637612	0.32842125	0.96526865	0.39577872	0.20537249	0.29539878	-0.09929842	0.24897593	0.42447612	0.41256022	0.07569800	0.21048856	0.01877607	0.21606245	-0.05478004	0.31889109	0.16116237	0.09108864	-0.00830781	0.29414003	-0.03020930	-0.14173988	0.14286066	0.00530074	0.11009664	0.01747680	0.10172598	0.01986398	0.26029197	0.38107090	0.36103077	0.30769726	0.10708568	0.33143858	0.18199358	0.25391276	0.27918056	-0.08487432	0.25341006	0.18654698	0.24975251	0.09469703	0.22042080	0.37048014	0.33162915	0.41991130	0.24677919	0.15810040	0.06563840	-0.00981596	0.17563110	0.34652675	0.10785909	0.28481797	0.10576717	0.29574351	-0.00310171	0.01322302	0.26223133	-0.13564658	0.13303596	-0.07836438	0.05223246	0.23786074	-0.20654864	-0.15039622	-0.20246581	-0.18689994	0.08627234	-0.00232160	-0.08006705	-0.07091406	-0.09936729	-0.05614645	-0.19772241	0.01265762	-0.01699852	0.06350701	-0.11153789	-0.11139541	0.05313368	-0.01274440	0.06992457	-0.02845312	0.13224115	-0.10586619	-0.06247102	0.04950968	0.01744792	0.17574990	-0.03767709	-0.03064973	0.09094247	0.11750810	-0.01247831	-0.17089418	0.06610642	-0.07711358	-0.18082893	0.14329436	-0.12790129	0.08089397	-0.09963647	-0.06323827	-0.08994323	-0.03195289	-0.02768370	-0.00644371	0.16999512	0.01348588	0.03413640	0.19729178	-0.08180713	-0.08679298	-0.07972010	-0.00109091	0.07317049	0.06768382	0.13506159	0.07755240	0.06221086	-0.05288162	0.01835578	0.08549204	0.11251640	0.02634261	0.12443887	0.18357067	-0.12165510	0.04367008	-0.20968013	-0.05164624	0.02161706	0.10278586	0.12887695	0.12516297	-0.02623391	0.10034698	0.01904353	-0.09054440	0.19705367	0.01975140	0.09790987	0.03117638	0.00073759	0.17629894	0.08254480	0.12400342	-0.05426297	-0.06115087	-0.14567492	0.04899669	0.05183949	0.08561433	0.06137014	0.18517913	0.09100301	0.18261729	0.06423341	0.11121430	0.04128632	-0.04963584	-0.02375789	-0.03507846	-0.06777371	-0.15292190	-0.08945534	-0.11559930
17Networks_RH_SalVentAttnA_ParMed_3	0.12173824	0.20202376	-0.00841012	0.12687566	0.14445784	-0.15604915	0.11784552	0.09640986	-0.13616577	0.06177369	0.11467659	0.06752892	0.16228459	0.32019486	0.18043361	0.26393666	0.38143391	0.10271783	0.30380233	0.32531159	0.19927940	0.11715894	0.18747585	0.37070940	0.39755340	0.13433378	0.04612030	0.24034344	0.19362954	0.47260849	0.29562183	0.15525147	0.25402349	0.11268143	0.17721750	0.27247388	0.22875860	0.16433275	0.27513021	0.22576798	0.26835125	0.29721108	0.38261840	0.01599163	0.01271324	0.04347649	0.09377840	0.15171388	-0.07791454	-0.02803995	0.20917050	-0.04004440	0.26360513	0.34365775	0.11257654	-0.03799368	-0.02410362	0.10430855	-0.06592044	-0.00786952	0.11067228	0.01363740	0.05100428	0.16059833	0.10766674	-0.05733708	0.36376539	0.31254796	0.30860464	0.33762052	0.43181187	0.32644701	0.25182618	0.18198151	0.27692640	0.21232359	0.30534720	0.31614941	0.35847552	0.45649743	0.18608637	0.06372216	0.28019266	0.38817289	0.09280305	0.24598970	-0.20780215	0.24684701	0.32727957	0.06657342	0.10348019	0.24387660	0.37596238	0.05199747	0.35138106	0.55834810	0.35999125	0.53473289	0.06867031	0.06874963	0.23799600	0.18915774	0.29036823	-0.09313961	-0.30464133	0.19505226	0.07250350	-0.15233066	0.10206639	0.06117928	0.01175252	0.00812992	-0.30269078	0.11630448	0.13273981	0.04720714	-0.02345403	0.03172289	0.05914820	-0.08841090	0.33630205	0.17743924	0.18530541	0.23727021	0.12929125	0.30579908	0.06902652	0.00911428	0.08731511	0.16415703	-0.15767362	-0.18539814	0.31084432	-0.11384207	0.16511612	0.00951623	0.12386712	0.29135543	-0.11150708	-0.16975015	-0.24727615	-0.01475860	-0.22719583	0.00685715	0.22374551	0.17251613	0.16589187	-0.04793949	-0.34940697	0.03526434	-0.14120118	-0.22542021	-0.33498527	-0.16182014	-0.29774210	-0.14269227	0.00277412	0.13213944	-0.18748035	-0.19324301	-0.15996540	-0.12289987	-0.11508378	-0.27290266	-0.02737672	-0.28690560	-0.04074567	-0.07919948	-0.08419497	-0.27034667	-0.03692095	-0.26897556	-0.13005501	-0.17930687	-0.15661971	-0.13449406	-0.16416719	-0.11859107	-0.11077349	0.00769927	-0.15689612	-0.14156461	-0.16644265	-0.10417476	-0.24413411	-0.18668350	-0.15077252	0.27726407	0.12748337	-0.07397014	-0.02759562	0.10894137	-0.01881535	0.11283761	-0.08861543	-0.18202417	-0.15263460	-0.02404924	0.05262264	-0.19928546	0.05847589	0.00834239	0.05700614	-0.10564365	-0.07050105	-0.02841190	-0.11441607	-0.01103744	-0.10320403	0.07426733	0.01039567	0.05260806	0.04703627	0.06355300	0.27477252	0.21901328	0.20052257	0.25848414	0.15298979	0.28346897	0.23329970	0.28676326	0.21407140	0.03738837	0.10055929	0.34283073	0.17901832	0.42411903	0.10376446	0.21541639	0.18811149	0.32542942	0.19282959	0.19036992	0.48145700	0.16065637	0.26450925	0.29340898	0.16998853	0.26381189	0.25006795	0.34001184	0.06830276	0.39607864	0.31984764	0.26610073	0.05023403	0.14502114	0.36258174	0.10161005	0.37021419	0.19548002	0.32443819	0.43850518	0.18538922	0.30295798	0.28738931	0.33986543	0.19199555	0.13133609	0.04362379	0.22394320	-0.09229986	0.12272545	0.24315371	0.20345539	0.42307852	0.30198465	0.43746239	0.48684874	0.43064332	0.48160044	0.41207646	-0.02422734	0.34054234	0.52511115	0.33157083	0.29277643	0.57485813	0.32508942	0.01205743	0.51830996	0.51529161	0.45895086	0.41570136	0.42091831	0.35595281	0.03736157	0.03768345	0.30280063	0.16425545	0.22010612	0.13082460	0.32483436	0.00168836	0.48312445	0.26565609	0.59282709	0.39577872	1.02210788	0.43439200	0.21939396	-0.12175161	0.02088638	0.18919829	0.14057145	-0.06324913	0.34371343	-0.17558104	-0.13998683	-0.27142381	0.14098487	0.15081577	0.26218723	-0.10299393	0.10178417	0.10578232	-0.14612865	0.16947223	0.09311976	0.12525942	0.04619350	0.01925612	-0.03841622	0.40162677	0.42742892	0.20746975	0.31610090	-0.14874385	-0.10674715	-0.31277662	-0.06732760	0.04795104	-0.31532931	0.21986872	-0.04713303	0.12439552	-0.19187102	-0.13688334	0.22642743	0.21532903	0.34174914	-0.14538582	-0.25886434	-0.11957751	-0.08419153	-0.09975440	0.05669565	-0.06634480	-0.25362167	0.01117351	0.05013505	-0.08796052	-0.06550181	0.38752174	-0.13585274	0.15248690	-0.23661404	-0.23431560	-0.05920097	-0.19538286	-0.20545411	-0.18536445	-0.23032909	-0.10431096	-0.01985902	-0.23274460	-0.11854032	-0.06100464	-0.19203493	-0.17969654	-0.12754225	-0.08811314	-0.09775117	-0.27987513	-0.16915989	-0.02860860	-0.19294023	-0.22431119	-0.25580725	-0.12851742	-0.21432556	-0.34391633	-0.22006474	-0.02302134	0.21269954	-0.00057636	-0.00673460	0.18939729	0.16573688	0.10098719	-0.12916643	0.06942603	-0.06337547	-0.32993395	-0.02717630	-0.31833609	-0.03620757	-0.29149984	-0.19251090	-0.04711876	0.02543581	0.06249380	0.01551454	0.07462613	-0.13621776	-0.02761136	0.15059384	-0.05511365	-0.10876642	-0.09376948	-0.00410479	0.09762248	0.17335548	-0.04707525	-0.02839904	0.03035029	0.11731988	0.01074785	0.11038469	0.12314130	-0.01175079	-0.07924954	0.00292986	-0.07874812	0.07906916	0.00370206	0.09145439	0.00674183	0.19696187	-0.04641898	0.11196579	0.11106424	0.07186647	0.12970506	-0.04126676	0.11379742	0.11976968	0.14379431	0.09137655	0.05541765	0.09902412	0.11463707	0.07907014	-0.01122930	-0.09320078	-0.13095039	-0.02629983	0.20333041	0.16044685	0.07824028	-0.03507176	0.15377778	0.20556560	0.06171484	0.01429996	0.06635064	-0.02166581	-0.00676056	-0.05209732	0.01076959	-0.11848832	-0.07300852	-0.04621567
17Networks_RH_SalVentAttnA_ParMed_4	0.05617745	0.12771532	-0.12670216	0.03690296	0.11142104	-0.12413485	0.03184117	0.13555278	-0.04035341	0.09116555	0.06629633	0.21119858	0.23601669	0.26079415	0.10480519	0.28827791	0.33537022	0.03584811	0.21820763	0.28306140	0.13932569	0.23586642	0.16871896	0.36372887	0.46486785	0.28499864	0.15403419	0.36503202	0.24368818	0.41113888	0.37674974	0.23004820	0.41857993	0.24409447	0.25653850	0.31717414	0.32487508	0.11360593	0.32053323	0.31492498	0.30440803	0.33441928	0.44323220	0.05551569	0.02277123	-0.16409526	-0.04603440	0.14786723	-0.10602240	-0.03539048	0.25114377	0.14006848	0.32119145	0.08185143	0.07550990	-0.03789781	-0.05616459	0.29742926	0.03628877	0.01834432	0.21834202	0.01308038	0.07294637	0.16505952	0.17974203	0.07862910	0.43436928	0.36386567	0.31380519	0.27640354	0.40333081	0.34408105	0.07746330	0.02973373	0.07314103	0.21462959	0.43637551	0.46516312	0.20698490	0.28496395	0.12505509	0.16557039	0.23316926	0.24613479	0.12630068	0.14989213	-0.01930198	0.07603759	0.12388439	-0.08025093	-0.00897665	0.08680965	0.30943275	-0.04288902	0.36342249	0.40899849	0.34296890	0.47476233	0.11527722	0.19563921	0.06532205	0.16004973	0.15252042	-0.09547114	-0.14199479	0.13191334	-0.01682111	0.05777358	0.02644468	0.16002507	0.12856345	0.08336662	-0.18303996	-0.02782898	0.12685010	-0.11951445	-0.26927295	-0.14895519	0.07126966	0.05674494	0.17962230	0.17039596	0.04702397	0.23577572	0.16947841	0.11126078	0.07937914	0.00695305	-0.01688851	0.07471443	-0.08994858	-0.11479963	0.22929670	0.06609467	-0.00802932	0.00672783	0.07666968	0.15714279	0.10152684	-0.10519748	-0.11555552	0.00956055	-0.06560909	0.02649736	0.15616575	0.15183043	0.19206686	-0.00243009	-0.13429588	0.01944580	-0.02282969	-0.03109285	-0.12836725	-0.00590611	-0.08393629	-0.03289933	0.00642517	0.30121960	-0.06335330	0.00930752	0.03521180	0.02982983	0.04288916	0.01016411	-0.04701652	-0.08402010	0.15048108	-0.02009270	-0.16178843	-0.06419946	-0.13583546	-0.10713371	0.07697155	-0.02363984	0.00943480	-0.02291219	-0.02772461	0.04978910	0.00775806	0.13566653	0.06191193	0.04835809	0.11451106	-0.06843724	-0.03564782	0.02901627	0.00137035	0.14574942	0.20901907	0.08552139	0.03642954	0.03035856	-0.05176057	0.08653867	0.14207832	-0.08668659	-0.01447602	-0.12205459	0.06187591	-0.12218093	0.10044106	-0.14207309	0.03454542	-0.11415241	-0.15942871	-0.03271494	-0.14260182	0.07682389	-0.08178445	0.11161893	-0.07013218	0.04863974	0.11327019	0.12516287	0.24060395	0.25095754	0.19421655	0.20484199	0.22275934	0.27299260	0.11932266	0.34205266	0.17510369	0.14601681	0.21149316	0.42157170	0.34663469	0.37961847	0.27464852	0.43671370	0.35288693	0.45051467	0.38095909	0.38404980	0.51765909	0.14551632	0.38813078	0.32881064	0.22870631	0.31477822	0.22949918	0.39359329	0.17374180	0.36717549	0.26397249	0.18731452	-0.07164799	0.14495948	0.21672605	-0.01441582	0.27215203	0.09263197	0.23889850	0.24944985	0.21208630	0.19627148	0.24116486	0.31676902	0.32578734	0.16359484	0.05155271	0.27297356	0.05007867	0.10552597	0.23330290	0.21560380	0.42607886	0.32017882	0.43297267	0.36218375	0.37557950	0.35978294	0.26875921	-0.06230008	0.16218487	0.46331809	0.25341186	0.40965535	0.42716940	0.26098763	-0.02238200	0.41343732	0.40975826	0.36235327	0.23550767	0.23726117	0.23332952	0.03738360	0.12817846	0.21481577	0.08161797	0.01760989	0.20319944	0.23816794	0.02694929	0.40813990	0.12313829	0.48949411	0.20537249	0.43439200	0.99419261	0.27067545	0.11058309	-0.00305186	0.17142434	0.04859861	-0.06800465	0.18354477	0.07338543	0.00937754	-0.10913433	0.17795610	0.14328130	0.27034637	-0.02757520	0.06173601	0.26076602	-0.20689541	-0.07982904	-0.05364907	0.06970636	-0.09410871	-0.04630253	-0.03344628	0.34255130	0.21282523	0.06347625	0.28562663	-0.05744606	0.01306935	-0.14886525	0.00144364	-0.01563676	-0.06524391	0.20774099	-0.07976744	0.14279500	-0.14670920	-0.12216014	0.04629289	0.05461668	0.11899634	-0.07973674	-0.08091240	-0.00681778	0.02486759	0.06842724	0.14155451	-0.02181788	-0.17471805	0.02168962	0.03358316	0.00839385	-0.03946922	0.24243278	0.07368561	0.17783915	-0.21206640	-0.16137693	-0.05031461	0.06456561	0.02333897	0.03856051	-0.00864289	-0.02459192	0.11101619	-0.08072314	0.01040666	0.00013512	-0.04117019	-0.00237890	-0.02652925	-0.03069392	0.12364731	-0.14888589	0.05184569	0.09147599	0.01331399	-0.06108946	0.05938648	0.05984480	0.08294432	0.01537846	0.01530324	-0.02315058	0.02427593	0.06860016	0.08952059	0.06708026	0.12387498	0.14535724	0.07311075	-0.05535653	0.12919730	-0.11014452	-0.06254634	-0.18940953	-0.06130670	-0.06078485	-0.10448928	-0.17012800	0.01537993	-0.04933154	-0.02213344	0.17953836	-0.12147643	0.10686882	0.24140756	-0.00615535	-0.00679926	0.05343737	-0.08825437	0.15689118	0.07200001	0.15908772	0.11807231	-0.11061707	0.05287760	-0.07423022	0.04546886	0.05721684	0.03363386	-0.00435575	0.08821518	0.11400522	0.15604845	-0.00079129	0.16896147	0.10249154	0.21096695	0.13156142	0.16849992	0.19467456	0.06971681	0.32393966	-0.05600015	0.04506739	0.20756730	0.20962943	0.05723307	0.07277188	0.02046315	0.10526591	0.08814984	0.04637477	0.00852281	-0.13384353	-0.08028106	0.19199678	0.28586381	0.27403264	0.03317089	0.10114177	0.34817335	0.14725115	0.14255222	0.13376665	0.06962096	0.09664620	-0.08840677	0.09300336	-0.01412047	-0.11019121	-0.09132134
17Networks_RH_SalVentAttnA_FrMed_3	0.34210875	0.37560518	0.32211205	0.45857010	0.08356351	0.03926994	0.35936530	0.30245653	0.19115382	0.19210297	0.24220088	0.25688840	0.33301492	0.52496679	0.44251021	0.10686175	0.30167052	0.17712670	0.16195908	0.31290150	0.15504787	0.10210207	0.20931645	0.27990948	0.33159647	0.19786645	0.20559643	0.40206051	0.28376869	0.31946382	0.29384005	0.41119188	0.42941914	0.42902421	0.36872094	0.48104778	0.14992997	0.27714331	0.46943543	0.49880946	0.18694655	0.27767860	0.32359704	0.23842264	0.13388413	-0.01281319	0.08347260	-0.01583522	0.04140913	0.12687540	0.30293340	0.35322354	0.13667832	0.05025672	0.15978115	-0.08807640	0.23920388	0.22710198	0.22738202	0.31023512	0.30461239	0.26928951	0.20935420	0.15844799	0.24526253	0.17114068	0.38886494	0.35936208	0.36829802	0.27759640	0.40696587	0.42039599	0.05093653	0.14312965	0.08070624	0.30977553	0.40514503	0.33145157	0.24941972	0.22091697	0.29324005	0.37457717	0.33131417	0.25791649	0.33398123	0.03378884	0.12547378	0.06801593	0.05748593	-0.16810603	0.15117778	0.18490916	0.29336829	0.25374539	0.27158410	0.25186184	0.17553573	0.43519166	0.42319031	0.51865171	0.08802453	0.40595152	0.13559707	-0.00749684	0.02927890	0.20985064	0.24352662	0.30453032	0.00037672	0.23461353	0.03996562	0.00407935	0.16944153	-0.00163634	-0.03835409	-0.17038776	-0.18041363	0.03917314	-0.03562949	-0.02188092	0.18262445	0.36003904	0.12599134	0.33553254	0.30615403	0.16668058	0.36127539	0.24050836	0.16961977	0.25913097	0.15759190	0.12278978	0.14296741	0.25217953	0.28668908	0.38565818	0.29740294	0.20845624	0.14391874	0.27010969	0.24940459	0.29724489	0.33854951	-0.03982496	0.16790712	0.12859690	-0.00617278	-0.02514242	0.06160604	0.13227765	-0.04018133	0.25092839	-0.01576536	-0.01985843	0.00068667	-0.08343398	0.01049588	0.24705122	0.10331006	-0.08991646	0.15197524	-0.02584252	0.07819681	0.07977680	0.30455979	0.03200043	0.09261934	0.03354633	0.02784975	0.07069804	0.10270569	0.13388599	0.14836750	0.24187587	0.24201060	0.24324943	0.28523293	0.35937109	0.22296571	0.54734979	0.23862599	0.30921086	0.17400863	-0.03729103	0.17862425	0.25528506	0.26548377	0.03848235	0.13439930	-0.11200714	-0.17424689	0.07988780	0.10615495	0.15471493	0.27965639	0.24836434	0.06473176	0.03103555	0.07593807	0.00448566	0.38986256	0.25485410	0.33916932	0.35957454	0.20960483	0.29205635	0.37362775	0.30472247	0.25263473	0.39628846	0.13694796	0.30107922	0.34132808	0.01519984	0.35485052	0.31014962	0.15727443	0.22061352	0.27597739	0.30042884	0.16202651	0.25405172	0.13684042	0.32705900	0.18803641	0.34431999	0.36536309	0.32403353	0.36186841	0.34711751	0.40414734	0.39318446	0.34714682	0.36922038	0.47034993	0.27742001	0.18873103	0.11728852	0.17797591	0.40770642	0.40410039	0.48508592	0.25691160	0.27523556	0.23671613	0.21876987	0.04676564	0.15710483	0.12199559	0.05241132	0.19197905	0.11893770	0.17555705	0.13084838	0.23068484	0.21629486	0.31121643	0.29970796	0.28650357	0.42153479	0.40256158	0.44309932	0.16984521	0.15867458	0.29304196	0.32544466	0.26840820	0.25829284	0.34203647	0.30042747	0.26811840	0.25585081	0.21545447	0.20290460	0.12814510	0.30285792	0.28113586	0.24294194	0.25455594	0.19095753	0.10471526	0.32368202	0.44174233	0.53244400	0.15685441	0.12755681	0.19438281	0.28213876	0.10132978	0.01770732	0.10973078	0.02201704	0.05935841	0.18801145	0.03983922	0.32299112	0.15965575	0.16487020	0.29539878	0.21939396	0.27067545	0.91869522	0.33079707	0.08534666	0.18011495	0.28753753	0.25276463	0.38506544	0.15812884	0.07807947	0.13315754	0.39732362	0.19228647	0.21861669	-0.00533499	0.08371929	0.01060667	0.07513624	0.06705026	0.03764397	0.12204113	0.06510357	-0.05774701	0.05941842	0.31011705	0.09848251	0.11997944	0.37374115	0.27740594	0.30670040	0.20401858	0.28466976	0.10981530	0.22559058	0.15849598	0.30170832	0.46855103	0.29696482	0.24679539	0.10873726	0.02330756	0.25261177	0.29791403	0.26509372	0.39059566	0.08029783	0.36369722	0.29891110	0.25809007	0.22135040	-0.13121920	0.06264644	0.14994698	-0.02729123	0.12715306	0.00145066	0.04537653	0.18226697	0.24394226	0.22788334	0.21604299	0.21607065	0.05065723	0.11507926	-0.02047128	0.18842661	0.00940581	0.17696800	0.09828626	0.09714675	0.15502046	0.46560591	0.03788447	0.30926973	0.12595520	0.25018786	0.36033305	0.28885015	0.39179759	0.34453396	0.45217464	0.15242304	0.25433465	0.23497963	-0.01880795	0.02074419	-0.00207919	-0.12920602	0.15496752	-0.01922000	0.10889916	0.08042182	0.23542968	0.34621784	0.13098269	0.16835524	-0.05256215	0.07150414	0.28367656	0.13503009	-0.15975281	-0.02326652	-0.03565398	-0.06487889	0.21581152	-0.05364621	0.13561722	0.22875143	0.13269035	0.14548387	0.04032012	0.07795775	0.18386003	0.05497785	0.36102236	0.34510834	-0.06848780	-0.05063775	-0.01094824	0.13154527	0.12930657	-0.03044805	0.18282510	0.24522233	0.12193847	0.10579097	-0.00925070	0.19884703	0.22810831	0.17574389	0.46624435	0.45321242	0.38518700	0.30644630	0.33577446	0.13440136	0.11669797	0.37379912	0.31282845	0.13840699	0.31840422	0.40975350	0.38737156	0.38912116	0.42739012	0.40554812	0.27288173	0.32184961	0.39219513	0.41458125	0.39299659	0.06067210	0.21585341	0.43870050	0.26475792	0.21964705	0.25147243	0.42437411	0.43034332	0.31605315	0.35697006	0.32750837	0.29810262	0.24491516
17Networks_RH_SalVentAttnA_FrMed_4	0.24626082	0.22752196	0.06014295	0.21738635	0.17640136	0.01715672	0.15340319	0.22177513	0.19994477	0.09705071	0.15540680	0.18971122	0.21201523	0.19480302	0.19453727	0.01180438	0.16029864	0.13167198	-0.00606122	0.06947101	0.02993762	0.10204559	0.12578433	0.04811176	0.17531419	0.25474597	0.17503946	0.22310686	0.11447419	-0.02454509	0.05969974	0.09318983	0.26492950	0.34166825	0.21386474	0.14094257	0.06831944	0.22545520	0.30437106	0.27345203	0.06115838	0.19203045	0.06088481	0.05250454	-0.05850798	-0.08991300	0.09603982	0.02524568	0.08394896	0.18903159	0.16396102	0.13280779	-0.10566126	-0.15407184	0.05716504	-0.08615000	0.10721826	0.17444698	0.10241235	0.24833359	0.22962053	0.21636698	0.15584700	0.05506958	0.10055104	0.09884299	0.11511945	0.11777489	0.11334144	0.00379998	-0.00136537	0.15022704	-0.15146393	-0.06774990	-0.03422650	0.09629159	0.10458691	0.14530736	0.15057756	0.02344375	0.21455830	0.24730160	0.01656979	0.05029497	0.21346413	0.00675191	0.22954492	-0.12979903	-0.11882770	-0.06608616	0.01321148	-0.02683596	0.05164888	0.04730878	-0.05759482	-0.11719051	0.05473960	0.05781254	0.18481284	0.32923371	-0.14470873	0.17957242	-0.09262944	-0.06187220	0.07159468	-0.00055667	0.07882398	0.28940963	-0.27139924	0.22273358	-0.09477456	-0.01235129	0.19308188	-0.15336669	-0.22088149	-0.20683314	-0.14644444	0.00308734	-0.19893023	0.01819127	-0.05982174	0.22509438	-0.10985941	0.07891611	0.03277991	-0.09480554	0.27251043	-0.00626406	-0.09163199	0.00418702	0.10636068	0.07310962	-0.03021634	0.08586140	0.02455154	0.19677870	0.00318349	-0.10807472	0.39641404	0.07985184	0.20847006	0.17145527	0.35873155	-0.02740329	-0.03428490	0.01040307	0.00067941	0.09567902	0.24155522	0.00361384	0.07300537	0.37830560	0.22168105	0.18445139	0.21167478	0.05487753	-0.05876082	0.28894053	0.27635330	0.01184448	0.28140368	0.08010695	0.17666031	0.22524160	0.11922515	0.11744698	0.12127103	0.00514551	-0.02407347	0.18042334	-0.00598513	0.21057830	0.21917356	0.32565851	0.31166471	0.36252505	0.36857785	0.47252555	0.42891522	0.43199981	0.45713269	0.38057041	0.35405225	0.01481057	0.27775679	0.33155342	0.28706503	-0.11015992	0.05848400	0.00762940	-0.09134013	0.04101703	0.11398001	0.02502877	0.16594937	0.27655392	0.03650571	-0.10716688	0.09171657	0.11314471	0.27476159	0.19445916	0.20652711	0.22209032	0.06179466	0.15990444	0.25646281	0.11814227	0.15333808	0.17819336	0.12357812	0.15799674	0.14391268	-0.04037452	0.18785432	0.27014564	0.09254758	0.10814614	0.17489920	0.13208041	0.01650896	0.02006021	0.08220451	0.07773146	0.11354296	0.16309237	0.22283688	0.00414561	0.19125767	0.24706495	0.26778055	0.18606311	0.15734783	0.19406542	0.07985956	0.23016848	0.04544232	0.10806559	0.16979305	0.17485080	0.19671906	0.21603820	0.40834540	-0.00468384	-0.02474165	0.05837596	-0.04615734	0.09017903	-0.04881591	-0.04287777	0.02811977	0.02907143	-0.07909527	-0.04295796	0.13146419	0.00925788	0.05534696	0.04831896	0.23255078	0.23267606	0.14971368	0.21815925	0.26232213	0.00205265	0.09267573	0.16618451	-0.08015512	-0.00232179	-0.00469828	-0.04192176	0.01376530	0.12486778	-0.10656948	0.08303384	-0.09004824	-0.09452819	0.06541702	0.06021726	0.01978565	0.15022281	0.29174609	0.03467181	-0.09556209	0.09739570	0.00642641	-0.04944168	-0.07402553	0.08170630	0.08541373	-0.07878596	-0.04430568	-0.08260063	-0.01461210	-0.07413499	-0.07185797	0.08966065	0.08533408	-0.18032576	-0.09929842	-0.12175161	0.11058309	0.33079707	0.99643752	-0.06069737	-0.06533572	-0.04862217	0.16270194	0.15052696	0.36274522	0.14468214	0.24668645	0.18615692	0.02266763	0.09174008	-0.04915530	-0.00371395	-0.12436109	0.09984286	-0.21966076	-0.13027538	0.06677696	-0.19634422	-0.25890799	-0.00196207	0.02257248	-0.15131766	-0.08302061	0.06168597	0.25758035	0.14079127	0.20292789	0.12519327	0.04860126	0.29593959	-0.00426890	0.02025967	0.12583133	0.21934075	-0.04925777	-0.17187512	-0.25616471	-0.05857152	0.11461485	0.24299386	0.36684790	0.08006680	0.18197288	-0.00580061	0.10395639	-0.02795379	-0.14426555	-0.01597085	0.21239101	-0.03817006	-0.08607360	0.14499499	-0.00272841	0.11543444	0.22195672	0.01795553	0.39705173	0.41829165	0.18593768	0.31602977	-0.04938282	0.21485067	0.09505265	0.15060377	0.10708382	0.15335739	0.26541008	0.37179601	0.05710826	0.15085899	0.15031951	0.26354270	0.34014517	0.30423223	0.34927552	0.54753113	0.49269433	0.46408865	0.38822558	0.29592847	0.02104857	-0.16332145	-0.01462811	-0.07960788	0.02944082	-0.04653698	0.06507504	0.18140185	0.19405089	0.30986163	0.31387181	-0.05421798	0.12497194	0.07716273	0.31798794	0.24959169	-0.26366133	0.06573968	-0.12155796	-0.13500343	0.15748601	-0.10849238	0.06399095	0.16672834	0.07730188	0.09450537	0.11337363	0.05473481	0.07995156	-0.01135612	0.11170328	0.24583179	-0.24213364	-0.01825516	-0.13582099	-0.01572942	0.01528972	-0.11880777	0.12023207	0.11498006	0.14548189	-0.02857297	0.17279018	0.14860217	0.10328716	0.11724151	0.18835906	0.15021455	0.33412403	0.26713697	0.25814719	0.22921199	-0.07841186	0.30162640	0.22749350	0.05180874	0.23011291	0.20983764	0.23926274	0.22163393	0.35863425	0.31292307	0.18116194	0.24979325	0.13664747	0.21989736	0.28447712	0.07249449	0.02741484	0.28723693	0.19759759	0.13646877	0.23452396	0.35489123	0.35427316	0.28482354	0.27340751	0.31707291	0.22041594	0.15486811
17Networks_RH_SalVentAttnB_IPL_1	-0.13237049	-0.18124707	-0.03167500	-0.07368966	-0.08355121	-0.09298895	-0.12351252	-0.04750351	-0.07848912	-0.06270877	-0.11397240	-0.12222709	-0.13986979	-0.06338122	-0.12484463	-0.05526866	0.05643323	-0.22648821	-0.03750845	-0.04718208	-0.08520988	-0.10942019	-0.05918621	-0.12203207	-0.00152056	0.05443876	-0.02041212	0.03162884	-0.00956246	0.06620173	-0.02929690	0.07851066	0.00983651	-0.04731504	-0.07345216	0.04052211	-0.03486918	-0.13002720	-0.11637772	0.02399753	-0.10683355	-0.12494068	-0.02064655	-0.04623886	0.01552640	-0.08420502	-0.06895078	-0.20839831	0.09247556	-0.05620731	0.02487053	0.08741065	0.01349494	0.17250287	-0.04010190	0.22621099	0.03754416	-0.00660004	-0.05228012	-0.11552163	-0.11725309	-0.14379836	-0.14664737	0.07981327	-0.18750168	-0.04602482	0.03083560	-0.03125737	-0.07142181	-0.07400883	0.07843885	-0.04948927	0.21656012	0.05042572	0.21779539	0.08744111	-0.06616033	-0.08309964	-0.08471500	-0.07099756	-0.04847505	0.08894477	0.06158693	-0.02298801	0.02757036	-0.13546231	0.05454102	0.30395613	0.07447908	-0.02484670	0.09262656	0.00279159	-0.02737255	0.09874112	0.08258989	0.09792950	-0.10892100	-0.00515446	0.00671506	-0.13069787	0.23082713	0.02542954	0.23241460	-0.05674668	-0.08761915	0.00573871	0.04478737	-0.10316264	-0.00579108	-0.12232371	0.02721121	-0.08008209	-0.07067626	0.07818911	0.04982295	0.04623522	0.04983669	-0.00152613	0.10617327	-0.03869614	0.04413932	-0.06122284	0.30621857	0.12122035	0.13596882	0.17304893	0.04723109	0.12952512	0.26522768	0.16652251	-0.00734571	0.03892943	0.09922942	-0.09947880	-0.02751373	0.14846514	0.19206374	0.10136809	-0.12426151	0.05164995	-0.04908072	-0.04326631	-0.06735935	0.02747269	-0.03926401	-0.01578931	0.07715641	-0.03507614	-0.18906763	0.05942522	-0.10199950	0.04338787	-0.15873888	-0.21940188	-0.25600356	-0.19448924	0.01228014	-0.12455412	-0.26159401	-0.12982004	-0.24841442	-0.21676085	-0.23900882	-0.09147696	0.03760881	0.00774104	-0.08789228	-0.06840375	0.04415267	-0.08935066	-0.01582708	-0.10282934	-0.21534609	-0.04991954	-0.22349862	-0.21496264	-0.08354549	-0.06198588	-0.04078029	-0.08801754	-0.02200035	-0.04433437	-0.16853691	-0.10679100	-0.12611551	-0.14417612	-0.12381000	0.01489600	-0.10339676	-0.19879464	-0.15065491	0.04633281	-0.10264927	0.04285776	-0.03432171	0.06593674	-0.03172332	0.08915420	-0.01368347	0.04237464	-0.14411535	-0.10009229	-0.17462804	-0.19544240	-0.08242735	-0.04905356	-0.15080026	0.00072447	-0.02412418	-0.03984207	-0.05103462	-0.13901113	-0.14471835	0.04304276	-0.10782217	-0.13124494	-0.05277514	-0.13422533	-0.13474259	-0.08606326	-0.08521615	0.06252829	-0.12793135	0.03819844	0.07166412	0.05328872	-0.10037868	-0.04371327	-0.07468188	-0.04973552	-0.10756859	-0.20789177	-0.14023426	-0.05692626	-0.04661970	-0.06271090	-0.07665199	-0.19970218	-0.19944812	-0.05142021	-0.07127351	-0.12093836	-0.08998809	0.06233327	0.05268577	-0.11249699	0.02126598	-0.17287214	0.07144386	-0.19289141	-0.06357101	-0.06889451	-0.16641491	-0.03820418	-0.00386567	0.21782079	0.08049082	0.05259065	-0.05248048	-0.07970227	-0.06843834	-0.02409973	-0.11415367	-0.15629541	-0.08550717	-0.00431620	0.04990707	-0.09117691	-0.03603820	0.03730652	-0.09984244	-0.02609799	0.11045994	0.05821896	0.16248970	0.09149246	0.00937781	-0.13940604	-0.00900950	-0.19963076	-0.13923795	0.01974224	0.12741028	0.18525855	0.16211330	0.01932073	0.32777094	0.22098377	-0.09993334	0.09898916	-0.04481648	0.03570527	-0.02103157	0.01292275	0.38913027	-0.11176429	-0.13858894	0.02546032	0.24897593	0.02088638	-0.00305186	0.08534666	-0.06069737	0.75610978	0.36044705	0.29715777	0.18380242	0.05289999	0.05563676	0.14171386	-0.03101048	0.00136279	0.20263109	-0.02838061	0.10634351	0.12542306	-0.08334031	-0.02209451	-0.00159897	0.05565291	0.12446395	-0.10198490	0.10134826	-0.07362648	0.08544979	0.25479801	0.19698811	0.10832985	0.03064288	0.23338602	0.17007644	0.13359736	0.20773888	0.09949222	-0.04847957	0.05082971	0.16652160	0.23914305	0.37473614	0.44188531	0.21245400	0.14280511	0.18812136	0.22358676	0.03002593	-0.09426588	0.12725865	0.28365057	-0.06833174	0.22786157	0.07106536	0.21073523	-0.21968079	-0.01955507	0.12140678	-0.10468914	0.07785821	-0.05055564	0.00714493	0.20260287	-0.20427030	-0.17244425	-0.22041493	-0.18164647	0.10971264	0.00306337	-0.12325969	-0.05676816	-0.08574448	-0.03892554	-0.19775472	0.00885976	-0.06064647	0.14186057	0.07038728	0.06057796	-0.05613046	0.12164234	-0.00168756	0.05742214	0.17495580	-0.08186505	0.03236087	0.21956315	-0.00350777	0.09205765	-0.09297048	-0.09993995	-0.01848304	-0.03761136	-0.00224183	-0.08016885	0.06853895	0.05913443	-0.03400575	0.22247483	0.04305582	0.12410982	0.04583537	0.29817483	-0.05144752	-0.07396949	-0.04922242	0.01966954	-0.01911766	-0.00694817	-0.16217633	0.00350363	-0.01614284	-0.01637793	-0.21451940	-0.11091015	0.01391383	-0.02859559	0.09826397	-0.00959798	0.02221205	-0.10193242	0.04920073	0.03055444	-0.04239718	0.02020198	0.02738873	0.00680340	-0.09769801	0.12353874	-0.10992117	-0.15355284	0.01730494	0.03597444	0.16307006	0.06811678	-0.17112046	-0.09733346	-0.18741294	-0.16259421	0.15788706	-0.15836744	-0.13503025	-0.09504070	-0.07819672	-0.03654870	-0.10265691	-0.08061556	-0.06777741	-0.11416374	-0.07651960	-0.07632431	-0.12080820	-0.10968900	-0.17065104	-0.15425310	-0.09087236	-0.15453093	-0.01657863	-0.05930767	-0.05029816	-0.01077956	-0.16956510	-0.09218359	-0.09734895	-0.11622471	-0.09344923	-0.09664641
17Networks_RH_SalVentAttnB_PFClv_1	0.01513767	0.05429522	-0.02613894	0.03119819	-0.04594345	-0.05945899	-0.02322613	0.02196910	-0.08230614	0.00385319	-0.00981871	-0.02835891	-0.01285324	0.08482921	0.03035991	0.10320162	0.20088703	-0.10743898	0.15963593	0.16354507	0.09225974	0.05721702	0.12351791	0.16308120	0.11735478	0.07485845	-0.00996086	0.18078719	0.04533515	0.16551792	0.08548791	0.05721742	0.09440492	0.05208356	0.05103659	0.13402046	0.02792375	-0.11655960	-0.01483081	0.07729562	-0.03446249	0.06671095	0.05482907	0.04332461	0.02173011	-0.07855216	0.07255442	-0.13734754	-0.01453195	-0.08233924	0.16112968	0.07188123	0.08391544	0.26539781	0.06468907	0.11975201	0.04054293	-0.01417586	-0.05508348	-0.07280762	-0.06391632	-0.06481884	-0.01440070	0.03145282	-0.05034325	0.00975155	0.13096533	0.11224524	0.03976183	0.03915131	0.16934153	0.03194395	0.35935143	0.12456641	0.28240837	0.14632055	0.04704046	0.02707432	0.00635694	0.05610392	0.00393708	0.05165617	0.05435738	0.03956952	0.13719608	-0.05896400	-0.10757508	0.30586665	0.26610421	0.03968559	0.20277109	0.23606358	0.16897284	0.16113086	0.16369256	0.23481449	0.03932048	0.15458424	0.04400977	-0.02984150	0.30408181	0.07903098	0.22285818	0.11675111	0.01060084	0.16591576	0.18956505	0.05623452	0.05618472	0.02857541	0.10104524	-0.02545808	-0.14985970	0.09301919	0.12149411	-0.01620533	-0.00556406	-0.09453943	0.08258126	-0.06407422	0.10887049	0.05193361	0.31482303	0.22924480	0.12535726	0.27302732	0.08472671	0.25367781	0.26207391	0.26393625	-0.01716458	0.04590956	0.24038650	0.06667365	0.11481707	0.12954914	0.23956131	0.20025636	-0.16571818	0.10621787	-0.05320792	0.04562177	-0.06367000	0.04123168	0.00327616	-0.11403238	0.11172362	0.02529222	-0.23341883	0.01355039	-0.14016988	-0.01044279	-0.22802961	-0.23524216	-0.31188253	-0.20537673	0.02735979	-0.05860499	-0.31415393	-0.21420648	-0.22525379	-0.19446191	-0.21870460	-0.14139739	0.02829916	0.00149291	-0.05336878	-0.08231095	0.03229976	-0.20167686	0.03138761	-0.10658592	-0.18882272	-0.10304995	-0.24163381	-0.23644347	-0.12409145	-0.11148770	0.01840545	0.00095801	-0.07745025	-0.04881885	-0.14841635	-0.03619720	-0.16701923	-0.11817845	-0.04627586	0.10417139	-0.01660253	-0.16350185	-0.16455272	0.03179767	-0.06952772	0.07405603	0.05033367	0.12999642	-0.03340563	0.07656854	0.02170492	-0.10826600	-0.10152737	0.02772989	0.01919473	-0.05486518	-0.12672125	-0.01894091	-0.09251812	0.07786997	-0.00350620	0.01599127	0.04665750	-0.02372476	0.01958315	0.15953704	0.05943040	-0.05639073	0.08394022	0.08186378	0.06183547	0.14340772	0.10992314	0.25573670	0.03061920	0.00100231	-0.02406030	0.11005069	0.01202866	0.06302890	-0.04711903	0.01084787	0.09113149	-0.04079091	-0.01083441	0.00948060	0.07732478	0.00126878	-0.00621617	-0.03915882	-0.04748343	0.02778932	0.00794120	0.01954871	-0.05222919	0.15086453	0.14923337	0.03947580	0.12703192	-0.08526878	0.05716593	0.00274611	0.03693300	0.07566774	-0.05661432	0.02990083	0.11053375	0.41490956	0.12468837	0.07858538	0.05796229	0.02823037	-0.04582419	-0.00653312	-0.17852843	-0.05081990	0.00461227	0.08197745	0.17917024	-0.00022763	0.05490589	0.22150889	-0.04215886	0.01879190	0.19034778	0.04544766	0.31673436	0.27141986	0.14808073	0.01918412	0.06216168	-0.10779994	-0.16537816	0.05954383	0.22158771	0.22724674	0.17031658	0.14178988	0.39611822	0.36579910	0.05682567	0.22035392	0.11503660	0.23437355	0.16586961	0.17653679	0.33317943	0.06766297	-0.02563421	0.19052586	0.42447612	0.18919829	0.17142434	0.18011495	-0.06533572	0.36044705	0.80422340	0.31864593	0.06438750	0.09082059	0.06693372	0.21114814	-0.09499943	0.15507251	0.21367627	0.18490300	0.04362214	0.22771814	-0.02142571	-0.16234769	0.05802976	0.02883499	0.07206082	-0.05851930	0.06115809	0.01037017	0.20627079	0.35071484	0.30557776	0.18918982	-0.07869451	0.29158732	0.17079773	0.16099035	0.30959172	-0.00813795	0.14494831	0.11590998	0.24274933	0.09639890	0.29384771	0.40427778	0.33311189	0.15187916	0.11541463	0.13729071	-0.01384132	-0.00903216	0.17842806	0.31020271	-0.00453307	0.19127272	0.08106228	0.25583806	-0.21503583	-0.14227257	0.05562139	-0.11178751	0.16689460	-0.15564486	-0.07232857	0.20806528	-0.23125235	-0.23624602	-0.24765181	-0.24032688	0.06584048	0.02342134	-0.19103608	-0.09288074	-0.14624872	-0.04288277	-0.26268355	-0.02313303	-0.10733193	0.16161084	-0.04476520	-0.05825079	-0.09066268	0.01325302	-0.02923910	-0.00984771	0.17216785	-0.04541655	-0.00402656	0.14568378	-0.07042996	0.10580267	-0.01192630	-0.06327026	0.11070540	0.05084455	0.05978955	-0.12581249	0.07133106	-0.00407477	-0.12989615	0.14387836	-0.09812549	0.02499446	-0.08735993	0.05689156	-0.08657573	-0.00260842	-0.10525902	-0.00905135	0.06808388	-0.03438498	0.00790405	0.11959191	-0.01673520	0.00898047	-0.14070559	-0.04312098	0.03748763	0.01679714	0.19348907	0.09895888	0.01359367	-0.08121292	0.03915711	-0.00394453	-0.00912954	0.01648633	0.05675465	-0.01319093	0.00112542	0.17095590	-0.14018955	-0.09793770	0.08390191	0.10744943	0.16221686	0.13137254	-0.11058524	-0.03002115	-0.07247365	-0.11511108	0.18574875	-0.07643983	-0.10263331	-0.05105354	-0.04573428	0.01877132	-0.01419775	-0.00243320	-0.07476365	-0.11720905	-0.11824279	-0.02685397	0.01794765	0.00325235	-0.02891535	-0.03769877	-0.03302081	0.02572681	0.01566688	-0.02200512	-0.01666298	-0.04972501	-0.08114256	-0.04871857	-0.01378134	-0.11521574	-0.05554059	-0.09175232
17Networks_RH_SalVentAttnB_PFCl_1	0.15554556	0.14610291	0.15917373	0.15858064	0.02372705	-0.08641067	0.06371807	0.02283605	-0.03844533	0.04104712	0.01775899	0.05032558	0.04126145	0.19264360	0.10591236	0.06156326	0.12502343	-0.01907497	0.19717755	0.15935070	0.11084154	0.10241886	0.09394473	0.11067052	-0.00078421	0.10325178	0.05233371	0.14407453	0.06946824	0.14276365	0.01712532	0.16621146	0.12766393	0.08826290	0.08748979	0.27789713	0.04533373	-0.09255181	0.01074441	0.18296040	-0.09595053	-0.05782045	0.08042747	0.17011855	0.11395560	0.00190937	-0.02768984	-0.10792106	0.06477167	0.04852860	0.13483935	0.13699101	0.11486678	0.20107921	0.06128303	0.02941276	0.14334234	0.02977419	0.05512791	-0.01347426	-0.03121313	-0.06163613	0.02476438	0.05574034	0.00113532	0.08198548	0.21285066	0.24817280	0.16673249	0.04119734	0.33661273	0.21605271	0.25557471	0.11662872	0.20019078	0.16472416	0.09422523	0.02318550	0.03548335	-0.02985600	-0.02064161	0.11606649	0.23942213	0.08959764	0.10756742	-0.10001184	-0.01964815	0.29662363	0.17821261	-0.00376024	0.12947970	0.08254519	0.01378551	0.12516672	0.17377737	0.25653149	0.06661982	0.13198008	0.17906019	0.09222360	0.40688459	0.34995794	0.39638308	0.07895471	-0.00142939	0.17242435	0.26032967	0.15222733	0.13203220	-0.00047773	0.03431619	-0.00063300	-0.06106743	0.05872421	0.09593784	-0.02629701	-0.04917701	-0.03603491	0.13047325	-0.00791373	0.13514375	0.05767254	0.37827061	0.27975214	0.18096068	0.30735720	0.25233308	0.18637970	0.42234481	0.25706689	0.04237792	0.22099168	0.10116368	-0.00661338	0.16504395	0.31940117	0.27746356	0.26061650	-0.13470910	0.21233395	0.20794261	0.32908178	-0.06221083	0.16757372	0.23648579	0.12036542	0.13297547	0.06273576	-0.04160669	0.18892488	0.04944799	0.06459752	-0.08478330	-0.06771033	-0.17299633	-0.07170406	0.02800484	-0.11934185	-0.16312916	-0.08158463	-0.06698842	-0.04071847	-0.05903188	-0.03487045	0.27540031	0.08812747	-0.09971818	-0.05641711	0.07117112	-0.17101966	0.02779066	-0.15814831	-0.16964867	-0.09059303	-0.16638288	-0.17290239	0.03275803	-0.05682252	-0.02883292	0.09651551	-0.04743336	-0.03025093	-0.20033355	-0.04245484	-0.19956220	-0.16060901	-0.16547407	0.10866894	0.07764623	-0.02863595	-0.08097393	0.09280301	-0.02147243	0.04329749	0.04217227	0.03811671	-0.08323098	0.00971621	0.02545119	-0.15316442	0.01581328	0.08808724	0.09094779	0.06147281	0.00265373	0.01138260	0.05012406	0.02611046	-0.00092396	0.05058266	0.12670983	0.07400138	0.07911871	0.06847266	0.08135486	0.08747922	0.07123597	0.10794281	0.02417954	0.15885406	0.12916418	0.27408445	0.07729608	0.04292340	0.08916128	0.16597568	0.09090099	0.05962449	0.07621487	0.02716168	0.03950933	-0.01716589	-0.01563877	0.02832669	0.14678898	-0.03312873	-0.02085759	-0.12322824	-0.04594607	0.07804806	0.02469648	0.00631479	-0.10797156	0.25031251	0.22972428	-0.03161285	0.05578753	-0.06762515	0.25570247	-0.11920235	0.06306280	0.01223646	-0.04957451	0.08929628	0.03386245	0.19294304	0.14094329	0.05136172	0.03316934	0.07194058	0.08781130	0.09714396	-0.09466646	-0.03462694	0.15307568	0.04172230	0.22732379	0.15608095	0.18632767	0.20356071	0.09183213	0.07665301	0.13802315	0.13845886	0.18294884	0.23499872	0.07424791	-0.00418926	0.03874995	-0.08740298	-0.15888392	0.20267611	0.25879780	0.36775679	0.13082205	0.09169561	0.27983877	0.26157218	0.09947446	0.10354741	0.07622046	0.04608606	-0.02807428	0.04825724	0.24655626	0.03097679	-0.06433161	0.15430150	0.41256022	0.14057145	0.04859861	0.28753753	-0.04862217	0.29715777	0.31864593	0.84154732	0.24640518	0.31728835	0.10145504	0.20979409	0.07161032	0.24870129	0.20053570	0.01004834	0.07113779	0.17837316	0.02013021	-0.06486829	0.12214485	0.03641408	0.13973179	-0.00256429	0.14398166	0.09136876	0.16198717	0.41955873	0.26565510	0.22485820	0.13971288	0.27826747	0.08859763	0.35875145	0.03396232	-0.02205861	0.07089128	0.21759795	0.20265598	0.27370403	0.36422173	0.40665583	0.22021902	0.45840485	0.40517555	0.25071957	0.16327832	0.01770068	0.28049646	0.48946578	0.34900824	0.33391050	0.09231996	0.31119071	-0.06050750	0.13457587	0.14110399	-0.08092244	0.14956884	0.03048871	0.15711504	0.24746001	-0.14616412	-0.09891026	-0.10463492	-0.15026769	0.20087206	0.12367260	0.03696814	0.08358550	-0.03670848	0.02996238	-0.11560274	0.14135477	0.05385294	0.14172753	-0.06582224	0.06207617	0.09705779	0.09535476	0.10050891	0.03049390	0.21586017	-0.05619523	-0.04742366	0.06946840	-0.02113047	0.10986016	0.01348970	-0.08775399	0.04359515	0.07934344	0.04121623	-0.08918931	0.10555136	0.05102245	-0.16607748	0.20500077	-0.09717530	0.05352007	0.00710716	0.07768551	-0.07590976	-0.04832353	0.00715065	0.04568302	0.02871004	0.00440429	-0.07496763	0.07773641	-0.01242580	0.07669140	-0.18168540	0.00431730	0.10767058	0.01495033	0.22597658	0.11288330	0.05314322	-0.05508608	0.03432413	0.03870352	-0.06212553	-0.04716188	0.01662714	0.07674138	-0.12370427	0.06078684	-0.09878330	-0.03243546	0.14383558	0.08627702	0.27526143	0.23525292	0.00781363	0.06237597	0.01088601	-0.16770853	0.13456921	0.01550346	0.00739420	-0.00854428	0.11546364	0.19087925	0.15484682	0.20038607	0.02701002	0.04137643	0.05928208	0.10110542	0.06266036	0.13635303	0.02267143	-0.09516929	0.02201600	0.06238618	0.02174658	0.04149659	0.07522576	0.13441107	0.05622771	0.08255891	0.03597923	-0.00886881	0.03780290	0.02130987
17Networks_RH_SalVentAttnB_PFCl_2	0.03743654	0.06943396	0.01660040	0.03540754	0.04778777	0.01380529	0.04352995	0.07194777	0.05757757	0.10115214	0.06141006	0.05017417	0.11620163	0.17974602	0.10418234	0.07773070	0.21823115	0.05783212	0.07649389	0.07200613	0.04970889	0.08365569	0.09887104	0.08552632	0.00907564	0.08956393	0.03366087	0.08786395	0.01250345	0.05880374	0.04924508	0.09865375	0.03533788	0.07781184	0.14747668	-0.00065715	-0.13984219	-0.01896738	0.04422173	0.04515988	-0.10084622	0.05935669	-0.12271513	0.13327291	0.09443168	0.05566862	0.07099926	0.04470521	0.34071243	0.11681525	0.02166597	0.00788976	-0.02780578	-0.03162625	-0.04543719	0.04258896	0.11146466	-0.05763979	0.02445211	0.03824902	0.16190624	0.02027096	-0.08785212	-0.01082381	0.04118297	0.03495060	-0.00037210	-0.02492211	0.04684592	-0.13327395	-0.03708147	-0.02608224	-0.02583678	-0.15384394	-0.05987408	-0.07202490	-0.07996895	-0.00124043	-0.05137666	-0.08351103	0.00976046	0.13355837	0.02678794	-0.00017804	0.01182532	-0.03113341	0.18326315	0.15071764	0.09188396	0.12741263	0.09909301	-0.00696524	-0.00606236	-0.00348508	-0.01772607	0.01512911	0.04037235	0.01163607	0.18972517	0.01922148	0.16517133	0.30674298	0.12902318	0.01051499	0.06613709	0.06005193	0.30131889	0.23309397	-0.02327178	0.01909386	0.02503517	0.03014417	0.22905640	0.05870919	-0.10308416	-0.00493908	-0.04526806	0.07114975	0.01419170	0.10059915	-0.04041517	0.07450152	0.13989912	0.03875019	0.05636151	-0.08320660	0.11263064	0.08490574	0.24546127	0.02372010	0.03049548	0.12198609	0.09813644	0.02182486	0.14416910	0.22307243	0.18231065	-0.01022595	0.10968069	0.14948820	0.16084817	0.26652398	0.30990679	0.04916658	0.07052387	0.10654485	0.04226039	0.04791272	0.08433698	0.16217247	0.08422139	0.27633635	0.06276202	0.02258675	-0.04889772	0.02129335	0.15669867	0.00057244	0.01366683	-0.03032064	0.10664064	0.07445052	0.04690061	0.22806654	0.25733509	0.26543654	0.07071864	0.22888234	0.18615837	0.05301229	0.23918751	0.10916914	-0.01467444	0.26869072	0.14008867	0.16237880	0.34488769	0.27142082	0.14889322	0.18228058	0.33042072	0.13504336	0.14266707	0.07144959	0.16944792	0.17619508	0.10527345	-0.10127765	0.01033303	-0.08037909	-0.13263640	0.13597102	0.19983684	0.17115595	0.08879153	0.19440274	0.12676004	0.20779594	0.07277218	0.11048890	0.12244517	0.09151929	0.13013868	-0.00621313	-0.01111047	-0.11818205	0.16503241	0.04645867	0.18608631	0.06897385	0.16414132	0.11010980	0.19203437	0.02605903	0.02580452	0.12306653	0.10373540	0.08142285	0.13477113	0.13512239	0.06137993	0.07261055	0.08305011	-0.06789125	0.10148894	0.10566438	0.04167554	-0.05607304	0.07838350	0.03363557	0.00101728	-0.02937268	0.05014309	0.07487827	-0.03062193	-0.00487373	-0.00631917	-0.02969222	-0.03934630	0.04284939	-0.03202664	0.02503392	0.00910910	0.14112848	0.13461693	0.01167971	0.07865536	-0.05013559	-0.07216226	0.02568976	-0.01438723	-0.00134562	-0.08627355	-0.01854703	-0.04627791	-0.07134101	-0.09598985	-0.03144482	0.00785492	0.03713655	0.07143246	0.08621585	0.06399276	0.02996041	0.08511747	0.10027820	-0.09686008	-0.06237407	-0.11368430	-0.08027774	-0.04047189	-0.10559211	-0.07740820	0.04020518	-0.11185156	-0.15721160	-0.20842923	-0.07204637	-0.05417544	-0.00638070	0.04725232	0.08330193	-0.08644107	0.11326009	0.06751671	-0.08558422	0.01198188	0.08810652	0.16584697	-0.01336679	0.02141503	0.00475755	-0.13773938	-0.00388796	0.09307869	0.03113366	0.03991819	-0.10817429	0.07569800	-0.06324913	-0.06800465	0.25276463	0.16270194	0.18380242	0.06438750	0.24640518	0.83219782	0.35379277	0.25920974	0.12102877	0.43719218	0.34323263	0.12775204	0.09420176	0.10631916	-0.00306156	-0.06501228	0.28683097	-0.00655155	0.08901864	-0.02075065	0.01663151	0.02272283	-0.02020298	-0.07450027	-0.03697227	-0.11170429	-0.01289848	0.26822631	0.11490208	0.11499753	0.16736736	-0.01605907	0.26825857	-0.03162488	0.16115244	0.18340298	0.31065444	0.26418402	0.12269630	-0.03141739	0.21451827	0.33836690	0.23893011	0.27191684	0.06322498	0.14992371	0.20723531	0.31977467	0.24366946	0.03102699	0.07792247	0.06197458	0.11407673	-0.08267831	0.00603590	-0.00467299	0.22001836	0.27289802	0.13407834	0.11304619	0.11456062	-0.04283313	0.01266320	0.14271218	0.26981417	0.17295772	0.16054556	0.09263475	0.29420038	0.10456252	0.34632093	0.15227005	0.21750039	0.22672379	0.25933328	0.18205199	0.39576011	0.24961360	0.26317152	0.37749842	0.17997452	0.30621906	0.30092595	-0.01125634	0.07152720	-0.08124626	-0.08570151	0.11898814	-0.09480917	0.09928895	0.18664340	0.30770072	0.19061312	0.24774007	0.15377823	0.21395145	0.25219925	0.33648700	0.37164958	-0.08603113	0.11510289	-0.05047159	-0.12278120	0.13764392	-0.01775233	0.02066243	0.08026566	0.13670035	0.11664693	0.02430875	-0.00499537	-0.00512801	-0.06059880	0.11335009	0.13286634	-0.04157070	0.02855176	-0.04193988	0.01333426	0.04102912	-0.11076174	0.05758843	0.13826249	-0.03968339	0.12202769	-0.06522185	0.07174730	-0.01470698	-0.02496297	0.22760853	0.24360206	0.04115400	0.02664240	0.01678035	0.01040580	0.00761540	0.05036203	0.06334825	-0.05524609	0.07535415	0.14107710	0.10333129	0.13268895	0.16272819	0.19576797	0.23841419	0.15230682	0.06874590	0.04796481	-0.03621067	-0.17733599	-0.03650918	0.08656250	0.00033885	0.04010103	-0.07547807	0.25517369	0.09380473	0.14739167	0.05774357	0.21278830	0.07212529	0.13721796
17Networks_RH_SalVentAttnB_PFCl_3	0.28959632	0.31647670	0.21514106	0.32653264	0.21111435	-0.09940575	0.26045882	0.17741282	0.06750953	0.09925980	0.18639174	0.10533359	0.23769915	0.47907094	0.29971492	0.18847616	0.31526120	0.19365083	0.28529073	0.23964442	0.21700105	0.16443180	0.20993761	0.24128497	0.11964923	0.16752543	0.11581233	0.29192462	0.18468064	0.29681909	0.14042671	0.21187656	0.31500449	0.25244119	0.29986779	0.36356419	0.04893855	0.23604401	0.32467696	0.33954939	0.07197461	0.22278157	0.22491982	0.21028919	0.07586312	0.06026934	0.04430807	0.07469711	0.24855228	0.03511892	0.20905745	0.07906481	0.11672965	0.18358387	0.05604629	-0.03451035	0.07425859	0.14392360	0.00506914	0.21507602	0.24310941	0.20067589	0.05648244	0.10890898	0.25312269	0.08804283	0.33264704	0.31704168	0.32400125	0.12699245	0.33255629	0.38817253	0.12274256	0.11137852	0.16477171	0.16470661	0.18286050	0.21927051	0.32099682	0.25869641	0.25394038	0.22091012	0.23258216	0.25496584	0.05708396	0.14336915	0.15989386	0.23248268	0.17294429	0.03911509	0.10832862	0.07462552	0.19034057	0.02690444	0.21662698	0.34554103	0.29321711	0.29216060	0.26071001	0.30903025	0.24223321	0.54397032	0.35007195	0.05127031	-0.00390760	0.16925312	0.32808039	0.21445302	0.04850411	0.13922613	0.00448095	0.01918276	0.03391005	-0.00108885	-0.09222641	-0.11050194	-0.07381426	0.02098173	-0.03845160	0.06870207	0.23569542	0.27531642	0.20516662	0.21431260	0.20036370	0.17373241	0.19889707	0.07473820	0.21967215	0.10872728	-0.01065622	0.06474742	0.22054800	0.00781573	0.30629195	0.23009700	0.22802864	0.20202314	0.08555384	0.03790938	0.05451807	0.30903052	0.09634468	0.04690017	0.23004389	0.31314452	0.14432586	0.04194603	-0.01965450	0.17106364	0.09139968	0.02803811	-0.04017756	0.03670351	-0.06737307	0.02770510	0.01921076	0.11854857	0.02020080	0.00284112	0.12926743	0.11355109	0.12918485	0.06588556	0.18563560	0.02195001	0.04070571	0.12328636	-0.03897222	0.00319382	0.15326298	-0.05674973	0.05851625	0.03948881	0.11531058	0.08110171	0.26098895	0.17220858	0.07639460	0.25738646	0.10937794	0.06956599	0.09048045	0.06921363	0.00256639	0.14003177	0.04838040	0.19055189	0.20325831	0.04168839	-0.03202375	0.19513160	0.08708375	0.01425865	0.15372501	0.12306965	0.04925231	0.13482486	0.17123349	0.02850499	0.27896135	0.28248278	0.26836688	0.15508446	0.07133656	0.04191128	0.18218605	0.01609783	0.08755852	0.14345947	0.26795318	0.18437445	0.20322724	-0.01206527	0.32366713	0.26934597	0.15852177	0.29523753	0.15302942	0.25258949	0.26266468	0.19679553	0.21898471	0.01997128	0.10441167	0.24502919	0.24551283	0.13915009	0.19938153	0.23866250	0.17199448	0.23035531	0.19830088	0.15781638	0.37493672	0.15665060	0.16878006	0.07281216	0.09933367	0.28961303	0.22659367	0.27415232	0.14099428	0.35167547	0.23664767	0.07429301	0.03720773	0.01389263	0.16011734	0.05586092	0.21574444	0.12954058	0.11987934	0.21070321	0.09957643	0.09055436	0.10336893	0.20965886	0.21727596	0.27203441	0.22211818	0.24453541	0.08464445	0.06047506	0.31524328	0.19636257	0.20374314	0.21819857	0.27453667	0.24334381	0.34968964	0.32434669	0.15147530	0.04250224	0.13710810	0.26475136	0.10500457	0.08648084	0.33097392	0.26339084	0.16661378	0.35782669	0.24114451	0.40000807	0.23745214	0.19415355	0.18739891	0.10306236	0.10341961	0.09582375	0.04541661	-0.00987343	-0.00549771	0.19927479	-0.12043244	0.26940964	0.12601338	0.24256833	0.21048856	0.34371343	0.18354477	0.38506544	0.15052696	0.05289999	0.09082059	0.31728835	0.35379277	0.92539708	0.08206745	0.05688478	0.20508088	0.39819450	0.10750291	0.23525167	-0.00185744	0.01913259	0.07639273	0.12873540	0.02345954	0.05706930	0.14784751	-0.02441324	-0.06126216	-0.01990793	0.17379213	0.23798603	-0.01570390	0.21592127	0.15970274	-0.03029812	-0.09043454	0.07868653	-0.09539043	0.03600462	0.09689755	0.09523277	0.24071944	0.09601069	-0.02757658	0.10884888	-0.02242541	0.44595136	0.09054064	-0.01399764	0.16049312	0.09000650	0.15345298	0.17672539	0.27916546	-0.01943659	-0.04254514	0.02041215	0.08347888	0.10102238	0.21967706	0.00699292	0.10938712	0.11054769	0.08988555	0.02872419	0.16026622	0.10864796	0.03100175	-0.01639681	0.01250394	0.22339658	-0.01326613	0.13999919	0.08749776	0.11958169	0.10953407	0.24771340	0.14899972	0.11368281	0.01003046	0.15728083	0.19225884	0.09472946	0.08092984	0.07307923	0.21433222	0.10085753	0.07892259	0.06293355	0.00330540	0.11504560	0.03475330	-0.01857124	0.23801691	0.08280563	0.05399315	0.03982114	0.27565226	0.20591223	0.03129988	0.03657507	0.02167334	0.11424660	0.10984512	0.10991944	-0.15667549	0.08043875	-0.03228433	-0.14126346	0.13722921	-0.20373038	-0.01220803	0.10000121	0.13759736	0.12603756	-0.07846296	-0.02639832	0.10547271	0.00013022	0.03835887	0.08790337	-0.13091458	0.07545125	-0.17218925	0.03222800	0.02930423	-0.18482328	-0.03957108	0.00294474	-0.00874293	0.07032515	-0.00760413	0.04577389	0.02858819	0.06256917	0.18631883	0.24529196	0.31407282	0.26007402	0.21726123	0.02977567	0.18014703	0.27830437	0.26483970	0.16398314	0.28195725	0.35558018	0.37055442	0.34454765	0.26995434	0.22393904	0.18265413	0.21789524	0.31791639	0.21963085	0.18667150	0.01583793	0.15140014	0.28448552	0.13499694	0.27267546	0.15802650	0.30767121	0.25912914	0.18378348	0.23880142	0.18640842	0.14428673	0.14370615
17Networks_RH_SalVentAttnB_Ins_1	0.05711511	-0.01759660	-0.09132003	-0.08704362	0.02914965	0.08360834	-0.07464463	0.15976630	0.10243581	0.10995387	-0.04294496	0.11223543	0.14162187	0.01529195	-0.06011023	-0.00374234	0.11969814	-0.08707328	0.00140381	0.11354482	-0.07881173	0.16672739	0.04386408	0.07850095	0.19852344	0.18569610	0.13759253	0.17235283	0.14261057	-0.03343536	0.13789614	0.13699066	0.12564208	0.15962040	0.14848031	-0.01022891	-0.04184775	-0.01374635	0.09461609	0.09628330	0.00481930	0.15326444	-0.08720681	0.01192819	-0.00993667	0.00337041	0.05741134	0.14666914	0.15538044	0.12187008	-0.02279931	0.06939488	-0.06042206	-0.20934386	-0.01481786	0.04839544	0.03501747	0.15613959	0.09654370	0.09246233	0.17967507	0.05188303	0.02599638	0.03327109	0.07443307	0.18108501	-0.00727413	0.08178606	0.09928324	-0.11989739	-0.10161952	-0.08016744	-0.08907308	-0.05250788	-0.09103218	-0.08087721	-0.07118831	0.00940305	-0.12446788	-0.14616918	-0.06095959	0.06560876	-0.04736989	-0.17234030	0.09884594	-0.15220069	0.14870753	-0.01354311	0.04949857	0.12305454	0.25890102	0.10850856	-0.08250127	-0.01575123	0.05609968	-0.12725795	0.02979853	0.01196405	0.25355891	0.09060954	0.06943854	0.12280772	-0.00522733	0.17047318	0.29199369	0.17242620	0.08501066	0.40576524	-0.18316279	0.22670213	0.04537268	0.05440189	0.09109315	-0.09916745	-0.08741142	-0.09151070	-0.15821852	-0.02893751	-0.08251682	-0.00304248	-0.16520774	0.22521692	0.01791559	0.03899983	-0.06856166	-0.14958174	0.09596350	-0.03973793	0.00855349	-0.02381747	0.04162165	0.15825252	0.21715886	0.11894080	-0.07012064	0.15576419	0.02394129	-0.13540863	0.21988466	0.04753493	0.13865893	0.24866200	0.16787872	0.22794008	0.13008847	-0.03754215	0.18741931	0.19180210	0.19881896	0.04755219	0.04624166	0.21707872	0.13923187	0.04043338	0.05329465	0.03341973	0.11797986	0.16359465	0.09291929	0.04314449	0.12908657	0.06429930	0.06502978	0.24945737	0.17951493	0.35257183	0.06085347	0.04694392	0.06698154	0.04894639	0.01308656	0.11021088	0.13464357	0.19174136	0.12390203	0.10105350	0.18393959	0.24076728	0.20705705	0.17043607	0.23415157	0.13806488	0.28768585	0.02867687	0.09542614	0.18134793	0.13662542	-0.11644407	-0.07005107	-0.03173332	-0.08053184	0.02618827	0.12468375	0.07410814	0.13749668	0.16287498	0.07014387	-0.01153232	0.07332361	0.02489443	0.12198840	0.05262416	0.08385740	0.01903188	-0.01816437	-0.10409579	0.06704492	0.12816789	0.11575712	0.15263354	0.07753532	0.03383276	0.17382142	0.09662985	0.00707644	0.11036227	0.08123628	0.06231980	0.12771970	0.03242335	-0.08532943	0.12684552	0.01986916	0.03879512	0.10647167	0.15213648	0.10440679	0.00543252	0.13011063	0.12031502	0.20469993	0.06877905	0.11201207	0.14184109	-0.12146306	-0.05135592	0.10023146	0.12022775	0.03395029	0.01495314	0.06004268	-0.00963498	0.07909313	-0.02764713	0.02044036	-0.03223439	0.00546631	0.04420932	-0.08919218	-0.01180625	-0.01267604	-0.06531360	-0.14052617	-0.07851967	0.01766877	0.06928010	-0.01350401	0.03525393	0.19761320	0.06993462	-0.03871378	0.09212263	0.13593139	-0.05669181	0.04050492	0.21742224	-0.01320998	-0.05464259	-0.14568488	-0.11623240	-0.20840239	-0.21799917	-0.17867439	0.05038011	-0.11975037	-0.17530046	-0.15190687	-0.06995147	-0.21242837	-0.12814177	0.00139618	-0.09506674	-0.21579223	-0.03191671	-0.04978180	-0.17615573	-0.09129730	0.18208994	0.15645147	0.02105302	-0.01775173	0.00046782	0.06327620	-0.01191388	0.08924472	0.02126063	0.00733079	-0.17214373	0.01877607	-0.17558104	0.07338543	0.15812884	0.36274522	0.05563676	0.06693372	0.10145504	0.25920974	0.08206745	0.92202495	0.40822222	0.45618036	0.46846982	0.01866884	0.08573747	0.04829178	0.00266390	-0.09204990	-0.02232764	-0.14162989	-0.01181767	-0.02272648	-0.14342057	-0.12335407	-0.03871735	0.01134057	-0.02790513	0.03382000	-0.06347041	0.20517329	0.14730995	0.18171840	0.15954394	0.07448961	0.29918150	0.19609183	0.00481835	0.07370601	0.15562982	0.10505640	-0.02880698	-0.04478151	0.05548955	0.16509778	0.27216866	0.23052579	0.04052676	0.16884078	0.14920234	0.24026940	0.17243889	0.02935845	0.26067778	0.13522158	0.06887749	-0.13027278	0.29548192	0.20075674	0.23780355	0.24611908	0.10448161	0.17225125	0.22068411	0.11702293	0.14189924	0.21488126	0.22833772	0.13175673	0.15070771	-0.00069037	0.27323972	0.11809635	0.19307139	0.20892549	0.21209762	0.15350029	0.24871373	0.19863560	0.26449207	0.26908240	0.35290114	0.27861924	0.47749578	0.38030315	0.33303356	0.00187752	-0.12066219	-0.15397567	-0.12820998	-0.03562749	-0.00158910	0.08364545	0.22777792	0.23242811	0.13461320	0.32842875	0.09407333	0.21337947	0.20916899	0.27136435	0.25082363	-0.17533520	0.09575460	-0.09008232	-0.05023967	0.15751389	-0.01081724	0.17790030	0.17876366	0.17503996	0.22030788	0.16550238	0.08488302	0.12497134	-0.02065329	0.22753011	0.23587910	-0.16719451	-0.03342669	-0.10869812	0.00554841	0.06635036	-0.02877318	0.17170712	0.16652318	0.32367161	0.22175227	0.13639535	0.06662227	0.18720808	0.09350242	0.25416659	0.25838422	0.04448459	0.04288390	0.16522902	0.06359904	-0.06647622	0.06115250	0.00030780	-0.02541233	-0.02500412	0.00832931	-0.01123799	0.02467451	0.08001104	0.10141258	0.06406254	0.11535762	-0.00333349	0.06706430	0.14779004	-0.05725277	-0.06011280	0.16872913	-0.05386075	0.05559503	0.00662289	0.14794036	0.09960130	0.03786354	0.04371572	0.09133460	-0.01366879	0.04445422
17Networks_RH_SalVentAttnB_Ins_2	-0.10991086	-0.10237643	-0.08228451	-0.14388996	-0.09938808	0.01241826	-0.20353393	0.12538107	-0.00596749	0.04841706	-0.11557552	0.03010125	0.03132915	-0.06656833	-0.17336709	0.00187335	-0.05323067	-0.17028475	-0.03634649	-0.02113106	-0.11560825	0.02894895	-0.05297171	-0.02394962	0.08840199	0.05021713	0.02259778	0.12526374	0.07031824	-0.09097779	0.03940477	0.02824935	0.10936812	0.12255771	0.02919304	-0.01975845	-0.02137520	-0.14310819	-0.10231175	0.04045341	-0.04291548	0.00269867	-0.07132726	0.00099728	0.02128503	0.02669940	0.08965758	0.05619746	0.02133044	0.10033333	0.08833410	0.08150534	-0.02700830	-0.04810271	0.07455994	0.11857872	0.06139287	0.09965072	-0.07315155	-0.01716741	0.04236630	-0.12240862	-0.03218766	-0.00003830	0.02011079	0.08589314	0.01533207	0.09552107	0.06146732	-0.06018113	-0.01515953	-0.02330042	0.10686472	0.07511629	0.09988763	0.05306917	-0.01942133	0.03625672	-0.14318185	-0.10245319	-0.13316452	-0.09592767	-0.05620677	-0.11341005	0.11427672	-0.15113509	0.00948967	0.03529038	0.16935678	0.08471170	0.24001482	0.01729334	-0.09598125	-0.07857612	0.06998110	-0.02355120	-0.02027786	0.03759882	0.07235037	-0.06741454	0.23401936	0.12685274	0.12007889	0.26557148	0.19624574	0.16417100	0.10960649	0.28232283	-0.07380363	0.10568744	0.03045038	-0.08599990	-0.09059981	-0.13454158	-0.09862660	-0.10105921	-0.07968810	-0.09519010	0.01912349	-0.06943002	-0.05917773	0.10797953	0.12931518	0.01418378	-0.00826235	0.03855808	-0.03623422	-0.07249510	0.12280479	0.09084855	-0.04170391	0.16561766	0.20572347	0.01984536	-0.03015642	0.00637816	-0.02390882	-0.00391173	-0.10151420	0.04540218	0.01934214	0.16896708	-0.07081214	0.30189652	0.06741932	-0.11768956	0.20191428	0.19478997	0.00650207	-0.06265594	0.01029756	0.04703703	0.01351657	-0.10980193	-0.12112981	-0.02547453	0.03405634	0.00884460	-0.16748802	-0.06357317	-0.04664643	-0.05748161	-0.08634519	0.07116721	0.06993926	0.22742788	-0.06277875	-0.05965475	-0.06315973	-0.10863630	-0.15394475	-0.08184026	-0.08091782	-0.14317367	-0.13369351	-0.11590602	-0.01293664	-0.01276979	-0.03017263	-0.04416941	-0.09845058	-0.12181834	0.00868957	-0.03987649	-0.15912739	-0.12545659	-0.16817417	-0.01717547	-0.09935411	-0.09508267	-0.08743167	-0.07461866	-0.03111842	-0.04914599	-0.01469680	0.07472365	-0.10592058	-0.11293973	-0.04910533	-0.09158161	-0.05425390	0.01687293	-0.02743427	-0.04341074	-0.08512815	0.02723268	-0.08956857	0.03907103	0.00187759	-0.01107791	-0.03255845	-0.11619943	0.03958328	0.07765598	-0.09390166	-0.09148518	-0.07739136	-0.03043636	-0.09384327	-0.08321031	-0.10078881	0.17456123	-0.09801030	-0.01422227	-0.06729893	0.01800685	0.02535822	-0.00082914	0.00466814	0.03461968	0.03002835	-0.01118738	-0.00180614	0.08015828	-0.09098954	-0.11339815	-0.00050153	-0.02574867	-0.08583248	-0.03235180	-0.03989442	-0.06796138	-0.00263599	-0.09224119	0.01109131	0.01114986	0.02253595	-0.03878153	-0.01801913	-0.00731368	0.03917172	0.05404556	-0.17627100	-0.01877452	0.01833946	0.15686851	0.00217440	0.00734532	0.14396933	-0.03656987	-0.09145516	0.01788373	-0.04667005	-0.13874296	-0.03389011	0.06907755	0.02276837	-0.12881754	-0.12263839	-0.09636367	-0.21253909	-0.12309495	-0.09446283	-0.02295120	0.05843909	-0.05401654	-0.05056077	-0.09261659	-0.21121340	-0.20302638	-0.15942712	-0.13072579	-0.08662808	0.01681308	-0.06065067	-0.07950716	0.11232396	0.28722817	0.00518679	0.09619389	-0.08796036	0.01073714	0.17354121	0.02107309	0.24428820	-0.00550839	-0.00015222	-0.01113300	0.21606245	-0.13998683	0.00937754	0.07807947	0.14468214	0.14171386	0.21114814	0.20979409	0.12102877	0.05688478	0.40822222	0.85452985	0.28837941	0.38332283	0.05416097	-0.03935474	0.05902265	0.09980779	-0.09731879	-0.13139885	-0.14089427	-0.11197996	0.08646608	-0.24146653	-0.05063541	-0.05895608	-0.00796687	0.05683454	0.14762833	-0.00969953	0.05046858	0.20289779	0.24364650	0.12348227	0.16190899	0.11652198	0.11777008	-0.00070421	0.10110013	0.02899772	0.06935933	0.14386570	0.07043309	0.06677032	0.16344726	0.20768474	0.05216597	-0.00400161	0.15445962	0.21510517	0.12598079	0.28609182	0.09333771	0.37906146	-0.06635992	0.00520172	-0.09767589	0.13408164	0.26351726	0.08692951	0.11309947	0.09122586	-0.02866695	0.04377195	-0.05597206	-0.01116871	0.25295841	0.21482450	0.06920798	0.04277011	-0.03652793	0.16769655	-0.04156450	0.01944805	0.13545379	0.09270374	-0.02495826	0.09948623	0.04919970	0.13132087	0.11627171	0.14799744	0.17173723	0.20704225	0.22422627	0.26959035	0.00958039	-0.07932114	-0.19945120	-0.10601583	-0.13751313	-0.03349898	-0.11512804	-0.02932464	0.04926116	0.01079250	0.08962180	0.14870961	0.16367184	0.13719625	0.08941568	0.13981099	-0.17855351	0.03678586	-0.22203419	-0.14880611	0.17844603	-0.04020156	0.05879739	0.16579049	0.08233287	0.14525066	-0.01065646	0.05061822	0.12818765	0.00335759	0.19513881	0.06886387	-0.15099962	-0.00491215	-0.17562414	-0.05797216	-0.05641086	0.04779368	0.08038763	0.18334071	0.10554185	0.16865884	-0.09789032	-0.09653508	0.12574010	0.07580460	0.12345613	0.07467367	-0.07490688	0.06043231	0.09926101	0.02105168	0.04987371	0.00584779	0.01758237	-0.06358338	-0.09106059	-0.03345177	-0.07874374	-0.03736029	-0.09462618	-0.09587826	-0.13825139	-0.02491085	-0.10332198	-0.00779398	0.11720310	0.03040554	-0.07533452	0.09626226	0.00595473	0.11074207	-0.09712364	-0.02938076	-0.10730002	-0.14748452	-0.17098074	-0.17159015	-0.16312724	-0.15393651
17Networks_RH_SalVentAttnB_PFCmp_1	0.02697367	0.06062958	0.00792681	0.02358272	0.00517448	0.01918356	-0.02306335	0.11690036	0.10937197	0.11454411	-0.01431518	0.02791668	0.14594934	0.07740861	0.07196627	0.08064253	0.11488148	0.11940025	0.07105169	0.06721755	0.08307375	0.18970685	0.04947193	0.04906794	0.03276379	0.02360091	0.07241910	0.02966963	0.00664655	-0.14181005	-0.01681573	0.06847006	-0.01416933	0.07081750	0.10609608	-0.05088532	-0.11256523	0.03967789	0.05231994	-0.01537378	-0.03375066	0.14809565	-0.15292636	0.20288443	0.22404760	0.11036120	0.11546152	0.10599673	0.43833708	0.13025240	-0.00566615	0.10743402	-0.05895481	-0.14326325	-0.03355859	0.03456944	0.16440098	0.02352600	0.12632389	0.21060866	0.26201668	0.13114551	-0.04687479	-0.02925478	0.15188371	0.09284544	-0.09049449	-0.00906100	0.09110538	-0.16989549	-0.22886210	-0.11045800	-0.13967279	-0.04032212	-0.10767063	-0.18563021	-0.16776000	0.00328483	-0.08769536	-0.08215104	-0.00506388	0.02780580	0.01106231	-0.03265938	0.04758208	-0.00979733	0.36551422	-0.08875988	0.02069205	0.12079385	0.14048485	-0.04414530	-0.13748019	-0.01248421	-0.12715448	-0.16624257	0.09428012	-0.13050019	0.30283015	0.09735790	0.02291977	0.25315833	-0.05866676	0.13333357	0.35422246	0.02924948	0.19515670	0.55508396	-0.11820067	0.25116837	-0.02189593	0.00574026	0.28022021	-0.16431873	-0.26298719	-0.16204671	-0.16577759	-0.03795234	-0.09820468	0.11573987	-0.13839992	0.17071815	-0.01950674	-0.03877229	-0.09851403	-0.15748349	0.06162010	-0.02942915	0.01253078	-0.01741932	0.15414686	0.21738440	0.11503188	0.11389962	0.06323798	0.14356431	0.04717874	-0.12750966	0.20220796	0.16204825	0.20753763	0.33654726	0.42564725	0.22551635	0.10069806	0.05930444	0.12958873	0.20363698	0.32661362	0.10840069	0.34338714	0.37760360	0.34400520	0.23509686	0.21704585	0.30349534	0.21754247	0.18984302	0.21412275	0.25578369	0.37354417	0.29496392	0.33123645	0.52720523	0.21938727	0.56705637	0.09917910	0.15593297	0.09313497	0.22161985	0.17694440	0.27920207	0.21397465	0.29268470	0.37882132	0.26363778	0.41575984	0.37732223	0.18070135	0.22809412	0.26315426	0.19978370	0.38574584	0.09964390	0.25302501	0.30257281	0.24779753	-0.06898873	0.13116565	0.15444578	0.06508368	0.10969335	0.32467444	0.01956433	0.27122819	0.35163149	0.33247902	0.13641330	0.16503707	0.25047328	0.22694437	0.20399338	0.20369771	0.13186953	0.06200044	-0.01764953	0.17605675	0.06730564	0.18740346	0.08772145	0.12757411	0.07668336	0.24846105	0.06019069	0.14858514	0.19163060	0.10281707	0.17834949	0.12646008	0.07289576	0.09411573	0.08441473	0.05713004	0.07118477	0.00821294	-0.02872484	0.01557243	-0.11609705	0.08134191	-0.02728262	0.04898193	-0.01962205	0.01089779	0.03881521	-0.15791586	-0.05703251	0.05831023	0.01625334	0.08341833	0.01839465	-0.01269907	-0.06054701	0.01029565	-0.01365411	0.04101982	-0.01858106	0.09040822	0.03110339	-0.12367051	0.05288108	0.05313708	0.05802721	-0.19238766	-0.00719246	0.05860854	-0.10563415	-0.10915039	-0.03095535	0.17824400	0.14623929	0.12646319	0.09053766	0.18161648	0.01148719	0.06250572	0.15348237	-0.15779597	-0.10546615	-0.18378789	-0.21646630	-0.20087164	-0.28017078	-0.15664589	0.09087854	-0.15390372	-0.27599693	-0.24275403	-0.11666084	-0.21790981	0.00504770	0.11814466	-0.12006646	-0.23393028	-0.17564892	-0.15782945	-0.16637607	-0.18491159	0.19477383	0.16238753	-0.16867802	-0.06603106	-0.11651966	-0.06793072	-0.10921194	-0.05320499	-0.03880743	0.10942899	-0.22606792	-0.05478004	-0.27142381	-0.10913433	0.13315754	0.24668645	-0.03101048	-0.09499943	0.07161032	0.43719218	0.20508088	0.45618036	0.28837941	1.01908998	0.45811294	-0.06515590	-0.01494017	0.03610860	-0.00222254	-0.06010506	0.27873840	-0.21937933	-0.06413651	-0.08459961	-0.05295624	-0.07384438	-0.00601233	-0.12844791	-0.21341408	-0.12293874	-0.11070390	0.36682648	0.06922004	0.20697563	0.09744160	0.06352057	0.35615132	0.10821324	0.03960643	0.14973567	0.28373613	0.08281879	-0.13922517	-0.07926844	0.12592404	0.23064214	0.19861685	0.24914499	0.10314370	0.19644485	0.07765075	0.34426531	0.29899277	0.08110711	0.17374944	0.22232394	0.18563511	-0.14549306	0.25639068	0.23190465	0.36423314	0.34885082	0.11549718	0.40913172	0.34151417	0.27437259	0.28226130	0.32517927	0.38886949	0.35982689	0.34243865	0.15441385	0.58731466	0.40351159	0.34575299	0.35659814	0.29063129	0.25062269	0.28147443	0.28492889	0.34448707	0.42922663	0.34431951	0.28303233	0.48964233	0.44748073	0.28637672	0.13115112	0.00297772	0.05885879	0.03657824	0.11270349	-0.02529659	0.07268184	0.21898421	0.19937620	0.22983097	0.40009780	0.17668058	0.38207798	0.33120207	0.44608978	0.32780845	-0.10652756	0.19025864	-0.07001347	-0.14986705	0.24055464	0.00544166	0.21704495	0.06261778	0.16025226	0.19959096	0.09297574	0.15033140	-0.03946680	-0.15193653	0.15363857	0.16242526	-0.11668225	0.03628118	-0.15320017	-0.00238423	0.06450274	-0.05430399	0.18089319	0.24435096	0.19922858	0.05909034	-0.00555121	0.05657812	0.00204365	-0.11039116	0.22050922	0.13703208	0.12002070	0.09463122	0.08011783	0.08123614	0.03743380	0.08814712	0.09169998	0.02038270	0.02510186	0.17304549	0.08734300	0.13079558	0.15888459	0.20139109	0.14512978	0.20528233	0.06148947	0.04567531	0.10386003	0.04811712	-0.02376879	0.16999848	0.03846254	0.12849749	0.00592532	0.23383623	0.16669562	0.12914228	0.09990673	0.17521231	0.02896637	0.15660875
17Networks_RH_SalVentAttnB_PFCmp_2	0.08673696	0.16734285	0.08455057	0.09965144	-0.07771675	0.01909865	0.10722607	0.24879544	0.13682754	0.21139356	0.07437637	0.15517342	0.31596059	0.32634031	0.15641927	0.20070623	0.34093313	0.03816557	0.19779580	0.29391807	0.11289018	0.26322384	0.10253026	0.36877677	0.31912285	0.11002369	0.13900292	0.31001038	0.22637262	0.25782492	0.28151490	0.20334180	0.30016761	0.24997221	0.31541525	0.23145812	0.04912396	0.03497348	0.19518317	0.20855512	0.18954646	0.34755077	0.13401574	0.18885388	0.10625586	0.13320699	0.18444540	0.20203476	0.19154506	0.18201645	0.14052102	0.07124966	0.15541996	0.02644574	0.09803879	-0.02834460	0.08413840	0.11907702	0.02844480	0.20040065	0.33639150	0.09977370	0.01803228	0.04625575	0.26348793	0.13819809	0.19974786	0.25767803	0.33170949	0.05917552	0.15763692	0.15570380	0.09587037	0.13363835	0.07118402	0.02334484	0.07964669	0.24968669	0.12136378	0.13421255	0.04050085	0.11864577	0.13926840	0.11359395	0.20907132	0.06298548	0.14631838	0.15754644	0.31296418	0.14503758	0.39538076	0.31047372	0.21677226	0.02990992	0.33831560	0.28768244	0.30723402	0.35933741	0.43952605	0.23051011	0.19820798	0.47827858	0.22656769	0.23343402	0.25384790	0.31243046	0.24904886	0.52643765	-0.04421313	0.30939119	0.01751700	-0.01245638	0.07155983	-0.06113752	-0.08632252	-0.14001909	-0.18079187	0.05774730	-0.07885084	-0.03400270	0.08778823	0.36575426	0.10534354	0.13127881	0.02242506	0.00924154	0.09920185	0.02424706	0.08127069	0.11099408	0.02653026	0.13529927	0.41897493	0.07768080	0.19158066	0.14731501	0.08761158	0.01657068	0.03669691	0.09619561	0.12772728	0.39508438	0.22777406	0.30680332	0.32156518	0.09278443	0.23154704	0.19068478	0.05978325	0.04880745	0.08956349	0.12800151	-0.03811821	0.00378586	-0.06779865	0.08556301	0.20413886	0.31035726	0.03409864	-0.00273361	0.10351993	0.08846203	0.05492646	0.20759149	0.24169756	0.25799038	-0.01881240	0.01025115	0.04277634	-0.04686502	0.10099979	0.04887721	0.00743614	0.05155862	0.11269255	0.08712175	0.28271490	0.18352596	0.01662082	0.26678254	0.11065882	0.09852222	0.24777960	0.03521994	0.06731228	0.19211367	0.13238027	0.15432947	0.10033011	-0.00950381	-0.04119572	0.08242602	0.28600344	0.10434078	0.18182592	0.27279282	0.11768933	0.11850093	0.10162190	-0.05176124	0.24685937	0.16879183	0.26724571	0.16805463	0.00847238	0.10926798	0.21666491	0.21665157	0.19309740	0.24232419	0.17676513	0.15575844	0.36503924	0.10918426	0.27494371	0.22477664	0.18680179	0.22985131	0.23184611	0.23886160	0.13686245	0.34484869	0.15958487	0.09706734	0.04047257	0.23524265	0.20004886	0.17376816	0.19558541	0.18720081	0.28508621	0.19822092	0.20136409	0.19531579	0.16083365	-0.01490894	0.24551387	0.22390419	0.18292282	0.26801462	0.18798641	0.19867906	0.02502001	0.24868992	0.21184977	0.24378911	0.12834800	0.17162844	0.09891581	0.16445318	0.20006986	0.17182423	0.05920731	0.15842037	0.12414202	0.18533089	0.07231868	0.18017315	0.32112112	0.25874671	0.13738990	0.25563994	0.06224194	0.07146627	0.19761006	0.38137933	0.20225058	0.06999351	0.04287292	0.08616174	-0.02905114	-0.03328868	0.08381047	0.07402366	0.03261929	0.08697587	-0.00758761	0.01454856	0.04665624	0.04683416	0.01157597	0.18049653	0.15096465	0.26439674	0.11703342	0.11191415	0.11653400	0.31999859	0.25756243	0.18128567	0.17688501	0.11586426	0.19918514	0.22735893	0.02955074	0.37501780	0.11104829	0.16694603	0.31889109	0.14098487	0.17795610	0.39732362	0.18615692	0.00136279	0.15507251	0.24870129	0.34323263	0.39819450	0.46846982	0.38332283	0.45811294	1.09932843	0.04382281	0.14825348	-0.07565001	0.10634386	-0.07077135	0.03375372	-0.00953422	0.02507668	0.04250086	-0.05206647	-0.09936606	-0.02012001	0.20539994	0.06986731	0.03562046	0.07660530	0.26063466	0.15573529	0.14631629	0.10596885	0.15505847	0.19607621	0.38220025	0.10594884	0.31361027	0.05162211	-0.00546554	0.03555294	0.05531900	0.31512021	0.17267950	0.12912718	0.18549638	0.02463704	0.24899951	0.23109469	0.38697141	0.19043656	0.13543282	0.30085821	0.15131268	0.12829097	0.02164366	0.20686521	0.27592211	0.20701290	0.15761715	0.11463899	0.15724932	0.16112864	0.04054427	0.07708651	0.20821450	0.29617917	0.08423438	0.12299554	0.02265761	0.30253522	0.09153271	0.22905343	0.26901167	0.27872736	0.12953220	0.24976588	0.16141378	0.18288140	0.23888387	0.18353788	0.22790746	0.32358233	0.30621863	0.30826575	0.01865986	0.10815911	-0.06463866	-0.06934805	0.15979587	0.09750772	0.11603051	0.12091223	0.32104765	0.21835988	0.19360224	0.27224127	0.17299491	0.29869548	0.20890660	0.15122238	-0.20001077	0.18491365	-0.08196776	-0.17292952	0.34991351	-0.12244966	0.28247729	0.32564218	0.18010182	0.26007627	0.20392077	0.09650754	0.11034197	0.02422587	0.32671129	0.20545477	-0.11536199	-0.01529924	-0.18079248	0.08610712	0.23066192	-0.11863728	0.21140416	0.24036021	0.22460023	0.25290000	0.08349124	0.11120873	0.17183634	0.17381231	0.34438690	0.37418752	0.18917767	0.11254408	0.23497139	0.11612003	0.15175034	0.19098998	0.17416426	0.08057501	0.07753028	0.25121327	0.15878292	0.21470729	0.16585261	0.19039378	0.10928634	0.21066816	0.22386498	0.21136661	0.29306106	0.15465270	0.11811673	0.41317421	0.09501964	0.28495007	0.09089923	0.15236559	0.22989084	0.06517631	0.10122973	0.06680369	0.05128778	0.09835319
17Networks_RH_LimbicB_OFC_1	0.14129313	-0.00271610	0.08990520	0.06944736	-0.09496921	0.11569541	0.10881321	0.01377559	0.18205073	-0.00831261	0.05787392	0.00370380	-0.05527301	0.18761342	0.00823531	0.00010227	0.02990835	0.01131840	0.00598953	0.06078614	-0.01175334	-0.06863707	-0.06747617	0.00815093	0.15177195	0.11706404	0.07660262	0.04328769	0.20430192	0.22173999	0.09258934	0.17587837	0.05603596	0.07424843	0.14580298	0.12063161	0.01441342	-0.00490482	0.09558865	0.13511901	-0.01698225	-0.00599776	0.02461281	0.03203620	0.05626330	-0.09535118	0.06944915	-0.11527154	0.05177071	0.05118246	0.10787742	0.10640726	0.01900688	0.03218909	-0.05359845	-0.01744060	0.03382482	0.03282860	0.07101392	0.08103298	-0.01734132	0.17098883	0.03005519	0.10118005	0.05001704	0.06420645	0.09391409	0.11626806	0.04573213	0.00938520	0.28876558	0.11284808	0.10247820	-0.04309746	0.15789069	0.10299358	0.07165687	-0.00029743	0.02969785	-0.12261737	-0.05658179	0.11351861	0.14040366	0.04352289	0.06559905	-0.11705915	-0.05071595	0.12026280	0.15192850	-0.01222154	-0.02022049	-0.03149163	0.05266670	-0.06169678	0.12247277	0.16592196	0.04805810	0.10735924	0.04984502	0.02000554	0.15379697	0.04301897	0.10618359	0.03601923	-0.00943437	0.11321519	0.10147075	-0.02121684	0.21781845	0.14378274	0.30359727	0.29363931	0.03577641	0.29359188	0.28269853	0.33328880	-0.03348687	0.25299601	0.35449247	0.05138807	0.12463453	0.11959914	0.28020355	0.32950412	0.21532193	0.28322082	0.10962303	0.14233528	0.15582549	0.17314501	0.01042378	-0.04418372	-0.01718304	0.11926277	0.33181180	0.29054282	0.32386725	0.22644262	0.12162408	0.11319796	-0.04535012	-0.03468382	-0.04176079	0.03440679	0.09735552	0.12817048	0.10533155	0.01761950	-0.01227580	0.17025882	-0.08396268	0.06883394	-0.00256146	-0.04439931	-0.09318410	0.03365394	0.09317249	-0.02250613	-0.03833924	-0.01324595	0.08494820	0.04026257	-0.04284466	-0.08899471	0.18411704	-0.00853319	0.37307978	0.28630510	0.21468058	-0.02780827	0.19242238	0.06644371	0.00536983	0.09383532	-0.02271389	-0.05671478	-0.09130861	0.03216433	0.10541437	0.05131316	-0.00304055	0.04272854	0.04402600	0.12331083	0.03604160	-0.04178071	-0.08266127	0.03828195	0.05820632	-0.02832729	-0.10380143	-0.04919865	-0.11885059	-0.00861325	0.04359536	0.09111224	-0.04775454	0.04472264	0.19977783	0.03066508	-0.07882485	0.00853567	-0.03094420	0.07358962	0.06187385	0.11919888	0.10842612	0.03451031	0.16628477	0.00561084	0.10849963	-0.00489550	-0.07096745	0.01022310	0.01466731	0.02440774	-0.05910034	-0.00437110	0.12443764	0.02354328	-0.00511655	0.04487591	-0.04285439	-0.03550417	-0.06548986	0.03836078	0.04732815	0.06322105	0.04692854	0.07392741	0.13408686	-0.00357144	0.05894734	0.07829354	0.09648866	0.03169145	0.08854669	0.04873593	-0.04763833	-0.08520015	0.05208322	0.00212959	0.09067649	0.13563197	0.12701030	0.02766497	-0.07331374	0.02074178	0.05761642	-0.15132365	-0.04808333	0.03245616	0.03013920	-0.06381035	-0.00725063	0.08225933	0.08261518	0.08559189	-0.05334369	0.14363715	0.06623337	0.07716834	0.16371076	-0.04361748	0.03760349	0.08155994	0.20821636	0.09385283	0.13933488	0.12061158	-0.00618606	0.01745728	0.14777950	0.05327346	0.03209590	0.10502532	-0.01779628	0.03021661	0.04418455	-0.04393288	-0.04597222	0.12758533	0.12603424	0.15661344	0.15503023	-0.03598953	0.11431880	0.09987361	0.03904391	0.05902688	0.00956607	-0.03996714	-0.02623442	0.02935994	0.16347774	-0.04826949	-0.07334754	0.06718296	0.16116237	0.15081577	0.14328130	0.19228647	0.02266763	0.20263109	0.21367627	0.20053570	0.12775204	0.10750291	0.01866884	0.05416097	-0.06515590	0.04382281	0.96050488	0.40689018	0.44248520	0.11687200	0.27228497	0.16349965	0.24906997	0.16600666	0.30611703	0.11677294	0.31436156	0.01558052	0.14492825	0.17141708	0.20129852	0.06213333	0.05801277	0.22800978	0.11220830	0.15606072	0.02097923	-0.04013645	0.01181643	0.21897336	0.27010799	0.21489387	0.25413404	0.17723184	0.06668011	0.05052900	0.11051671	0.20350756	0.21236188	0.21794309	0.18108671	0.22800866	0.10216735	0.16116424	0.00554002	0.08843133	0.05071291	-0.02559465	0.02896850	0.02800918	0.12427028	0.05813282	0.21365322	0.22084037	-0.06699561	0.01738790	0.01973818	0.03992974	0.19674228	0.07968909	0.07185111	0.24400084	0.18587942	0.04544904	0.02717573	0.11063309	-0.02983874	0.21772584	0.22885036	0.26579496	0.15726388	0.20182942	0.14157148	0.08662427	0.20140795	0.00117042	0.11456523	0.06654087	0.10100490	0.09816045	0.00009397	-0.04625331	0.05338589	-0.11751379	0.05747255	-0.02331401	0.06667985	0.07252021	-0.03303993	0.23822994	0.05264539	0.05218664	0.17145671	0.12415921	0.10464087	0.06196090	0.06136572	0.10841828	0.07867846	0.02382872	0.00872662	0.02365277	0.19060268	0.02453272	-0.06382564	-0.05193107	0.17017205	0.03084811	0.05684282	0.06410013	-0.03325891	0.10271462	0.22307265	0.22910171	-0.00336247	0.08332022	0.13866956	0.06715925	0.01640288	0.13389594	-0.26499648	0.09438524	0.12194853	0.04307638	0.01002167	0.06425320	0.04607558	0.02997640	0.00617103	-0.06432777	0.06127752	0.01201509	0.09267281	-0.03892891	0.17229405	0.07938901	0.11341793	0.07706708	0.06758638	0.08043796	0.17890938	0.01019247	0.11933584	0.12625070	-0.03538186	-0.29840432	-0.04364743	0.10602325	0.09303044	-0.04367742	-0.05890862	0.25379457	0.04889076	0.12197473	0.07171113	0.04929843	0.13915439	0.08719676
17Networks_RH_LimbicB_OFC_2	0.29568558	0.23050067	0.05180800	0.19098096	0.10464962	0.06501738	0.28290255	0.13436774	0.07533481	0.10637277	0.11186389	0.12762753	0.20466353	0.41506406	0.22998959	0.23729398	0.25689059	0.19778248	0.21027626	0.29929353	0.20624023	0.22997069	0.22905070	0.30635258	0.21465261	0.24740239	0.15780861	0.23508316	0.27166526	0.28194876	0.16208673	0.07629941	0.12850349	0.15413838	0.24607772	0.14419723	-0.02731136	0.18895862	0.29297791	0.15467303	0.13938484	0.28607674	0.10523270	0.16791268	0.17909658	0.03903566	0.14152130	0.13095524	0.09973950	0.09626693	0.17845952	0.09187264	0.16107052	0.08702952	0.06290184	-0.03412613	0.01650936	0.06466483	0.16552072	0.26957775	0.23995685	0.30281746	0.16997075	0.02894663	0.18137798	0.06631832	0.20060527	0.18897187	0.16078330	0.05190969	0.25208844	0.12779060	0.09875390	0.03337057	0.07081444	0.06083059	0.12594582	0.14719843	0.18727843	0.12814469	0.18448844	0.16479360	0.08296688	0.14066555	0.05794459	0.09394494	-0.04345809	0.05100251	0.26332742	0.05093081	0.05334436	0.08957456	0.24655903	-0.02432943	0.21434321	0.26265913	0.26627478	0.18939062	0.12912685	0.16817284	0.09529672	0.09571571	0.05962951	0.07975626	0.03995646	0.09320954	0.24651296	0.11479444	0.09111659	0.31696047	0.31555584	0.22879571	0.05959199	0.16978252	0.20130808	0.19799282	-0.11924226	0.10447061	0.24829095	0.05935315	0.13212029	0.26813463	0.17999953	0.28331533	0.19737559	0.21355336	0.14320499	0.16407424	0.04564463	0.07473126	0.04753664	-0.04034485	0.10054970	0.26155288	0.39154410	0.19437035	0.31828064	0.17394608	0.19533701	0.08276346	-0.05520247	0.06215489	0.07291100	-0.02428572	0.13756200	0.14500208	0.07542349	0.01850980	-0.01854135	0.17023116	-0.04358798	-0.02525987	0.03172109	-0.01709818	-0.01789734	0.04391606	0.14697536	0.17002746	0.04539756	0.05067116	0.11362871	0.08436831	0.05245265	-0.02145588	0.15601561	0.05869628	0.35349222	0.22459934	0.11117224	-0.02861927	0.26354820	0.12543717	0.11569171	0.12377463	0.08480883	0.08340276	0.02280063	0.10812913	0.18110588	0.16162662	0.09528331	0.15083626	0.21660022	0.22841589	0.08462741	0.12081732	0.13811732	0.08460251	0.17305660	0.12272839	-0.02176265	0.09585888	0.04629345	0.13739774	0.14972759	0.13557478	0.14150656	0.16344073	0.21528354	0.05327623	0.07901547	0.15000643	0.24113262	0.17663968	0.00363248	0.04370970	0.19976166	0.06841980	0.11039865	0.12860067	0.17451342	0.18437131	0.20987569	0.18884508	0.27097453	0.28811304	0.22032170	0.27162309	0.34928270	0.27931662	0.19097160	0.17943345	0.22216947	-0.01732048	0.09373753	0.18319150	0.17118391	0.05982782	0.14508869	0.14181581	0.29034997	0.27156038	0.18975100	0.10360229	0.18366861	0.18569684	0.25846520	0.23297533	0.17470246	0.07529503	0.18923316	0.18321842	0.18345447	0.35426815	0.34903613	0.12703017	0.05842559	0.18678409	0.09846852	0.02985709	0.19284632	0.15860625	0.15274140	0.08066385	0.15062041	0.13613432	0.05712206	0.14210126	0.17480939	0.28247358	0.09902032	0.17571577	0.15121473	0.13183705	0.25890838	0.25821397	0.26554839	0.17625682	0.18989854	0.25430721	0.13485372	0.08873310	0.14801823	0.04235684	0.07750074	0.18856398	0.01864964	0.10757073	0.25433370	0.22638582	0.11511734	0.20209298	0.07582234	0.09286558	0.14490560	0.11503289	0.07328796	0.06086928	0.22590676	0.16129780	0.17905802	0.11200609	0.03914493	0.16239501	-0.09875522	0.16423020	0.16140109	0.20757488	0.09108864	0.26218723	0.27034637	0.21861669	0.09174008	-0.02838061	0.18490300	0.01004834	0.09420176	0.23525167	0.08573747	-0.03935474	-0.01494017	0.14825348	0.40689018	0.94186115	0.25414332	0.06299617	0.34307670	0.01685337	0.22091177	0.14118637	0.14929880	0.24155631	0.15602035	0.03780549	0.26391945	0.09633711	0.14411966	0.11614343	0.06266111	0.10218764	0.01679127	0.06115645	0.02446043	-0.02882495	0.13378316	0.18405968	0.26061824	0.06552191	0.05249061	0.00202004	0.09562364	0.05235115	-0.07750094	0.07653255	0.19162215	0.23723435	0.08513958	0.06704940	0.08378226	-0.05960024	-0.00467768	0.02888700	0.06841405	-0.04959126	0.01827483	0.05936440	0.24885595	0.04484415	0.09517878	0.11271961	0.09530443	0.11161162	0.06468296	0.04966483	0.06350886	0.13777110	0.02105518	0.15795629	0.13469614	0.12238039	0.08761347	0.08700140	-0.02366652	0.26341512	0.13243535	0.18405843	0.13142452	0.10071890	0.07097214	0.15017869	0.14107277	0.15549982	0.16199677	-0.02976798	0.04406503	0.06359099	0.10708529	0.09111173	0.27021593	0.11549661	0.12365884	0.07924792	0.13283311	0.16235544	0.06029233	0.07916486	0.02935567	0.08581487	0.13849319	-0.00259524	0.05005323	0.12014161	0.09689849	0.10597292	0.18905239	-0.08335113	0.13707232	0.12264066	0.20230594	0.09942907	0.02358941	-0.08931554	0.13207794	0.10959365	0.04425144	0.16614124	-0.05848456	0.14501687	0.13448647	0.23361650	0.18452700	0.01932734	0.13140005	0.03163479	0.21844186	0.11317590	-0.02725999	0.06601709	0.08115283	0.12417585	0.03033359	0.13752905	0.29939877	0.09054501	0.19415272	0.00044404	0.03904942	0.18759527	0.22625704	0.09670718	0.22418720	0.19182102	0.28827080	0.24203431	0.21775482	0.19786149	0.15699609	0.14902501	0.27935323	0.24425557	0.14110241	-0.06672833	0.06052604	0.25128985	0.19007314	0.09520418	0.14030250	0.32251441	0.28151018	0.17550171	0.26119850	0.15086681	0.17641471	0.16718792
17Networks_RH_LimbicB_OFC_3	0.05157621	-0.14574793	-0.02964109	-0.09366667	-0.09038486	0.22756939	-0.00001287	0.02307509	0.24095164	0.03995989	-0.00061998	-0.04335084	-0.10618985	-0.01278293	-0.09469368	0.01320149	-0.15911882	-0.02740842	-0.20689530	-0.09574697	-0.19563652	-0.10742083	-0.14929181	-0.19486705	0.05161831	-0.00775891	0.03547830	-0.16862295	0.17911302	0.05975687	0.01265704	0.12948421	-0.04983857	-0.01072659	-0.01931383	-0.04041669	0.05076715	-0.07532759	-0.08453111	-0.05423950	-0.07160026	-0.14691000	-0.15675917	0.02795710	0.05686640	-0.04185808	-0.00668445	-0.13353659	0.08023237	-0.00483168	0.02468677	0.08923608	-0.03666876	-0.11768308	-0.01345060	0.04735231	0.11139003	0.07526913	0.13833637	0.07881186	-0.00708544	0.13379854	-0.03369981	0.14607431	0.03848618	0.12788880	-0.05433233	0.07212618	-0.01025552	0.00710173	0.07321791	-0.02086957	-0.08940664	-0.07087063	0.01598068	0.00146805	0.00409346	-0.07804479	-0.22866893	-0.23430587	-0.18415820	0.03097071	0.08336773	-0.10184119	-0.01207611	-0.18043784	-0.00200559	-0.07832386	0.03354221	0.06788872	0.00082118	-0.07020645	-0.13338105	-0.08327187	0.00940712	-0.00099442	-0.03636314	-0.10347000	0.01418410	-0.11647755	0.01176295	-0.03793753	-0.01735280	0.10260262	0.06310489	0.06308139	0.03048427	-0.00496339	0.29928600	0.12303217	0.42981372	0.37080111	0.16093055	0.36393768	0.32684813	0.45197380	-0.01299974	0.32142883	0.44862368	0.05132971	0.03655898	0.11691114	0.12278490	0.11462434	0.16403508	0.12648965	-0.04360057	0.05509459	0.07163610	0.04759462	0.08791800	0.02537305	-0.02911182	0.08736099	0.12659396	0.11552431	0.15271342	0.12173033	0.01389078	0.09299055	-0.02595177	-0.05398511	-0.00252256	-0.02068976	-0.04291673	0.07077306	0.03847403	-0.03356623	0.10886036	0.13717776	-0.05328470	0.04557118	0.10048317	0.00191014	0.03963763	0.07487318	0.06167366	-0.17287971	0.00588876	0.15349566	0.13236637	0.10686792	0.05810697	0.08691477	0.04240947	0.10938116	0.42791299	0.45277786	0.29643575	0.12694162	0.17810523	0.16193446	0.13320152	0.11487711	0.03625850	0.00730974	-0.07676936	-0.06700367	-0.07158637	-0.10677616	-0.03001443	-0.06102056	0.08380448	0.15487303	0.12151317	0.01530851	-0.00172581	-0.01190872	-0.02123270	0.10623051	-0.05206952	-0.11264749	-0.10419730	-0.01145057	0.00623470	0.04211484	0.07415923	0.07715280	0.17441345	0.11743035	-0.09435451	-0.05148167	-0.11713103	-0.03787010	0.07925835	-0.12529487	0.09950669	0.08548564	0.23173477	-0.00565999	0.11277463	-0.03015327	-0.10939800	-0.07914577	-0.16508425	-0.12362399	-0.11593904	-0.15648109	-0.00700018	-0.11507775	-0.14338403	-0.17182144	-0.12816852	-0.05429487	-0.07830214	-0.05798769	-0.04520860	-0.08407015	-0.00007375	-0.02087207	0.05876227	-0.04816945	0.02661829	0.04460311	-0.09026146	-0.08395113	0.05899130	-0.04326783	-0.10572433	-0.22783975	-0.16390471	-0.18432534	-0.07731847	-0.03359814	-0.10666274	-0.16453578	-0.13719570	-0.13707653	-0.21959091	-0.16732976	-0.14798476	-0.08451129	-0.03987664	-0.25427587	-0.08284988	-0.09349384	-0.00371398	-0.05710670	-0.16127177	-0.01852123	-0.03602410	0.00960452	0.16216676	-0.12506899	-0.04973465	-0.02991431	0.05825080	-0.00216748	0.02552891	-0.06895537	-0.05130575	-0.13903092	-0.02591282	0.00983735	-0.19324060	-0.09102714	-0.19254954	-0.03454564	-0.14223337	-0.14456127	-0.13831037	-0.04180608	-0.05531049	-0.05978598	-0.04363729	-0.19424010	-0.13807207	0.04362519	0.10963653	-0.11826142	-0.04169189	-0.17724953	-0.20168780	-0.07409134	0.06559571	-0.23116926	-0.14274442	-0.10562421	-0.00830781	-0.10299393	-0.02757520	-0.00533499	-0.04915530	0.10634351	0.04362214	0.07113779	0.10631916	-0.00185744	0.04829178	0.05902265	0.03610860	-0.07565001	0.44248520	0.25414332	0.91622960	0.11029757	0.36583595	0.35429353	0.30456112	0.32072065	0.21972623	0.34757633	0.29479688	0.01396648	-0.01131002	0.00083954	0.06626168	-0.05059606	0.06737227	0.14509582	0.14287264	0.14873842	-0.05872341	0.06028622	-0.07954954	0.22952017	0.03535189	0.21983731	0.18344673	0.02058350	-0.05699944	-0.05489123	0.06895962	0.18759386	0.10695209	0.23232700	0.13921245	0.07985580	0.07800940	0.16024104	0.03181892	-0.00240017	0.07692290	0.06373012	0.01911766	0.07566851	0.00761447	0.19626433	0.23642031	0.15516076	-0.02811053	0.06143136	0.10035340	0.06973380	0.19799880	-0.04840582	0.15990410	0.19280514	0.21687744	0.07134410	0.13300871	0.04653270	-0.01363591	0.12465228	0.28785884	0.30459075	0.07929290	0.12725536	0.13294708	0.03316927	0.04810115	0.04672007	0.22274783	0.05038992	0.11580499	0.03489344	0.00265721	0.03261342	-0.04134818	-0.12356598	0.03952419	0.12729071	-0.01878255	-0.01220525	0.14747883	0.17336913	0.15116287	0.07609400	0.18888880	0.07678201	0.27551098	0.14322774	0.08386138	0.11214910	0.01944862	0.12197791	0.03844267	-0.04765457	0.11528954	0.04399700	-0.05583627	0.02532195	0.13369235	0.06828458	0.00281024	0.04082383	0.08054278	0.09003588	0.23165263	0.13766675	-0.09349852	0.12882874	0.10264340	0.04773210	0.04513343	0.01269147	-0.19798067	-0.01067518	0.09961501	-0.04889564	-0.03179878	-0.07375112	-0.04992108	-0.04504380	-0.04131053	-0.07804003	0.11006620	-0.07157760	0.00356013	0.08069267	0.09667073	0.08362311	0.06317162	0.03291484	0.04342456	0.08861533	0.26423222	0.01854872	-0.00289685	0.07567459	-0.07319680	-0.27621674	-0.05664357	0.03297854	-0.05422460	-0.00826051	-0.10720183	0.11930305	0.02124968	0.12595009	0.05320169	0.15757718	0.15486441	0.16956237
17Networks_RH_LimbicB_OFC_4	0.07349598	0.07025695	0.01608656	0.03130967	-0.03486158	0.01220150	-0.01838580	0.09925037	0.05443313	-0.01448166	0.08561745	0.04250901	0.11103766	0.11446215	0.11551393	0.18538538	0.04500343	0.04738308	0.01121709	0.11789479	0.07757860	0.09246045	0.05017537	0.00421440	0.11303894	-0.06713557	0.03676419	0.21065986	0.14830953	0.07799515	0.06163868	0.01578976	0.07956457	-0.00247898	0.11503448	0.08105982	0.18626094	0.04850000	0.09071931	-0.04905607	0.21610054	0.13001963	0.16077845	0.07257414	0.03916683	0.12273484	0.05218723	-0.09105768	-0.11588013	0.00992675	0.11888737	0.10146264	0.10878725	0.09596256	0.03024088	0.05562498	0.07654887	-0.00188614	0.02095105	0.01376184	0.01978770	-0.10220820	-0.01996482	-0.04368048	0.00521402	-0.01593998	0.06699542	0.12997110	0.04369335	0.14647392	0.10011533	0.15340238	0.10939836	0.17441719	0.10494084	0.13385850	0.09028795	0.12081478	0.06242079	0.10691911	0.11871121	-0.07276079	0.05430490	0.07660565	0.09515875	0.05191616	-0.08656707	0.03606203	0.09801738	0.13622865	0.02023303	0.05162607	0.03372527	0.07740510	0.06944465	0.16739309	0.06178795	0.04420693	0.00825504	0.06333260	0.08690778	0.00134274	0.03375528	0.11150764	0.07746318	0.07517812	0.02090638	0.12944884	0.13343718	0.16608019	0.06289796	0.02157824	-0.04571017	0.11497675	0.14371330	-0.00943548	-0.04391525	-0.04902304	0.00824947	-0.02630181	0.14512887	-0.00346911	0.08775033	0.09200883	0.08342730	0.11518980	0.07082923	0.06491779	0.08132573	0.10499362	0.02832365	0.11937840	0.10800189	-0.08596377	-0.10153165	0.10852283	0.07182192	0.15027633	-0.11705547	0.16569274	0.09028225	0.08622732	-0.00704130	0.09711229	0.01572831	-0.01834532	0.06497082	0.03520713	0.03008359	0.08747621	-0.03692539	0.05300715	-0.03252002	0.02458719	-0.03523187	0.07681361	0.08090758	-0.01197145	-0.06522853	-0.02860135	-0.03561430	0.01718709	-0.03172203	0.03455499	0.07099403	0.08793122	-0.10151603	-0.03243274	0.15452852	0.02630957	-0.01339488	0.05811373	-0.11876474	-0.04295920	-0.13553201	-0.14436114	-0.06870662	-0.13060324	-0.06764909	-0.04813172	-0.06331611	-0.00301244	0.02755720	-0.05601296	-0.05607729	-0.04355127	-0.02233634	-0.00248972	0.02325220	0.03981300	-0.04154493	-0.02490689	-0.01232480	0.06626083	0.01734186	0.11744420	-0.06799277	-0.15222083	-0.02463373	-0.13421754	-0.07890592	0.01915742	0.04718529	0.03215930	-0.08956753	0.01880593	0.06180116	0.00141539	0.01984291	-0.01971731	0.05974577	0.03403089	0.07557434	0.09014562	0.11488287	0.05311452	0.05455705	0.11267969	0.06403726	0.02164130	0.09490067	0.10108802	0.02334277	0.03342636	-0.11990158	-0.05353656	0.08393669	-0.00391785	0.01727262	0.03495434	0.14988890	0.04951043	0.05597227	0.03390604	0.08093779	0.02885359	0.07493972	0.06486339	0.15021058	0.14431698	0.05628562	-0.00813067	-0.11862886	0.11436596	0.08981611	0.05240409	0.04170730	0.02642089	0.04657434	-0.03146574	0.13196093	0.12043799	0.02467954	0.13884912	0.13577988	0.09741152	0.05466605	0.03570834	0.06997356	0.03206039	-0.05049309	0.06551018	-0.04542233	-0.00287302	0.00029762	-0.00627005	0.08247328	0.04451873	0.04878132	0.25212453	0.08697236	0.12461438	0.18236303	0.02859812	0.15778226	0.19455192	0.15484098	0.15047409	0.04484659	0.08704460	-0.00916518	0.05199286	0.14339990	0.09803986	0.09384868	0.09476201	0.14497918	0.19725872	0.16999342	0.05801296	0.12979878	0.06997303	0.01282520	0.04739337	0.18105276	0.04090764	0.05207841	0.12788083	0.29414003	0.10178417	0.06173601	0.08371929	-0.00371395	0.12542306	0.22771814	0.17837316	-0.00306156	0.01913259	0.00266390	0.09980779	-0.00222254	0.10634386	0.11687200	0.06299617	0.11029757	0.75618299	0.08218640	0.04765783	0.02535768	0.11001033	0.06470580	0.12605608	0.00949637	0.05316838	0.07806570	0.15591588	0.19097823	0.18355216	0.09036569	0.17943489	0.14642263	0.16456731	0.09299201	-0.01113485	0.05718918	0.06357940	0.04987224	0.14912899	0.13867444	0.10372357	0.16298056	0.07241319	0.10716691	0.16249893	-0.02627147	0.07346226	0.35346722	0.19615640	0.02690575	0.16624133	0.10038189	0.19328398	-0.02045176	0.00104787	0.10573956	0.09574593	0.12781794	0.09694163	0.03101317	0.09675376	-0.07150889	-0.00495182	-0.01132900	0.00974770	0.09202343	0.01673450	0.03857285	-0.01476569	-0.02985543	0.02859412	-0.06031958	-0.01053140	0.07697428	0.07818971	-0.04462463	0.00501936	-0.02219492	-0.06314900	0.03077903	0.02722734	0.03221174	0.08883463	0.05151704	0.06204099	0.01882725	-0.01391985	0.05451609	0.00363392	0.03368447	0.01873496	0.08989719	-0.05582263	-0.03322838	-0.01797907	-0.09439870	0.08012677	-0.04225194	0.02283122	-0.04761388	-0.01876775	0.07389915	0.17621133	0.00356202	0.05510246	0.08616579	-0.01448113	0.04814655	0.00905531	-0.11414266	0.03845266	-0.03298647	0.09014890	0.00257027	0.00620872	0.11032552	0.00946718	0.08353789	-0.11195329	0.00822085	-0.00873177	0.07807079	0.10732537	0.12187345	0.06867925	0.01265025	0.00327664	-0.03877684	0.09220104	-0.03459408	0.11225509	0.08780928	-0.01413200	0.02611671	0.07834786	-0.00425145	0.06493129	0.28911535	0.03922107	0.01249602	0.14213744	-0.02519671	0.11001000	0.05207226	0.06525250	-0.05487297	-0.04022050	0.00299689	0.11812265	0.07446515	0.14852371	0.08484562	0.15025707	0.00692974	0.16443474	0.03840631	0.15172490	0.04940844	-0.08362115	0.06919302	0.03038726	0.00868865	-0.12161748	0.05006967	0.08299455
17Networks_RH_LimbicB_OFC_5	0.13762162	-0.00606891	0.01886411	0.05649085	0.03164685	0.01614085	0.20513337	0.02338428	0.07037190	0.02965592	-0.04339909	0.11209830	0.03237897	0.13019262	0.06306110	0.02726608	-0.04644573	0.09755941	-0.07933320	0.07669281	-0.07666154	-0.01937073	-0.05400848	0.02848436	0.14357312	0.00728924	0.09705613	0.07499328	0.25844732	0.16386548	0.19365746	0.16919017	0.10935323	0.07693479	0.13194777	0.12170295	0.18459539	0.08023600	0.16507937	0.07285201	0.17222206	-0.01210958	0.15629970	0.11378574	0.08787149	-0.09138129	0.02130283	0.06714934	-0.03507873	-0.00742254	0.11568971	0.18768646	0.13631632	-0.07115035	0.03925464	-0.15187369	0.01689885	0.14889940	0.18314174	0.05469107	0.01055504	0.09253237	0.07214877	0.10162907	0.21208072	0.08976590	0.09855726	0.13848917	0.09315844	0.17012357	0.21140813	0.13361903	-0.09444394	0.02045203	0.01993738	0.10426906	0.22688540	0.11142882	0.05288355	0.01155901	-0.00426188	-0.04578403	0.17867752	0.08377834	-0.05396438	-0.02860587	-0.15504359	-0.12963394	0.07079382	-0.07450360	0.01697900	-0.05834350	0.06625018	-0.16708710	0.20810028	0.15193246	0.13747587	0.08441624	0.04644606	0.07974616	0.03405574	0.00214770	0.09354881	0.04122152	0.05795302	0.06068685	0.12091560	-0.01113975	0.31483579	0.19916934	0.42314070	0.40268783	0.08763772	0.15947598	0.21841831	0.25258367	-0.19832182	0.01835656	0.30510725	0.13142392	0.08648243	0.12226471	0.04864792	0.09125153	0.16567062	0.12989150	0.04686710	0.02300665	0.02689787	-0.02882575	0.00037329	-0.06113624	0.04269036	0.12490077	0.05146915	0.05380050	0.05626645	0.10175118	0.02033957	0.01506571	0.05441019	0.01184785	-0.11992679	-0.01804963	0.07787904	0.18767304	0.03032978	-0.00510834	0.10543822	0.12612088	0.01240967	-0.14978423	0.04996019	0.10774269	0.05658369	0.13721950	0.06201445	-0.01074172	0.04439157	0.15351261	0.16206004	0.18538138	0.16139601	0.01411722	0.10566455	-0.02299693	0.36276908	0.23046247	0.04728741	0.00891997	-0.00280942	0.05898116	0.19242621	-0.05371282	0.06677747	-0.03727306	-0.14006417	-0.14176835	-0.15036013	-0.03877546	-0.18166934	-0.11060827	0.07877064	0.20571542	0.02447620	-0.03386539	-0.06342137	0.07182460	0.17164862	0.28684438	0.13008644	-0.02757730	-0.08752638	-0.05539994	0.09614828	-0.03038535	-0.00672976	-0.07947109	0.11493835	-0.10289196	0.04924574	-0.03100288	-0.01987000	0.08577641	-0.04784151	-0.11538315	0.06954016	0.02031711	0.07536867	-0.03502545	-0.03282337	0.02189048	0.03546574	0.05597151	0.00700278	0.08746947	0.03867390	-0.02673893	0.10149091	0.03247136	-0.02821973	0.03521575	-0.00426689	0.04519166	-0.02167082	0.00809240	0.16126537	0.13292506	0.21336756	0.16068685	0.20156216	0.16864862	0.21408678	0.13607859	0.15741197	-0.00888063	0.15871607	0.09692091	0.09151019	0.04561453	-0.00887524	0.01624369	-0.01314903	0.12848274	0.10655350	-0.03696537	-0.09598724	0.13069155	0.07188667	-0.08826861	0.04508049	0.07835323	0.21608625	0.01340759	0.07655428	-0.06208145	0.15252170	0.05468516	-0.03931275	0.03758932	-0.07800183	0.11943135	0.18426491	-0.01878783	0.07314026	-0.00511954	0.23213012	0.17316226	0.21688378	0.16348576	0.18093249	0.07634787	0.06646143	-0.03955370	-0.10535216	0.09174982	-0.03027474	0.18480919	0.09635406	0.04745694	-0.04222619	0.14354428	0.15626998	0.07741636	-0.01171054	0.00519004	-0.09957877	-0.09965581	0.17062627	0.04712289	0.02259600	-0.08563895	-0.02713654	-0.08889614	-0.11218207	-0.03818425	0.03598946	0.17306727	-0.03020930	0.10578232	0.26076602	0.01060667	-0.12436109	-0.08334031	-0.02142571	0.02013021	-0.06501228	0.07639273	-0.09204990	-0.09731879	-0.06010506	-0.07077135	0.27228497	0.34307670	0.36583595	0.08218640	0.95672440	0.04427677	0.13575701	0.16377558	0.13158383	0.23320943	0.08268622	0.05770127	0.04231107	0.01472446	0.01287994	0.04650707	0.14424901	0.04431668	-0.07934206	0.02912356	-0.16543546	-0.09790259	0.08119356	0.19534234	-0.02164157	-0.00459816	-0.03455746	-0.10267537	-0.11511188	0.09151058	0.01122869	0.01702368	0.06543370	0.18903738	0.07336281	0.03542078	0.12442185	-0.00986081	0.11374005	-0.06964122	0.12307175	0.13795160	0.05643913	0.09940839	0.13031982	0.07787746	0.09069463	0.04051547	0.11699559	0.10143955	0.15394410	0.06128784	0.14502184	0.02995397	0.10606352	0.23146119	0.22193108	0.04665120	0.16944218	-0.01534806	0.17395272	0.06138399	0.10191875	0.14587547	0.08941103	-0.06640866	0.05725457	-0.08753009	-0.11842848	-0.05136346	0.04597013	-0.12263667	0.11603829	0.04674974	0.17585486	0.17515263	0.15318975	-0.00895383	0.10464656	0.17633952	-0.10729731	0.01697303	0.06178550	0.13574077	-0.01121151	0.04511613	0.01809332	-0.08271513	0.14840022	0.07785471	0.05933065	0.13970200	-0.00982809	0.04069035	0.17215567	0.03077274	0.16985863	0.15840594	-0.04040092	0.07643692	0.21363019	0.11927107	0.09922516	0.06266183	-0.00323450	0.09205166	0.11448750	0.09495866	-0.00579554	0.23136878	0.14444157	0.01557158	0.17827076	0.09114532	-0.13121495	0.14651193	0.13483786	-0.01323142	-0.00528338	0.03803486	0.15223073	-0.09834331	0.09328446	-0.21491362	0.07596421	0.02157403	-0.00352832	0.00504230	0.03117359	0.06952975	0.12634975	0.13304135	0.03042053	0.12878013	0.16400737	-0.00415182	0.10106060	0.13519615	0.10523380	-0.16013897	0.02760639	0.12846059	-0.02513663	0.06507097	-0.00782181	0.13877846	0.08315757	0.06004053	0.10664035	0.08257468	0.13469808	0.10785698
17Networks_RH_LimbicB_OFC_6	0.12568381	0.13247313	0.15845825	0.13672131	0.04124282	0.24457148	0.15219898	0.16826744	0.41874560	0.17776412	0.25384839	0.06124345	0.06180626	0.08728080	0.18870169	0.10880250	-0.02781984	0.24116262	-0.18505061	-0.11828527	-0.00414186	-0.17261238	-0.00620835	-0.17549425	-0.08648965	-0.10159412	0.02121116	-0.20167387	0.02224657	-0.08516173	-0.04907823	-0.04970370	-0.11494066	-0.08070699	0.00239915	-0.06266240	-0.10625649	0.14692639	0.07273188	-0.14925529	-0.02954030	-0.06228595	-0.11091774	0.15144776	0.09241162	0.06503564	0.06771420	-0.06312493	0.39548678	0.08058701	0.01360321	-0.03018181	-0.09357751	-0.14259909	-0.03447108	0.03254521	0.15349095	-0.15789611	0.14755099	0.06639805	0.17035947	0.24672054	-0.01077769	0.12091002	0.14417870	0.02809952	-0.14193473	-0.04781562	-0.03144969	0.00475452	-0.15331624	-0.09328546	-0.22482169	-0.08399128	-0.03724443	-0.08132910	-0.08796077	-0.13302722	-0.04388397	-0.12295569	0.05414041	0.04182892	0.04250779	-0.03058932	0.05510125	-0.00020633	0.29018588	-0.18936645	-0.08757089	0.13867747	-0.09056418	-0.12087053	-0.11608555	-0.01077249	-0.18093744	-0.11850846	-0.03162052	-0.19059730	0.07074899	0.04135468	-0.15813755	0.07030579	-0.19262058	-0.05038524	0.07380757	-0.01817152	-0.04449870	0.10331817	0.06061715	0.04642699	0.05042831	0.14651651	0.44697384	0.31863112	0.05749256	0.24009710	0.14491903	0.38178165	0.05683599	0.05310387	0.13812411	0.05174086	-0.08878108	-0.05676974	0.00046827	-0.09751393	0.00593478	-0.06144661	-0.09784992	0.01288183	0.07445659	0.06078764	-0.04777035	-0.04431180	0.08910920	0.08189272	-0.01874860	-0.04617124	0.19508052	0.13720368	0.08053643	0.03773616	0.40481622	-0.11130784	-0.11954538	0.08912315	-0.17892112	-0.15436959	0.27542198	0.14315015	0.09016607	0.31357378	0.17991113	0.18629747	0.24239077	0.10291574	0.07449043	-0.05532795	0.31804737	0.16674273	0.31354572	0.07054919	0.27957211	0.34557275	0.10496517	0.14253633	0.20060615	0.58076104	0.40955789	0.35757923	0.31234245	0.31387749	0.25395450	0.41846176	0.38375826	0.38552645	0.35709622	0.23517314	0.03738215	0.11283827	0.29201700	0.22354338	0.21727439	0.07004260	0.40561689	0.30781940	0.23410102	-0.09708224	-0.04581320	-0.03373015	-0.16333741	0.04757230	0.29022082	0.11512991	0.06781218	0.21466729	0.30577409	0.19917596	0.32259706	0.34134072	0.15855704	0.15773100	0.11395468	0.13941525	0.31133331	-0.04602366	0.34773007	0.13976607	0.43570454	0.08928874	0.23277980	0.21870852	0.08826768	0.01096210	0.06946282	0.03879692	0.00021928	0.02311809	0.11823160	-0.01710081	0.04451185	-0.17698175	-0.02620417	0.02788397	-0.08344482	-0.17545559	-0.07512001	-0.19144075	-0.02693980	-0.09136908	-0.06904609	-0.13494006	-0.01308709	-0.04104925	-0.09096036	0.03815633	-0.04958620	-0.08568840	0.02411963	-0.02234349	-0.04332706	-0.06128374	-0.02904685	-0.15386880	-0.19741703	-0.04036685	-0.03724152	-0.11586010	-0.28684510	-0.08611821	-0.13192013	0.00777624	-0.08518408	-0.17006609	-0.13772293	-0.19036925	-0.07624032	-0.07413013	-0.20478954	0.07575212	0.25010777	0.09185878	0.27759617	0.08779155	0.06425375	0.05471160	-0.14016178	0.03290302	-0.06296306	-0.12429646	-0.08177630	-0.09566939	0.05828329	0.06229126	-0.12334047	-0.14063213	-0.10196596	-0.12281956	-0.13069668	0.03560136	0.18189553	-0.05840020	-0.02340923	-0.06806691	-0.09033587	-0.17081352	-0.22121071	-0.02417111	0.09151882	-0.33091333	-0.06721312	-0.21065531	-0.31082168	-0.15708188	-0.09286069	-0.16122143	-0.02034652	-0.22908668	-0.14173988	-0.14612865	-0.20689541	0.07513624	0.09984286	-0.02209451	-0.16234769	-0.06486829	0.28683097	0.12873540	-0.02232764	-0.13139885	0.27873840	0.03375372	0.16349965	0.01685337	0.35429353	0.04765783	0.04427677	1.12001231	0.25559265	0.35957176	-0.07615738	0.33907399	0.09381365	0.02382893	-0.07106342	-0.17992509	-0.10488008	0.01641579	0.24218799	0.01387105	0.08486431	0.05173889	-0.14621413	0.13766015	-0.13947281	0.27140813	0.10315353	0.24922838	0.10322651	-0.12143030	-0.07746587	-0.02528337	0.06492954	0.11851151	0.18039085	0.15064294	0.14687249	-0.11427371	0.09155956	0.11744024	-0.04888227	-0.10128008	0.27989262	0.10748693	0.06814343	0.05920670	-0.18007759	0.42006934	0.31591745	0.14540242	0.20926308	0.26643695	0.20395014	0.29119742	0.05445520	0.03628115	0.19872578	0.19969171	0.28839286	0.19871348	0.35052699	0.35061050	-0.00046085	0.08545552	0.35500230	0.17126770	0.20936241	0.24659449	0.29710913	0.06500846	0.10731122	0.05763545	0.26194999	0.12343844	0.09845824	0.12125505	0.00771242	-0.03654177	-0.07517492	-0.21387593	0.07863931	0.13009150	0.13304042	0.11990821	0.28195736	0.13342709	0.21861163	0.15666203	0.28930839	0.20564604	0.31170846	0.37408511	0.12221875	-0.06525694	0.14299184	0.15319319	-0.02345166	-0.15966161	0.16106653	-0.02369389	0.03508338	0.09123716	0.00404140	-0.02894609	-0.07689428	0.07693508	0.14907225	0.05322744	0.18493120	0.10273227	0.08039109	-0.04567084	0.04890209	0.04947434	0.03041497	-0.00450973	-0.03783349	0.04690403	-0.02770501	-0.09819307	0.12290946	-0.00140891	0.07813476	0.09200670	-0.03966231	0.23847309	0.12710402	0.04865517	0.01522435	0.15663000	0.16769619	0.21419466	0.15167658	0.11514896	0.22220320	0.30283787	0.47896982	0.34993308	0.14515281	0.07556175	-0.11315500	-0.18107262	-0.05545109	0.01737845	-0.09689749	-0.00786561	-0.06796317	0.12504918	0.10675083	0.29196723	0.14279059	0.33879133	0.33655511	0.37966894
17Networks_RH_LimbicA_TempPole_1	0.13166303	0.01261781	0.21619294	0.09527782	-0.05137488	0.25396782	0.20333714	0.06119476	0.19544398	0.10869473	0.08937513	-0.03009950	0.03984692	0.09457556	0.02326570	0.04606689	-0.01209663	0.03464509	-0.06846965	0.06846666	-0.05642177	-0.09782073	-0.01329240	-0.01053478	0.01395395	-0.04884546	0.03777393	-0.03054431	0.18798990	0.07900984	0.04814704	0.08437843	0.01698701	0.04077118	0.03841751	0.11367684	0.05605404	-0.07375993	-0.03268381	0.03356288	-0.06909171	-0.09425673	-0.04309125	0.16983830	0.15356299	0.11305133	0.12881355	0.01152845	0.10006441	0.14380885	0.07226325	0.02724407	0.03077704	0.01773665	0.03177906	-0.06806190	0.14217877	-0.10403552	0.16759317	0.00831620	0.01217813	0.08273425	0.11055544	0.18671527	0.02018893	0.01927056	-0.03274540	0.07151998	0.01776965	0.16717279	0.23118323	0.04991988	0.03843192	0.00710730	0.09185981	0.14856268	0.11085971	-0.06410456	-0.05139247	-0.06808987	-0.12300440	0.11483756	0.14356792	0.10915414	0.10479618	-0.00089276	-0.07602969	0.03380592	0.15221979	0.15793078	0.06396256	0.07863351	0.05621315	0.06519013	0.19582452	0.20170061	-0.06482464	0.07639487	0.04994425	-0.00075556	0.02806095	0.00297956	0.03297892	0.10210416	-0.07430836	0.11829823	-0.00965793	-0.15391545	0.18069464	0.04260018	0.11473426	0.15170418	0.09768175	0.50272964	0.42893029	0.41484856	0.14256438	0.50824169	0.34765633	0.01470882	0.25081058	0.06305844	0.02717799	0.16359733	0.10432216	0.18902851	0.04681430	0.11176918	0.06209012	0.10566628	0.06939917	-0.03330462	0.07754091	0.05380346	0.20795749	0.04865891	0.05082119	0.19758537	-0.10816707	0.06974748	0.01425473	-0.03011923	0.01153795	-0.01865712	0.07447259	0.10535013	-0.05422444	-0.11299114	-0.02278427	0.07532842	-0.13086162	-0.15396002	-0.13838525	-0.07820118	-0.06998517	-0.05631093	0.00869177	-0.02495847	0.03400789	-0.01447708	-0.04624266	-0.09826602	-0.02517811	-0.16395605	0.05972588	-0.13069297	0.11496289	0.27645723	0.26351260	-0.02974245	0.23589348	0.01792605	-0.00223561	0.03164249	-0.01691920	0.01499359	-0.07304226	-0.14630679	-0.17666319	-0.00608858	-0.09837734	0.01989588	-0.06082267	0.02510401	0.02813175	-0.04063173	-0.01192079	0.08327816	-0.05470847	-0.04464800	-0.07548136	0.05535343	0.02757972	0.14238647	-0.08599747	-0.05521644	0.04900073	0.11950158	0.15178968	0.00733453	0.01161136	0.03472420	0.07013257	0.12131593	0.16922132	-0.00087148	0.17504952	0.11366232	0.14994341	0.11621981	0.10154985	0.12258683	-0.02995482	-0.00726538	-0.01687711	-0.07095268	-0.04552724	-0.06204513	0.05243268	0.02410534	-0.02786848	-0.02617047	0.01440028	0.00639858	0.01440899	0.08119438	0.07636967	0.02903403	0.08868407	0.00724532	0.12558720	0.03797355	0.04550928	0.02102875	0.11034153	-0.12539012	0.06271726	-0.02018274	-0.07121355	-0.07904376	-0.03829795	0.01384292	-0.16321101	0.12008968	0.11071805	0.02950350	0.12132397	0.07883175	0.00363450	0.03438298	-0.00631507	0.07658660	0.00948753	-0.00948717	-0.01533895	0.03163090	0.08199553	0.06448316	-0.17643893	0.04092089	0.07039041	0.10409034	-0.04306559	0.09911679	0.06789811	0.03114040	0.14100219	0.13814800	0.14264080	0.22604111	0.10016114	0.00552362	0.15003980	0.10734049	0.07032042	0.15895810	0.11977489	0.06260103	0.03714482	-0.05721570	-0.19083579	0.07391065	0.23690774	0.16283682	-0.01879532	-0.00727782	-0.04599123	-0.00285055	0.09973661	-0.00290153	0.11518521	0.05878146	-0.18665236	0.03568527	0.01932108	-0.00313921	-0.10653814	0.11149711	0.14286066	0.16947223	-0.07982904	0.06705026	-0.21966076	-0.00159897	0.05802976	0.12214485	-0.00655155	0.02345954	-0.14162989	-0.14089427	-0.21937933	-0.00953422	0.24906997	0.22091177	0.30456112	0.02535768	0.13575701	0.25559265	1.03483340	0.40755130	0.05888369	0.58468908	0.38401406	0.08806212	0.15457982	0.10543578	0.16556764	0.15701051	-0.01655405	0.08518989	-0.08987360	0.10183660	-0.11612052	-0.14704531	0.00255518	0.30307533	0.02183776	0.06953806	0.12813421	0.10600665	0.12052419	0.07189832	0.01079630	-0.01206700	0.00803135	0.02251829	0.07130244	0.09293226	0.06419662	0.09660424	-0.03784711	-0.01045536	0.03053895	0.00036718	0.11099400	-0.17436552	-0.09328599	0.04462897	0.05070311	0.12803037	-0.20982087	-0.14244076	-0.04879801	-0.08019630	0.01190251	-0.17132832	-0.04341873	-0.06699536	0.06872173	-0.14429561	-0.07676134	-0.00319707	-0.16328773	-0.02397270	0.08621290	0.09013853	-0.10242472	-0.16967045	-0.02713539	-0.20575120	-0.12394033	-0.21559516	-0.10929963	-0.12284078	-0.03120167	0.19837457	-0.00275671	-0.04273225	-0.05216142	0.10140523	0.04893285	-0.02878489	-0.03188371	-0.12366721	-0.13183296	0.15338734	-0.13058813	-0.00674067	-0.07289651	-0.16379280	0.45176252	0.05643597	0.39064385	0.27236694	0.02723337	0.21807779	0.05773964	0.07452943	0.14484455	-0.00219292	0.03527847	-0.05132961	0.14980641	0.18361927	0.05135533	0.05918439	0.34424858	0.02063744	0.41744124	0.32106288	0.12339324	0.02740769	0.05542751	0.10907123	0.00344845	0.03760774	-0.06515976	0.03502066	0.14887025	0.06640497	0.01311782	0.09933636	-0.03088474	-0.02847015	-0.01704133	-0.02411784	-0.01147934	-0.10751078	-0.05663050	0.09005781	0.07939614	0.06696325	0.07311617	0.05050442	-0.00212232	0.10371408	0.27474359	0.16333957	0.09905225	0.18048667	0.00209869	-0.19958269	0.17493206	-0.00316373	-0.07170231	-0.21595602	-0.03327620	0.02081548	0.05556403	0.17867844	0.06595443	0.13355405	0.25139623	0.21495609
17Networks_RH_LimbicA_TempPole_2	0.06061047	0.02704214	0.11096838	-0.01865115	-0.04967575	0.26761576	0.06185134	0.17992388	0.20771259	0.18986776	0.05759751	0.04137432	0.07179897	0.06554465	0.08715878	0.08946899	0.01068765	0.00294601	-0.12700179	0.08854822	-0.10953633	-0.09871003	0.01267769	-0.02688857	0.11759258	0.01106018	0.10034870	-0.01530854	0.16933723	0.03396908	0.11466127	0.04129166	0.02086544	-0.06032806	0.01161681	0.06370722	0.00123107	-0.00468937	0.02849353	-0.06182828	0.07813878	-0.05100855	0.02890423	0.13259398	0.16368168	0.09378427	0.00984029	0.04786628	0.08636839	0.16325113	0.05403780	-0.04112536	0.11958997	-0.05785615	0.05295108	0.05588905	0.15518422	-0.03098679	0.18024913	-0.14996988	0.06633488	0.12924511	0.00947025	0.26424463	0.03577564	0.09565824	-0.03744129	0.03058509	0.02681337	0.08696682	0.05392669	-0.01921020	-0.05152035	0.09821577	0.07386009	0.04831280	0.03482680	-0.05821589	-0.04498089	-0.08431145	-0.10607996	0.08743377	0.03077041	0.08322135	0.11556676	0.03094831	0.00155644	-0.00082661	0.09299410	0.17357424	0.07623549	0.11482251	0.02384423	-0.03481030	0.18202101	0.06611991	0.00479792	0.05989828	0.01143998	-0.03334051	-0.10415594	-0.01633217	-0.09563223	0.01955136	-0.06553841	0.12954422	-0.03808565	-0.14429751	0.15238161	0.02329397	0.22657048	0.15405798	0.16528889	0.45274425	0.36114070	0.35856210	0.07130860	0.32649453	0.20225644	-0.00848204	0.28161911	0.09645313	-0.00779326	0.04501498	0.06516502	0.04917769	-0.07325594	-0.03319980	-0.12951154	-0.00626827	-0.09241614	-0.07165269	0.10592146	-0.12979521	0.02269500	-0.01978783	-0.03016517	0.08948061	-0.02435094	-0.06057189	-0.09100426	-0.07819801	0.10017294	-0.13687577	-0.10373750	0.06280280	-0.03746333	-0.20501687	-0.05977159	-0.01684815	-0.08910432	-0.05447265	-0.17957098	-0.11770835	-0.00343105	-0.09955873	-0.08697251	-0.08042355	0.04075651	-0.02891791	-0.05764698	-0.09703806	0.03194465	0.01970147	-0.05713585	-0.03366214	0.14615009	0.32725341	0.27726258	0.03352991	0.17843515	0.01998273	0.07521377	0.06942152	0.05611289	0.09598207	0.07558047	-0.06689124	-0.13862908	-0.08148381	0.11498545	0.05512909	0.03022489	-0.05354062	0.09142775	0.04877289	0.02632078	0.06138120	-0.15923682	-0.07581807	-0.17719394	-0.05942714	-0.01254731	0.16701001	-0.21663872	-0.01763564	0.04431461	0.06653817	0.22208676	0.01351300	0.05055628	0.00387857	0.05179984	0.01217970	0.12057389	-0.12257970	0.17248174	0.15964449	0.27884839	0.16628997	0.13193998	0.14241013	0.03463737	0.10821868	-0.10721662	-0.12032881	-0.09114688	-0.08752282	0.10680230	0.06524128	-0.06463809	-0.00815664	-0.04626914	0.00847267	-0.00829905	0.02020312	-0.00527314	0.08485321	0.04133846	0.01614770	0.09497720	0.00116636	0.08062769	0.02884552	0.06416426	-0.09313897	0.03224677	0.04968097	0.00461432	-0.03350164	-0.03055236	-0.03789978	-0.18634671	0.06691833	0.08870799	0.04053339	0.10420681	0.05851783	-0.03410856	-0.09544589	0.04900597	0.04167623	0.12098203	0.01113717	0.04831415	-0.02885959	0.13181971	0.15325638	-0.18584530	0.03986931	0.13261588	0.11303949	0.00520541	0.10850937	0.15575334	0.17886414	0.11725262	0.19154916	0.11196450	0.09075951	0.04006947	0.00728196	0.21872506	0.13761733	0.03935792	0.10010522	0.07850285	-0.00765664	0.04427590	-0.02834087	-0.09526207	0.05238381	0.17080567	0.08597914	0.13251610	0.05241715	0.02574450	-0.03449975	0.21071473	-0.00475714	0.15668349	0.06356009	-0.07943663	0.08509400	0.00871077	0.02120155	-0.00908215	0.02708183	0.00530074	0.09311976	-0.05364907	0.03764397	-0.13027538	0.05565291	0.02883499	0.03641408	0.08901864	0.05706930	-0.01181767	-0.11197996	-0.06413651	0.02507668	0.16600666	0.14118637	0.32072065	0.11001033	0.16377558	0.35957176	0.40755130	0.88926348	-0.00422587	0.47481385	0.14504426	0.10628581	0.15788214	0.03601787	0.07599674	0.13284205	0.03651900	-0.06791585	-0.14248491	-0.05326496	-0.09644744	-0.08427719	0.02469106	0.23356525	0.01556278	0.03225083	0.03820111	0.01004299	0.03812125	0.00218566	-0.09969597	-0.06286965	-0.06400780	-0.11536615	0.10406370	0.00592719	-0.07173438	-0.02589075	0.00535934	-0.09705285	-0.01518641	0.01805007	0.09395854	0.02486591	-0.13357077	0.21144059	-0.04441545	-0.03219131	-0.11477795	-0.06246042	-0.02322092	-0.03387823	-0.11568719	-0.14468959	-0.04045443	-0.07965543	-0.01733085	-0.07862595	-0.02083293	0.00905575	-0.08556155	-0.00167259	0.07851396	0.16016731	-0.10070969	-0.08872200	-0.08555654	-0.15563455	-0.08265435	-0.08834451	-0.04100977	-0.03758796	0.00509823	0.17459510	-0.07469387	-0.04511740	-0.07723668	-0.06131562	0.04163028	0.16483664	0.07558349	-0.00356184	-0.01125321	0.09830621	-0.02916616	0.08363904	-0.06909770	-0.03865905	0.37700864	0.10893706	0.20277393	0.15288640	-0.02366397	0.08984497	0.08127161	0.02296855	0.09954953	-0.05225109	-0.02226467	0.13860940	0.11504421	0.20306928	0.03119969	0.11740480	0.29429093	-0.08549845	0.23842278	0.06510910	0.07692364	0.07421620	0.08299072	-0.00024513	0.03345170	0.13231579	0.05775513	0.02309347	0.07562089	0.01140489	0.05464851	0.02255170	0.01317995	-0.05404614	-0.04354876	0.06594083	0.22058453	0.00734596	-0.12885449	0.28411944	0.03586788	0.16593368	0.06101276	0.04190476	0.08595504	0.18128880	0.41852261	0.21347599	0.12813583	0.14252767	-0.02073875	-0.23318268	0.05497933	0.04597805	-0.08829825	-0.05180373	-0.02672059	-0.04779121	0.06047631	0.18057069	0.11634857	0.21603899	0.32418968	0.32536424
17Networks_RH_LimbicA_TempPole_3	0.14530916	-0.01450032	0.06234468	0.08469794	0.01239378	0.05186228	0.04459588	0.06769524	0.04585458	-0.05460825	-0.00964853	-0.04913701	0.10432970	0.21789605	0.02477672	0.01355356	0.02957740	-0.03414155	-0.00836013	0.06475120	-0.05864184	-0.02719542	-0.02721757	-0.03058384	0.19196700	0.17531759	0.17110653	0.11191860	0.29074550	0.21009055	0.18896708	0.18468211	0.24554426	0.28507704	0.21253730	0.24605300	0.27286647	0.06199569	0.10862899	0.29301514	0.20206636	0.03954586	0.17046351	-0.00536436	-0.06736835	0.03740427	0.00408876	-0.04990759	-0.11061166	-0.01907792	0.15019924	0.19360625	0.08419374	0.02818531	0.07602288	0.01072561	0.14797267	0.23707309	0.09507704	0.26906901	0.10671108	0.19982197	0.07670100	0.13314958	-0.01378776	0.08867193	0.13161696	0.10675455	0.13579906	0.10333642	0.25558682	0.28100093	0.11857052	0.17820377	0.21287113	0.31946369	0.22368595	0.16746774	0.11179239	0.06842483	0.05851822	0.16236748	0.19929118	0.14794007	0.10619308	-0.06390699	-0.01264759	0.12754828	0.04245571	-0.13242150	-0.04549538	-0.04460461	0.00304383	0.00119651	0.28494650	0.11263964	0.07186907	0.13212960	0.02142996	0.17465037	0.11451770	0.12776747	0.16960248	-0.13942226	0.01936033	0.05106557	0.02387749	-0.03580448	0.18045780	0.15330564	0.09312293	0.17393293	-0.10907207	0.09396287	0.15435123	0.07139876	0.08325823	0.14943175	0.12418658	0.14036552	0.09058818	0.14657178	0.18438059	0.25315773	0.29908514	0.20618416	0.19666894	0.02980320	0.12077728	0.17806924	-0.02374779	-0.03897225	0.02313788	0.08349961	0.17918960	0.19984263	0.25966474	0.25199817	0.06380608	-0.02985187	-0.09441923	-0.06983145	-0.11223873	0.02682223	0.11634725	0.17001808	0.14370683	0.05619890	0.02974334	0.10555433	0.04579681	-0.01751908	0.07175188	0.05417663	0.04730031	0.12692532	0.05245820	0.01865035	-0.00003560	0.08296834	0.02055469	0.07073846	-0.01797956	-0.16079131	0.05313186	-0.09539773	0.16477795	0.02267025	-0.02238301	-0.02125930	0.05564329	0.03895807	0.06625392	0.01363573	-0.03260574	-0.05132131	-0.12317391	0.07937492	0.05208424	0.07152817	-0.03710785	0.03266652	0.08631095	0.16128182	-0.10769606	-0.08364987	-0.06246678	0.09656107	0.16759789	0.10678633	0.02847425	0.02481545	-0.23769905	-0.16958957	0.10418599	0.07882608	0.01756133	-0.04235721	0.08326792	0.05360057	0.02696158	0.03791413	-0.05781900	0.03436132	-0.03092719	0.17389867	0.01152643	-0.00867082	-0.05417173	0.07049199	0.04632430	-0.08897671	-0.02660124	-0.12350500	0.06394911	0.03383829	-0.02150919	-0.04047771	0.01629667	0.00487681	-0.06943407	-0.00473194	-0.10119691	0.16057707	0.07224707	0.07717613	0.27207752	0.08222808	0.21785947	0.19887382	0.19783094	0.17518992	0.14873874	0.16972924	0.22085940	0.05471395	0.07233835	-0.03976335	-0.08528332	0.02274404	0.11933185	0.12750864	0.14620954	0.18217128	0.08629437	0.04125528	-0.09061416	-0.11375340	0.06546340	0.05930879	0.05253327	-0.03235474	0.07502286	-0.01109575	0.13063009	0.07458288	0.17295409	0.17891674	0.22686905	0.11091878	-0.01050567	0.11314480	0.11766397	-0.09854481	-0.02612115	0.10133881	0.12914903	0.11237044	0.15409079	0.12936611	0.15717650	0.18118054	0.01741759	0.06571739	0.11488725	0.16894675	0.10313675	0.12925710	0.07603804	0.06267519	0.05087417	0.12312756	0.16807510	0.22076249	0.08927808	0.02526167	0.08600001	0.10343833	-0.05506521	0.03735671	-0.09318187	-0.02802149	0.01129777	-0.04810173	0.09165103	0.00025840	0.04567833	0.08064474	0.11009664	0.12525942	0.06970636	0.12204113	0.06677696	0.12446395	0.07206082	0.13973179	-0.02075065	0.14784751	-0.02272648	0.08646608	-0.08459961	0.04250086	0.30611703	0.14929880	0.21972623	0.06470580	0.13158383	-0.07615738	0.05888369	-0.00422587	1.01604752	0.00380725	0.29317540	-0.00070105	0.15376584	0.22113893	0.09372172	0.13743092	0.08759097	0.13952880	0.04265638	0.10276491	-0.00503530	0.01031387	0.06423519	0.08763554	0.12703018	0.13866680	0.07658491	0.11348417	-0.01293162	0.11441074	0.06006869	0.11863280	0.21075545	0.04947745	0.13323865	0.13831237	0.04827977	0.05457472	-0.00444996	0.02347820	0.04961293	0.03038676	0.15449349	0.03413282	0.19721578	0.07911740	0.11767562	0.14145810	0.02632017	0.11145455	0.11987180	0.07278596	0.11768680	0.13812339	0.08216836	0.18965645	0.10967455	-0.04681090	0.02640107	0.05415674	0.06707222	0.09286272	0.06866537	0.39977505	0.16897089	0.14374419	0.03870066	0.20512890	0.20335186	0.10966348	0.04491252	-0.02028170	0.05805785	-0.04112652	0.11518411	0.02629584	0.12076091	0.07483491	0.04896870	-0.09233347	0.14020458	0.13147062	0.00219486	0.04404853	-0.00208630	0.01088087	0.14730428	0.03820173	-0.02103774	-0.00544064	0.03194449	0.05711188	0.08559087	-0.07800865	-0.05881940	0.16387774	0.11396798	-0.00549809	-0.15969069	-0.05461149	0.04944081	0.06107641	-0.08147091	-0.02906372	0.10263439	0.03182853	0.01010161	0.11854911	0.02466104	-0.05353464	-0.02490701	0.05523986	-0.03736857	0.01703681	0.08893532	0.00236456	0.03498405	0.13095980	-0.09211276	-0.07023699	0.20176802	0.17570775	0.07897592	0.12341697	0.23835358	0.16974274	0.22373960	0.12658934	0.20709791	0.22412912	0.23455272	0.19228228	0.09282911	0.11183283	0.05482023	0.04567387	0.14127419	0.19237751	0.25884621	0.10540502	0.16535984	0.24767919	0.34246420	0.19559703	0.14536165	0.12772097	0.17401066	0.04174693	0.15850199	-0.02888715	0.05186267	0.04571943
17Networks_RH_LimbicA_TempPole_4	0.13149018	0.09455335	0.13452478	0.11014301	-0.03581237	0.25885676	0.20247387	0.13522127	0.20838525	0.14135182	0.11511531	0.02159158	0.15503986	0.15563481	0.15564220	0.10344415	0.06552498	0.12321461	-0.05779767	0.11703837	0.00552245	0.02288432	0.02762002	-0.02838586	0.06711808	-0.00411624	0.12995926	0.01473645	0.19210524	0.07791057	0.09039094	0.11833471	0.05122523	0.03825819	0.07617294	0.10894585	0.11640246	0.04623346	0.05628198	-0.00060561	0.06560348	-0.00848145	0.00677170	0.21922515	0.31948174	0.24135627	0.08088605	0.06740419	0.12414506	0.18608918	0.11009058	0.10523196	0.08981052	-0.02648849	0.12050499	-0.02265361	0.24507140	-0.03730480	0.29875513	0.07125062	0.13988584	0.19199557	0.13538589	0.19215619	0.04448349	0.05166169	-0.01427289	0.04149143	0.07295970	0.15438491	0.09125449	0.06435174	-0.08364945	0.02411910	-0.02922685	0.11751008	0.16186818	0.04067795	-0.07249190	0.00221378	0.01657218	0.14565087	0.14839790	0.10196306	0.11958415	0.06938015	-0.03309099	-0.09590317	0.05527773	0.17844741	0.00610592	0.07344981	0.02751520	0.09291507	0.09730856	0.03854939	0.02360324	0.04415245	0.08506831	0.08034350	-0.09151008	0.02561092	-0.07303819	-0.00202511	0.03343267	0.03754449	-0.02681811	-0.05209318	0.21754080	0.09470868	0.15082849	0.20428316	0.19077291	0.46046924	0.38110837	0.41332490	0.13098211	0.39447361	0.29074959	-0.03173850	0.21958453	0.07372189	-0.08499516	0.08763741	0.11156840	0.10839243	0.00645844	0.04856141	-0.05528300	0.10645382	0.13654521	0.04848098	0.02329030	0.05754887	0.10322656	0.00925969	0.01606386	0.19052266	0.00940952	0.08677031	0.06065398	0.01932790	0.16000196	-0.14451542	-0.06356750	0.17322783	-0.14059560	-0.20924590	0.08428927	0.06619587	-0.02586662	-0.04951009	-0.00141807	0.03576442	0.12434153	0.02253318	-0.07177128	-0.07784307	0.15075048	0.10505694	0.05650209	-0.00251095	0.14897570	0.03568999	-0.00014684	0.03097730	0.11914064	0.28636841	0.35075421	0.13484177	0.23167041	0.15784511	0.18238006	0.12665117	0.17443687	0.15997902	0.05028152	-0.04313827	-0.09515698	-0.00932842	-0.01015188	0.06539475	0.07550305	0.04696325	0.16560900	0.06563798	0.12420859	-0.00567068	0.04916896	0.11533824	-0.03202546	0.08193472	0.10592279	0.08768633	0.01007335	0.02543612	0.18782544	0.06563862	0.20441336	0.11762540	0.12574068	0.01190257	0.12331814	0.13672139	0.15831814	-0.02299184	0.25398867	0.17888054	0.22199148	0.17306887	0.13911925	0.18742293	0.06740213	0.01594202	0.05488351	-0.03080427	0.00261783	-0.01338162	0.15516813	0.06472455	0.03946783	-0.07254121	0.02850977	0.07346863	0.01353228	0.02648382	0.10839757	0.02903612	0.12482745	0.01309713	0.17517422	0.13781510	0.14670548	0.02244648	0.09981180	-0.01955461	0.02110663	0.00727445	0.00467002	0.00675032	-0.03308724	0.01581840	-0.13463611	0.12972922	0.11057299	-0.00966920	0.07263818	0.13480365	-0.10088394	0.01571028	0.04097919	0.04586905	0.14618299	-0.02096533	0.07406616	-0.07018730	0.12237912	0.13836867	-0.11043148	0.05091599	0.11186319	0.11446057	0.04053153	0.11794855	0.10827775	0.07213795	0.05003221	0.18584016	0.13306527	0.12854859	0.14407467	-0.04515158	0.12511266	0.15955977	-0.05951489	0.09763528	0.05532821	0.11872342	0.01680205	0.02264121	-0.05765838	0.03016028	0.16160123	0.02544210	-0.04190884	0.00357765	-0.13971257	-0.04653335	0.22226430	-0.11723053	0.16328615	-0.00166690	-0.15454628	0.02617081	-0.09469962	-0.01145297	0.07528782	-0.01490451	0.01747680	0.04619350	-0.09410871	0.06510357	-0.19634422	-0.10198490	-0.05851930	-0.00256429	0.01663151	-0.02441324	-0.14342057	-0.24146653	-0.05295624	-0.05206647	0.11677294	0.24155631	0.34757633	0.12605608	0.23320943	0.33907399	0.58468908	0.47481385	0.00380725	1.05514692	0.28272906	0.14571095	0.10486640	-0.05051363	0.02118073	0.14351201	0.06898988	0.02426155	-0.08243317	0.07227146	-0.07989015	-0.05884148	-0.04859576	0.31738880	-0.02394675	0.03290924	0.05947427	-0.06630087	0.04227848	0.02511302	-0.01781617	-0.02684234	0.02597774	0.04143475	0.11900170	-0.00718111	0.04686533	0.04880095	0.01728407	-0.14556038	0.11264209	0.05247917	0.05777752	-0.00515210	-0.13859723	0.22572928	0.04846841	0.03936804	0.02083850	0.01703325	0.11969885	0.03477830	-0.06878416	-0.21104576	0.07807818	0.01538146	0.09764649	-0.01831976	0.08984591	0.07209589	-0.07726096	0.01027903	0.13320476	0.15626387	0.01577088	-0.08756539	0.10761316	-0.10314084	-0.09343217	-0.04562364	-0.02188406	-0.16957705	0.03142318	0.08888405	0.14296058	0.07566058	0.06613327	0.05554431	0.16179343	0.13554814	-0.00603973	-0.07556114	-0.02407664	0.05156353	-0.09638607	0.05920490	0.00602508	-0.15562342	0.55001371	0.12278114	0.32116334	0.33087514	0.11285179	0.22044191	0.18431171	0.06543907	0.09003735	0.02550837	0.06362982	0.07952926	0.08325181	0.18104269	0.07418335	0.10895674	0.39363133	-0.06146535	0.43340158	0.20366097	0.19681063	0.08569771	0.07687846	0.10880738	0.07863540	-0.04081763	-0.01154539	0.06997233	0.04504829	0.00560378	0.04173459	-0.01010282	0.07824981	0.00771635	0.02595532	0.03230450	0.09450381	-0.01244686	0.02411030	0.22671927	0.08556901	0.20740084	0.12156912	0.14313034	0.11430245	0.24014769	0.38663752	0.26609631	0.20163720	0.30518566	0.09096982	-0.06601329	0.18699060	0.14181145	-0.02062988	-0.05858485	0.08586615	0.04433343	0.18693410	0.30042294	0.22874318	0.26097640	0.36958002	0.33470903
17Networks_RH_LimbicA_TempPole_5	0.04913851	-0.06772123	-0.01328908	-0.07983548	-0.14165594	0.19368531	-0.02841747	-0.07989631	0.03090581	-0.03430256	0.03942035	-0.03458307	-0.00541292	0.04979829	-0.09258057	0.11429911	-0.07824408	0.00455872	0.04837459	0.10797785	0.04067367	0.01197709	0.04697780	0.00551479	0.03702223	0.06419521	0.03916588	-0.07647339	0.12261309	0.03135314	0.01096711	0.02926308	-0.03168995	-0.01099625	-0.02196703	-0.01780344	0.07984944	-0.17382939	-0.15355117	-0.00916247	-0.05726908	-0.11175920	-0.04954896	-0.05222706	0.06837853	0.07142013	-0.00441026	-0.07171878	0.00211159	-0.00486711	0.04295531	-0.00561943	0.08633748	0.01509217	0.05102264	0.14219840	0.22560662	-0.05166444	0.16197129	0.13275277	0.07423469	0.05083836	0.01845886	0.05840692	-0.01908458	0.08321440	-0.01744466	0.01651758	0.05531620	0.07105184	0.16287908	0.01250076	0.07287496	0.02139992	0.07670736	0.09362650	0.04578264	-0.04915813	-0.14996354	-0.11781930	-0.22312731	0.02946929	0.05905994	0.00750183	0.04830726	-0.14966911	-0.11593150	-0.00313263	0.06640729	0.09887001	-0.09577763	-0.14318508	-0.09358165	-0.09933826	0.08980895	0.05044774	-0.02884596	-0.02021559	-0.13285535	-0.16312783	0.12148708	-0.04339752	0.03783765	-0.09303410	-0.10736810	-0.01387155	0.00506915	-0.12717247	0.15129097	-0.05980678	0.05970749	0.11195724	-0.07701222	0.26480289	0.36097903	0.29304425	0.02649340	0.29207357	0.39410583	0.07983663	0.03989950	-0.01373399	0.17405949	0.22642275	0.17286206	0.16564813	0.01127335	0.03633286	0.11276969	0.11506164	-0.02040472	0.01592334	-0.09986710	0.07621519	0.15555035	0.10824113	0.16384888	0.18872183	-0.05950351	0.01634490	-0.09790431	-0.11059364	-0.10893424	0.05623391	0.09270096	0.10122164	0.13145899	-0.00745831	-0.05673285	0.11109466	0.01652768	0.02872656	0.00519232	-0.04507567	0.02085111	0.09737428	0.12169836	-0.12386135	-0.00050247	0.07091417	0.00521076	0.01507023	0.00571405	-0.06257475	0.07981792	0.00299810	0.15499617	0.09956033	0.10024709	-0.04119922	0.12381696	-0.07631335	-0.04310718	0.00484919	-0.06764386	-0.02530586	-0.13522948	-0.03730945	-0.07939203	-0.15399682	-0.06315377	-0.06856889	-0.10433604	0.03906185	-0.12959571	-0.20581499	-0.17146694	-0.06085057	0.08860139	0.03302269	-0.03671224	0.04901158	-0.05753667	0.07829237	0.00725346	-0.14849384	0.02435810	0.05471829	0.06000022	0.02431042	-0.08397693	-0.02062634	0.00901267	-0.06261336	0.08270970	0.01710336	-0.01445966	-0.02596643	0.00659876	0.00854736	0.14659227	-0.01294104	0.04250024	0.03401898	-0.06704426	-0.11082662	0.05868004	-0.02812673	0.07960580	0.07781836	0.03060899	0.06368998	0.04228637	0.02796818	0.06049229	0.06402734	0.05433097	-0.05574751	-0.00036119	-0.04914793	0.00131319	-0.06425818	-0.03245318	-0.04849790	0.02958562	-0.17282232	0.05749358	-0.09630933	-0.16819409	-0.18430494	-0.13899145	-0.08798570	-0.16952223	0.16780689	0.12321383	-0.06023954	0.02549672	-0.07397863	0.06997334	0.05757063	-0.03696893	-0.03672914	-0.05205233	-0.08453599	0.02004746	0.03461545	0.05918129	0.06051274	-0.04437827	-0.01592160	0.03414846	0.00953568	-0.02415085	0.07259755	0.01932947	-0.01658215	0.12511529	0.11310242	0.06326068	0.07869226	0.05104402	-0.02643451	-0.02399000	0.21625672	0.09113686	0.08699570	-0.04744084	0.08633062	-0.01392524	-0.08621686	-0.16033732	0.00221945	0.06645794	-0.01402476	-0.02447654	-0.04935666	-0.01712979	0.09860276	0.03536341	-0.03877676	-0.00062981	-0.01522241	-0.19680976	-0.07472603	0.19442955	-0.07393482	-0.07063822	0.04274267	0.10172598	0.01925612	-0.04630253	-0.05774701	-0.25890799	0.10134826	0.06115809	0.14398166	0.02272283	-0.06126216	-0.12335407	-0.05063541	-0.07384438	-0.09936606	0.31436156	0.15602035	0.29479688	0.00949637	0.08268622	0.09381365	0.38401406	0.14504426	0.29317540	0.28272906	0.98262011	0.04433234	0.11886156	0.13549940	0.16448600	0.11519217	0.03666794	0.12481279	0.01194764	0.15332273	-0.01034702	-0.11440924	-0.02986303	0.21406307	0.06671568	0.12300829	0.22152628	0.18357442	0.19101952	0.07888977	0.16004805	0.13429462	0.10665817	0.03238896	0.01320773	0.16646060	0.06325916	0.17547259	0.11303002	0.14205379	0.03085849	0.02366637	0.03372796	-0.13732549	0.10701065	0.05745145	0.10571986	0.21327574	-0.17378774	-0.05299910	0.01478190	-0.01896070	0.24754615	-0.00893897	0.15752204	0.12189148	0.08931108	0.05180585	-0.03167649	-0.01675514	-0.06968538	0.13856956	0.04030373	0.22139353	0.06663902	0.12448795	0.01495525	0.00328147	0.01776806	-0.12573573	-0.09749962	-0.12343065	0.03278608	0.16343229	0.11285909	-0.00593111	-0.07024010	0.06373950	0.06232506	-0.09870683	0.01233307	-0.05177805	-0.10804081	0.01863717	-0.03059445	0.02473418	0.04406691	-0.08045068	0.31666820	-0.03479301	0.29913184	0.27249575	-0.05529636	0.05791931	-0.06948398	-0.02000884	0.03896368	-0.04092869	-0.05766580	-0.08410870	0.01450143	0.00330899	-0.04064931	-0.10523524	0.28093877	-0.04939821	0.38292872	0.25527035	0.07149842	-0.08409167	-0.01730645	0.02648699	-0.11635842	-0.03745658	-0.01336830	-0.07292588	-0.01312389	-0.04402939	-0.10905636	-0.19957193	-0.08888789	-0.05637064	-0.04616998	-0.06097709	0.02002074	-0.07531190	0.07939493	-0.05849181	0.13226789	-0.06795496	0.02772664	-0.01110696	-0.04358377	-0.01968593	0.00875857	-0.02927927	-0.00558157	0.06655602	-0.03265149	-0.07264232	0.02668494	0.00321403	0.13709615	-0.12137235	-0.03299263	0.04331994	-0.01987394	-0.00606885	-0.03940699	-0.08116007	-0.03305412	0.02162048
17Networks_RH_LimbicA_TempPole_6	0.12257678	0.14957651	0.04430519	0.08640271	-0.15163068	0.07981321	0.09071592	0.03523741	0.02696899	0.13164508	0.03335948	0.11231666	0.12996897	0.15383357	0.20312345	0.07300082	-0.05061313	0.13841397	0.12482905	0.12410341	0.16355580	0.09253348	0.16286199	0.03905590	0.02297182	-0.05262694	-0.00583707	0.06938300	0.02663348	0.01905167	0.01360831	-0.07940692	0.07867851	0.05503529	0.07884611	0.16751226	0.16930611	0.12777981	0.08387437	-0.00651697	0.19953047	0.09774284	0.13491605	-0.05564971	-0.06469578	0.13207985	-0.04741312	-0.07538927	-0.11716008	-0.10119567	-0.10889174	0.01387189	0.00201589	-0.04738434	-0.02926521	-0.20475197	-0.05832759	-0.15889261	-0.03835914	0.05134847	0.07471920	0.11608573	0.00784169	-0.00343581	0.05968139	0.11624280	0.03261810	0.15419252	0.13209379	0.03053070	0.10021994	0.15022163	-0.08727224	-0.08367043	-0.01800730	-0.00873830	0.08077342	0.13143827	0.11662174	0.08096025	0.18089355	0.03305048	0.12491906	0.06697974	0.07815063	0.01706241	0.04014486	-0.02657241	-0.08455583	-0.05400674	-0.07492702	-0.10304209	0.02883903	0.01148164	-0.13582567	0.02322781	0.13332480	-0.08297452	0.01694172	0.13583015	-0.08677659	0.03550308	0.03094545	-0.03421268	0.11710224	0.04527088	-0.05402349	0.01787585	0.06779658	0.11676901	-0.00224952	0.08890788	-0.05105336	0.01218399	0.13326153	-0.07699468	-0.04199582	-0.03414644	0.02569490	0.07130621	0.02795385	0.13803246	0.06845830	0.13828579	0.01335497	0.17805573	0.12172197	0.05557530	0.02100269	-0.08466090	0.13259269	0.09167199	-0.11883970	0.01921485	0.15009073	0.11249718	0.12924503	0.06621294	-0.00764481	0.09317942	0.11940951	0.04813290	0.00273465	-0.03031632	-0.02903404	0.10438037	-0.03828484	-0.07702620	0.10509705	0.20966776	0.05502746	-0.04844282	0.07303157	0.18338958	0.12843658	0.05021586	-0.00514337	-0.08037349	0.04330859	0.14740995	0.02949215	0.06415517	0.13742777	0.00004265	0.03325229	0.05789946	0.03154019	0.03229170	0.00497793	0.09113228	0.10898369	0.08695446	0.05350911	0.02766449	-0.02530231	-0.05424410	-0.00379456	-0.04881362	-0.05918451	-0.01332413	0.03077139	0.12589024	-0.02774753	0.05604501	0.02846411	-0.00525941	0.05080429	0.13406721	0.15019200	0.18967699	0.19559158	0.11006107	0.11939234	0.10396432	0.00427586	-0.03449365	0.04292806	-0.07003910	0.03239265	-0.01512713	0.04341416	0.04233357	0.13846955	0.12720847	-0.02672737	-0.02655029	0.08329613	-0.04369027	-0.03688079	-0.01786257	0.04533668	0.11792774	0.09526559	0.13643160	0.11685995	0.01104552	0.04189383	0.18918310	0.13055530	0.06127214	0.13175551	0.02720058	0.08152387	-0.00384789	-0.16982166	-0.08811808	0.07816311	-0.02428714	0.02015286	0.04253232	0.16712949	0.01278522	0.04050066	-0.06205077	0.15422906	0.15953296	0.10509218	0.06458150	0.10361889	0.13845520	0.03811598	0.05810223	-0.06919904	-0.02003821	0.02765390	-0.05462313	-0.03984150	0.16795755	-0.11876415	-0.11712567	-0.00020067	-0.01952621	0.02172197	0.03236848	-0.04755859	-0.02620248	-0.11409976	-0.04550833	0.02614187	0.08549711	0.08253322	-0.04668393	0.05280395	0.09326742	0.09885624	-0.02919831	0.11406463	0.15141014	0.16599414	0.13387454	0.19651054	0.07680231	0.04502904	-0.05845450	0.00535742	0.09640575	-0.02756051	0.06613753	0.11701523	0.20320770	0.05167506	0.11543371	0.13775971	0.06648479	-0.06727814	-0.04160808	-0.08870569	0.06413003	0.20941155	-0.18012885	0.05717527	-0.05930753	-0.12026658	-0.01140431	0.00734085	-0.04102060	0.11554090	-0.05290488	0.01986398	-0.03841622	-0.03344628	0.05941842	-0.00196207	-0.07362648	0.01037017	0.09136876	-0.02020298	-0.01990793	-0.03871735	-0.05895608	-0.00601233	-0.02012001	0.01558052	0.03780549	0.01396648	0.05316838	0.05770127	0.02382893	0.08806212	0.10628581	-0.00070105	0.14571095	0.04433234	0.86940014	0.01935659	-0.01361522	0.20399470	0.01913295	0.13058253	0.09592581	0.11051119	0.09356391	-0.06320977	0.02179196	-0.06317818	0.15513988	0.02153987	0.17857998	0.10285111	0.00278943	0.08927734	0.03280598	0.03506007	0.08764093	0.03087031	0.04613173	0.26607534	0.11822896	0.09949281	0.07925915	0.08090080	0.00186938	0.10583716	0.13474983	0.09650051	0.09803885	-0.04855410	0.12617790	0.07150433	0.08709560	0.05072381	0.05986303	0.17134030	0.05846984	0.03072166	0.05091154	0.09117276	0.08713575	0.04176870	0.03781754	0.08500635	0.05112666	-0.06013403	0.12883495	0.00742066	0.13607283	0.04843169	-0.03270504	0.06471664	0.07642178	0.03796781	0.10679850	0.01030573	-0.07143188	0.02316341	0.00735431	0.27295028	0.21577634	0.10049305	0.19193155	0.15520564	0.09957316	-0.03018057	-0.03883610	-0.02451306	-0.02055146	0.04575711	-0.10981951	0.06401530	-0.02752237	0.20460434	0.11569962	0.05388760	0.07873547	0.04728958	0.07582124	0.08263692	-0.06252947	0.00412899	-0.06741346	-0.07485896	0.04154898	-0.11326047	-0.11151792	-0.03459949	0.11009746	0.23688216	0.10171605	0.05059680	0.00168460	0.07254192	0.08832090	0.04755189	0.08306426	-0.09100436	-0.13634429	0.06245670	-0.05468015	-0.10365133	-0.07012953	0.09362350	0.06770344	0.08716547	0.06380827	-0.01768775	-0.09495491	0.13191538	0.11841183	0.04700563	0.15542669	0.13740285	0.13364154	0.16947325	0.15539335	0.07053064	0.05392486	0.05321759	0.20790630	0.16349469	0.16612061	0.09644337	0.11931835	0.16949730	0.15687222	-0.02627869	-0.05954874	0.09283656	-0.09308087	0.11772588	0.00924982	0.08864650	0.05140134	0.03528103	-0.00646523
17Networks_RH_ContA_IPS_1	0.35228729	0.33301145	0.06022402	0.19499200	0.11309310	0.11433651	0.21493352	0.32850679	0.18421298	0.33574778	0.10124608	0.27194409	0.32922976	0.33584751	0.24126398	0.14765524	0.33270288	0.06842681	0.13127032	0.35178324	0.12836713	0.13731202	0.18502336	0.28234909	0.33042642	0.20970875	0.35926894	0.27509096	0.33666179	0.30101225	0.27611990	0.16286203	0.31741104	0.17027949	0.20756602	0.40869752	0.26792683	0.15937842	0.31459419	0.25757166	0.31193497	0.28538105	0.41305608	0.04323779	0.07414164	0.00743221	0.05860948	0.03403936	-0.13596945	0.02711027	0.22938061	0.05584683	0.18186093	0.08115842	0.20055897	0.06562271	0.12399713	0.26459390	0.21445217	0.25576005	0.34103688	0.35742787	0.39402595	0.16133036	0.32514208	0.31075352	0.50740787	0.44181627	0.51702702	0.29167915	0.45097824	0.29835079	0.15498314	0.31626460	0.33084724	0.29461509	0.30566025	0.29883156	0.13225767	0.22549953	0.14734416	0.36944009	0.32191232	0.32359615	0.41361285	0.02930656	0.08299720	0.13307653	0.13673203	-0.10757437	0.11676451	0.18556854	0.22198260	0.17380015	0.34850228	0.37259334	0.28991630	0.44001475	0.19667511	0.29235628	0.04404690	0.16368878	0.11307956	-0.11107323	-0.09685575	0.02648348	-0.06750460	0.01018576	-0.10274449	0.11465193	0.08927026	-0.03521463	-0.13508201	0.15736540	0.18362115	0.01815377	-0.15050147	0.01266094	-0.00456702	-0.10766698	0.37312412	0.49152313	0.22935696	0.46589438	0.30261846	0.33071754	0.16973971	0.12064164	-0.04883595	0.29417280	0.00753560	-0.03137022	0.16706632	0.06112534	0.25619296	0.11778453	0.27014495	0.34993379	0.02743022	0.00564734	-0.14997835	0.00733572	0.05469217	-0.13769635	0.15155877	0.12023765	0.06242236	-0.17042972	-0.15005160	0.07567269	-0.02485081	-0.02316371	-0.16097599	-0.06200012	-0.03873707	-0.13065957	-0.00036124	0.13263909	0.02982000	-0.01042348	-0.06166270	-0.11794846	-0.04409113	-0.11623282	0.05772773	-0.10115835	0.04482383	-0.05851714	-0.06358826	-0.09880767	0.14247410	-0.05179469	0.07392953	0.01913538	0.05416313	0.10027413	0.01691269	0.05264241	-0.02534373	0.18942372	0.06638136	0.16560810	0.03204099	-0.12228445	-0.02991389	0.02368048	0.11252649	0.26590185	0.12049668	-0.02792051	-0.07207971	0.03127233	0.09686715	0.12989489	-0.00516960	0.09666192	0.05455514	0.13208117	0.19607053	-0.06001552	0.31059796	0.20547008	0.30291566	0.13839127	0.12014600	0.15399286	0.19507437	0.36257802	0.17222760	0.44098254	0.16180154	0.27288454	0.31840101	0.12847389	0.25281099	0.17854653	0.19934709	0.14636598	0.26894875	0.26987084	0.10744720	0.23722427	0.16641983	0.18771044	0.28819704	0.45329280	0.21656479	0.27885436	0.20076618	0.21900202	0.27472268	0.32980648	0.15131122	0.10994924	0.38370010	0.16656313	0.28885139	0.19261759	0.17352446	0.28001344	0.28049471	0.26951570	0.07074368	0.28749586	0.22183727	0.10647691	0.13894646	0.14700798	0.28085661	-0.03391772	0.30845755	0.13825193	0.12509331	0.27275201	0.30244956	0.40112238	0.36343336	0.50553329	0.32835911	0.33801375	0.30997588	0.41543318	-0.00241695	0.28878483	0.43974190	0.61061087	0.54257260	0.54838444	0.57936368	0.49848995	0.25556592	0.27378170	0.41414871	0.20189428	0.33144824	0.50789509	0.36492712	0.13036547	0.37930476	0.14913260	-0.01143364	0.38027492	0.47592028	0.36265875	0.27341324	0.25266515	0.30294236	0.20036049	0.03544748	0.06391395	0.01045136	0.03665476	0.10667494	0.14703604	0.13888972	0.30406909	0.10342267	0.41581261	0.26029197	0.40162677	0.34255130	0.31011705	0.02257248	0.08544979	0.20627079	0.16198717	-0.07450027	0.17379213	0.01134057	-0.00796687	-0.12844791	0.20539994	0.14492825	0.26391945	-0.01131002	0.07806570	0.04231107	-0.07106342	0.15457982	0.15788214	0.15376584	0.10486640	0.11886156	0.01935659	1.00166771	0.30906699	0.30464325	0.43381489	0.03909456	0.12445311	-0.06199160	0.05728637	0.18625445	0.00946614	0.30330210	0.06191171	0.22627123	0.01700183	0.06949089	0.20294402	0.32543247	0.16693079	-0.08178196	-0.02011296	0.08847982	-0.05454047	0.10001609	0.10837585	-0.00354834	0.00282767	-0.04793240	0.11784260	-0.03544811	-0.01206281	0.33594540	-0.05350977	0.17463892	-0.02951023	-0.11096995	0.09635350	0.00359569	0.03581637	0.02408653	0.00096545	-0.01317524	0.00414460	-0.12198260	0.01269976	-0.00083034	-0.09375532	-0.00716959	0.09084356	-0.02272974	0.16235828	-0.15029059	0.01351655	0.10817210	0.03432712	0.03915244	0.05931293	0.08892213	-0.00742119	-0.05580797	-0.06679378	-0.03500279	0.14134029	0.10008797	0.01573412	0.09410194	0.23997907	0.07021597	-0.03825756	0.13867963	0.14405907	-0.13472307	0.15893499	-0.20199377	0.05098119	-0.02188770	-0.07373440	-0.00641396	-0.04740419	0.02275136	-0.01736792	0.25438423	-0.10350442	0.08356763	0.11151713	0.01559982	0.00676324	-0.12175031	0.06420431	0.12058633	0.00968346	0.17371379	0.16730515	0.00774951	-0.06725733	0.10913304	0.09337549	0.05766488	-0.09138646	0.12009532	0.03281652	0.12566233	0.13271690	0.12004587	-0.00050065	0.11796797	0.19889662	0.21116428	0.24211682	0.26499046	0.12771568	0.24311269	0.04261198	0.19033774	0.21717218	0.10383718	0.15647182	0.21490833	0.25204060	0.26770870	0.28883687	0.26604341	0.17924404	0.09473717	0.20762984	0.32133610	0.26977625	0.25929610	0.09155342	0.18891666	0.24644877	0.16680311	0.16295709	0.39674764	0.14188802	0.29503695	0.19158189	0.30654007	0.11778852	0.18096121	0.12742116
17Networks_RH_ContA_IPS_2	0.12137327	0.04680107	-0.03939106	-0.00644046	0.06379735	-0.08432351	-0.03367403	-0.05042418	-0.10544826	-0.11344043	-0.02022397	-0.02765785	0.00146409	0.09263468	-0.06166596	0.14997328	0.23447911	-0.08154083	0.22993463	0.23932809	0.06413042	0.09482818	0.05658171	0.05472120	0.06028896	0.12440561	0.01423478	0.13533371	0.04640980	0.30517816	0.09066627	0.13588577	0.14945962	0.08719593	0.04179886	0.19002214	0.12644588	-0.10251590	-0.02075005	0.17674701	0.00756270	-0.08941184	0.17195217	-0.07826651	-0.09491928	-0.04532944	-0.02332587	-0.06261426	-0.07572894	-0.13437804	0.12580798	0.07823768	0.20321233	0.34644469	0.06009405	0.09705046	-0.05291378	0.17408918	-0.05737890	-0.08463692	-0.05270943	-0.09540706	0.01147516	0.10415190	-0.07452653	0.05286391	0.28986820	0.21879105	0.16559924	0.18759743	0.30092351	0.18549879	0.36591034	0.25882003	0.42322552	0.23799251	0.20715193	-0.03619287	0.05103527	0.08883634	-0.04279790	-0.01735812	0.19448514	0.14011841	0.02647202	-0.02737803	-0.14572615	0.39803185	0.22694327	-0.05563675	0.10108963	0.15361160	0.03223426	0.12466670	0.22947733	0.33314911	0.05294272	0.20965884	-0.05598681	0.03026194	0.40041015	0.20390985	0.41190709	0.04820572	-0.11372504	0.20246001	0.11834944	-0.07805839	0.14891378	-0.05666132	0.03949021	-0.02777487	-0.38132209	0.09460390	0.24169412	0.07454014	-0.06452885	-0.03177490	0.13951121	-0.07647411	0.19487699	0.08697331	0.46742098	0.28024462	0.22423149	0.35935623	0.12825997	0.08281732	0.29236351	0.29127887	-0.18439079	-0.05752028	0.21484822	-0.23385356	0.04608365	0.09581809	0.26818400	0.34846852	-0.15417991	-0.08112746	-0.17376691	0.09841308	-0.35909037	0.07079408	0.16249535	0.02312785	0.29000470	0.00022953	-0.26745933	0.08970863	-0.03730116	-0.15007756	-0.29213392	-0.16913308	-0.35985828	-0.06842873	0.11061209	-0.11363342	-0.33617202	-0.13256652	-0.25280542	-0.15085419	-0.27918666	-0.30881189	0.06359606	-0.11370639	-0.11935762	-0.13165256	-0.09536659	-0.28449831	-0.02700007	-0.26244484	-0.17980035	-0.25425468	-0.34714213	-0.37077368	-0.23710110	-0.25919086	-0.05783205	-0.05563173	-0.21665001	-0.23135021	-0.24860887	-0.07392527	-0.37132280	-0.27191609	-0.24233504	0.18972116	0.12222200	-0.03457042	-0.04614944	0.02965567	-0.17119201	0.03099258	-0.04407846	-0.20064020	-0.17792948	-0.01582198	-0.01941172	-0.22719169	-0.11924325	-0.04966202	-0.10142354	-0.18785013	-0.11316784	-0.06515388	-0.18873632	-0.00166627	-0.08082402	-0.01435167	0.07819026	-0.08680796	-0.10785679	0.02934975	0.04892610	0.10043709	0.09776277	0.10980766	0.04400095	0.15102288	0.08120129	0.26937666	0.02255501	-0.00241276	0.05791394	0.13447950	0.15867742	0.11018275	0.01724096	0.09809771	0.03468093	-0.01429509	0.04506083	-0.00890034	0.16140937	-0.06603057	0.07836540	-0.09177412	-0.09767801	0.10796393	-0.03471812	-0.05327404	-0.11691385	0.12989356	0.12313246	-0.06136128	-0.05861662	-0.17882996	0.19451681	-0.05202197	0.02028640	0.03642913	0.00272287	0.13784641	0.06880897	0.37291494	0.21522113	0.13775340	0.00005985	-0.02478220	-0.11773166	0.02136152	-0.23169276	-0.07330379	0.08116161	0.10463122	0.28359112	0.18264039	0.24250312	0.39512099	0.16961245	0.22835579	0.25734798	0.04466923	0.44003868	0.54537055	0.23679300	0.03647917	0.18119840	-0.05085463	-0.21473204	0.14991447	0.27993192	0.28018403	0.21688678	0.20603154	0.41963361	0.14256605	-0.17243244	0.23764643	-0.03194162	0.10834104	0.03041976	0.08433847	0.17543786	0.06655276	-0.08045609	0.35433578	0.38107090	0.42742892	0.21282523	0.09848251	-0.15131766	0.25479801	0.35071484	0.41955873	-0.03697227	0.23798603	-0.02790513	0.05683454	-0.21341408	0.06986731	0.17141708	0.09633711	0.00083954	0.15591588	0.01472446	-0.17992509	0.10543578	0.03601787	0.22113893	-0.05051363	0.13549940	-0.01361522	0.30906699	1.07769731	0.39246737	0.33947875	-0.15275736	-0.01868118	-0.20050599	0.11016361	0.08659303	-0.25165266	0.09042454	0.01795011	0.03002713	-0.03471147	0.15440351	0.49130334	0.42622701	0.35278909	0.01868558	-0.08313887	-0.13491762	-0.07342898	-0.00528280	0.24519479	-0.00907671	-0.00292975	0.09230568	0.23000339	-0.23226388	0.01040950	0.29972237	-0.02523488	0.31312685	-0.20400215	-0.15139119	0.11255707	-0.35389700	-0.31289401	-0.24443480	-0.36031306	0.16695642	-0.02876730	-0.16384016	-0.07287278	-0.19235966	-0.18271678	-0.35095452	-0.23080134	-0.13184186	-0.11818625	-0.24105868	-0.13742385	-0.09689865	-0.13691862	-0.19301661	-0.15541369	0.00003391	-0.22642164	-0.32084413	-0.17927401	-0.13606976	0.11620247	0.04193940	-0.05107886	-0.02343138	0.09571555	-0.02451829	-0.23793666	-0.00235328	-0.09661942	-0.30813435	0.13901846	-0.28676353	-0.17823778	-0.25807307	-0.09127985	-0.05095488	0.06346915	0.05669715	0.07311032	-0.02237516	0.08596546	-0.09841501	0.13503390	-0.07833934	0.00039112	-0.21918277	-0.04035453	0.05608051	0.02535469	-0.03052299	-0.04671191	-0.00943703	0.08430869	-0.05824204	-0.01270845	0.01897330	-0.05167358	-0.09199013	-0.09328185	-0.01358590	0.13734011	-0.04170758	-0.06921673	0.05163208	0.11415153	0.01783338	0.01263515	-0.03059552	0.03397877	0.03893356	-0.18290721	0.13326845	-0.03282435	-0.00256611	0.08406825	0.04095484	0.07757531	0.08455203	0.09304297	-0.13853439	-0.17522186	-0.15324102	-0.08656949	0.08396847	0.03083589	0.01931983	-0.10591283	0.04078431	0.02911965	-0.01591530	0.03398782	0.08996167	-0.05065390	-0.10516526	-0.11865795	-0.05821266	-0.20032759	-0.13530275	-0.13738405
17Networks_RH_ContA_IPS_3	0.15843329	0.18997426	0.08755071	0.12053614	-0.04758978	0.04384395	0.01741176	0.04080178	-0.01549984	0.05142406	0.04063918	0.08112454	0.09333168	0.13372769	0.12083625	0.04366604	0.11126964	0.07241940	0.24671707	0.27832934	0.18754002	0.09498377	0.19640977	0.07832267	0.11019472	0.04602381	0.01461775	0.14951148	0.04494052	0.05941906	0.04593277	0.03415472	0.02178353	0.05064862	0.05672466	0.15700508	0.07374368	0.04021478	0.06378821	0.08588167	0.04624154	0.06815190	0.12712592	-0.03086717	-0.02787779	0.05956850	0.04374132	-0.12790804	-0.12034478	-0.05317720	0.04263418	0.05720654	0.09096034	0.16142004	0.02612943	0.06590952	0.03208030	-0.06507714	0.04276079	0.08733795	0.09330373	0.09153574	0.14194918	-0.03830603	0.08282518	0.06643082	0.20510667	0.24911005	0.14168845	0.13337264	0.31868388	0.16098897	0.22690438	0.18980622	0.27544265	0.15657998	0.07140920	0.03350743	0.05647193	0.17296024	0.05282850	0.00291936	0.21117991	0.09665329	0.17740217	-0.10404286	-0.03864062	0.12343951	0.15609505	-0.05195837	0.07944377	0.00635271	0.03351013	0.19595835	0.06891512	0.23414185	0.06787050	0.06911726	0.03981316	0.05809099	0.21666430	0.01679947	0.16620545	0.12513566	0.00500010	0.12903411	0.05036661	0.07441476	0.05401558	0.09752563	0.03389347	-0.08962168	-0.25133904	0.07435144	0.19585223	-0.00217960	-0.01392512	-0.02060740	0.14067363	-0.07690567	0.17204609	0.13287128	0.35314986	0.33582025	0.13165137	0.41063282	0.19055768	0.15805142	0.15427023	0.21386128	0.02644634	0.10761684	0.13130305	-0.01587898	0.19194007	0.16928810	0.30166046	0.28251938	-0.12629122	0.15189204	-0.08051818	0.03850830	-0.16205997	0.11775619	0.10624852	-0.02438154	0.11747269	0.05310043	-0.10756770	0.21764601	-0.04188127	-0.04819363	-0.08000553	-0.13174570	-0.16549744	-0.08831245	0.11684530	-0.07485349	-0.18217507	-0.02670355	-0.12048726	-0.14205715	-0.08835633	-0.13109176	0.09859469	0.04298920	-0.06475707	-0.04093783	-0.02275762	-0.17186693	0.08086139	-0.09300366	-0.12708546	-0.11642681	-0.18968101	-0.15704518	-0.17533213	-0.09630575	-0.00511264	0.01018247	-0.17008003	-0.04807017	-0.12060604	0.01107281	-0.18708948	-0.20055264	-0.11574412	0.22949821	0.09347331	-0.00567808	0.00278918	0.03399490	0.00121465	0.12002147	-0.00480355	-0.08754292	-0.07038551	-0.03506175	-0.09517702	-0.11735753	-0.05284699	0.11248452	0.11254375	0.03009693	0.07407803	0.03571350	-0.00999383	0.04928672	0.00637194	0.02007127	0.11322120	0.05268165	0.07677484	0.18628610	0.13180395	0.12359023	0.10246415	0.26306758	0.14950675	0.17385126	0.19432840	0.26939545	0.10002662	0.16742254	-0.04539656	0.03025738	0.03665577	0.07061931	-0.02288127	-0.01656491	0.15613627	0.01228052	-0.04698732	-0.03549922	0.13229807	0.07801024	0.19283641	0.00898902	0.01250037	0.06240915	0.07330237	0.02428896	-0.04872558	0.05967620	0.11861538	-0.00288282	0.03896342	-0.00572024	0.06383545	-0.11825906	0.02698529	0.04927449	-0.10604811	0.10374141	0.09293499	0.33985374	0.12397111	0.12691797	0.10422081	0.11199977	0.08922885	0.04880474	-0.09234389	0.07135221	0.13867382	0.11060184	0.27211963	0.18186808	0.24972444	0.34418119	0.11411079	0.18524465	0.26487894	0.08854705	0.35347246	0.36291893	0.20322126	0.01559327	0.16076995	0.09584720	-0.08076966	0.08752905	0.30794351	0.16541515	0.00500339	0.08856518	0.22409416	0.34013860	-0.05086692	0.03973057	-0.02002176	-0.01706803	-0.03842790	-0.03915833	0.23547557	0.00925251	0.02372299	0.18172441	0.36103077	0.20746975	0.06347625	0.11997944	-0.08302061	0.19698811	0.30557776	0.26565510	-0.11170429	-0.01570390	0.03382000	0.14762833	-0.12293874	0.03562046	0.20129852	0.14411966	0.06626168	0.19097823	0.01287994	-0.10488008	0.16556764	0.07599674	0.09372172	0.02118073	0.16448600	0.20399470	0.30464325	0.39246737	0.85079442	0.25170354	0.02134640	0.26359468	0.16334237	0.21424405	0.16884826	-0.09028437	0.12727149	0.21452217	0.16914574	0.20090946	0.30277067	0.36431171	0.44283631	0.16898271	0.06667674	0.19354633	0.03970925	0.04506665	0.13206506	0.24831248	-0.04214755	0.23986843	0.15145907	0.34969623	-0.07533481	0.02992093	0.20674864	-0.02771264	0.27576286	-0.01837336	0.04692369	0.30127002	-0.21956229	-0.12206135	-0.09449774	-0.13030209	0.19283687	0.02429341	-0.06047805	-0.01340981	-0.06414052	-0.02010179	-0.13725943	-0.03060170	-0.05004957	0.09499612	-0.09592836	-0.03514988	-0.00016751	-0.04876752	-0.00927715	0.01991077	0.05673808	-0.08246978	-0.11066449	-0.14061014	-0.00348012	0.14461424	0.13510369	0.06484244	0.06265217	0.11694152	-0.05110607	-0.21628592	-0.11256201	-0.14233954	-0.19257165	0.14281734	-0.06491359	-0.12201552	-0.03330600	-0.09410155	0.03207176	0.12846086	0.08267344	0.05787018	0.05928967	0.10418519	-0.02468591	-0.03468691	0.01566673	-0.02005990	-0.23358227	0.02185833	0.01960748	-0.02873406	0.04721417	0.05394702	0.08437234	0.07944975	0.09111029	0.05620692	0.01000409	-0.00445982	0.06648341	0.04012240	0.00209415	0.03051136	-0.04400676	-0.10372676	-0.01333408	0.01318827	0.03111437	0.00115047	-0.01641459	0.13201364	0.03193584	-0.09524580	0.20176774	0.08024503	0.05024148	0.07445562	0.08140166	0.14421153	0.14845297	0.12750647	0.01380903	-0.02424113	-0.06118753	0.13832546	0.11369232	0.10629004	0.03774551	0.00974170	0.05479120	0.04197913	0.06449089	0.02742041	0.16932858	-0.02592923	0.03404110	-0.05497673	-0.03463343	-0.14877462	-0.02746145	-0.05051169
17Networks_RH_ContA_IPS_4	0.26472710	0.30703632	0.16340896	0.25101499	0.09301982	0.05704447	0.10310200	0.33777669	0.08269387	0.17591055	0.19083708	0.23216060	0.32340381	0.37658563	0.26241778	0.13055937	0.22705885	0.05871180	0.04050781	0.27531205	0.07632494	0.04004050	0.15308224	0.10992954	0.34133171	0.10298885	0.12890820	0.41556743	0.26904252	0.24872489	0.33630148	0.37044598	0.47244010	0.41486393	0.31313677	0.47787976	0.39173593	0.10855642	0.29482185	0.40754504	0.29003612	0.09328251	0.42663027	0.10721196	0.01714308	0.02726542	0.02046169	0.00988081	-0.11998205	0.04209925	0.40971211	0.22320603	0.21456186	0.05371706	0.15269867	0.01966136	0.21946825	0.27299004	0.18976249	0.14080450	0.24835475	0.10226930	0.20533637	0.25664082	0.17639791	0.17291045	0.49186337	0.43504764	0.45205556	0.60714846	0.51514056	0.47627724	0.13200816	0.32854303	0.33241938	0.61013446	0.60836832	0.37727256	0.12396540	0.22889677	0.09223029	0.25190615	0.45048083	0.31588145	0.42673940	0.02688450	-0.01040361	0.01645756	0.04416105	-0.13310748	0.02924705	0.04260179	0.11227926	0.15438927	0.41489047	0.31931574	0.01763583	0.40775013	0.13447714	0.35186284	0.11848987	0.25068414	0.17115170	-0.10896884	-0.13689214	0.14118001	0.03795881	0.07102461	0.03714125	0.09336642	-0.03464551	-0.07281308	-0.09090092	0.14735949	0.18261082	-0.07883891	-0.05047964	0.01303409	0.00004345	0.05999960	0.39640558	0.25760493	0.18868080	0.37633218	0.47563350	0.29243309	0.23722384	0.04939109	0.09605285	0.34799247	-0.06171175	0.05046579	0.16373603	0.00586383	0.06849258	0.21067223	0.18190533	0.48291258	-0.03102952	0.06478350	-0.00046397	0.09636210	0.09118962	-0.07307408	0.04099916	0.08902757	0.05235119	-0.09522986	-0.13901493	0.06600133	-0.08007601	0.05418931	-0.19949999	-0.07107927	-0.05442297	-0.05611733	0.02193443	0.12596454	-0.01643804	-0.08453931	-0.02596506	-0.11439165	0.05109946	-0.05165338	0.12847219	-0.08917434	-0.04812051	-0.05146048	-0.02255331	0.00413942	-0.00690615	-0.02983297	0.09459906	0.02530002	0.03907719	0.06604649	0.07819032	0.07858475	-0.02756488	0.21843834	0.04969185	0.11326548	0.02481356	-0.20772904	-0.08590904	-0.00009282	-0.00923093	0.10640495	0.07846509	-0.10042563	-0.19411031	0.03083511	-0.00519457	0.04296380	0.03229072	0.03058466	-0.12440953	-0.11478868	0.06531600	-0.16711595	0.30069542	0.16782442	0.21214014	0.09231845	0.06545759	0.09753917	0.14941820	0.23134710	0.13950159	0.37359175	0.06629016	0.22427730	0.24006146	0.07967165	0.26173791	0.21847720	0.14179277	0.09243082	0.17811489	0.21474498	0.04611726	0.18421399	0.06705126	0.33303725	0.13083764	0.26709141	0.48862289	0.29975897	0.40020222	0.37907420	0.29427584	0.35450603	0.36086348	0.35416872	0.55818787	0.00266969	0.10394192	-0.08444176	-0.02280542	0.33790127	0.17492204	0.32946308	0.01645075	0.24037498	0.17622880	0.04067476	0.00670878	0.02854100	0.21832583	0.01110413	0.23509211	0.20891326	0.11476881	0.18460750	0.34009403	0.32049282	0.47447166	0.44059727	0.24368718	0.25816233	0.24718348	0.48208031	-0.06166130	0.20313805	0.35454640	0.36009377	0.32525831	0.48626422	0.52603288	0.60599785	0.39280314	0.44687541	0.43534323	0.17428561	0.46052520	0.65168551	0.54952305	0.39090952	0.27783375	0.12910880	-0.11501431	0.24128015	0.55008126	0.43864480	0.18039515	0.19577390	0.29366925	0.16817760	0.02462658	0.04746207	-0.01089349	-0.00423770	-0.01586776	0.02227499	0.14753658	0.15929137	0.04927516	0.31805094	0.30769726	0.31610090	0.28562663	0.37374115	0.06168597	0.10832985	0.18918982	0.22485820	-0.01289848	0.21592127	-0.06347041	-0.00969953	-0.11070390	0.07660530	0.06213333	0.11614343	-0.05059606	0.18355216	0.04650707	0.01641579	0.15701051	0.13284205	0.13743092	0.14351201	0.11519217	0.01913295	0.43381489	0.33947875	0.25170354	0.96802295	0.02153346	0.10807830	-0.05247760	0.11419241	0.06073708	-0.04007286	0.06141088	0.17738433	0.22093472	0.10908121	0.13149939	0.22487200	0.20459092	0.22712912	0.07315017	0.01242858	0.07441874	-0.09019372	0.20696266	0.20083770	-0.05076810	0.07451525	-0.05918123	0.08033835	-0.06667062	-0.06074050	0.27130843	-0.08024262	0.11812412	0.04081646	-0.05149395	0.06964359	0.01120424	0.00736777	-0.03526738	-0.03725184	-0.05009990	0.04919247	-0.10293742	-0.01893375	-0.07594106	-0.04349134	-0.02066427	0.17717136	-0.12588597	0.05001447	-0.12456291	0.06965939	0.13561149	0.07964974	0.11644740	0.10946738	0.17006878	-0.04873086	-0.06927908	-0.01526619	-0.07771273	0.10633311	0.08093953	-0.08324039	-0.05955517	0.08946756	0.04703135	-0.06899969	0.03830654	0.18510394	-0.13884633	0.02072416	-0.26656459	-0.06459561	-0.03485045	-0.02773171	0.03623618	0.01991155	0.11480178	0.06703276	0.18299382	0.05568407	0.04271763	0.18862066	-0.03053338	0.02060358	-0.12456088	0.06397790	0.20832212	0.03221105	0.23683464	0.21442757	0.06793002	-0.09547320	0.04659897	0.02313410	0.12342481	0.03589402	0.10602185	0.01382665	0.09488332	0.11940934	0.04775718	0.08351210	0.12805482	0.17531736	0.24196323	0.07015379	0.25607185	0.23549952	0.32364700	0.12834814	0.23978946	0.25804101	0.17645692	0.19004135	0.21936752	0.26048914	0.23067722	0.26307278	0.21349092	0.18422234	0.14733025	0.17366366	0.26346360	0.37558334	0.35463418	0.06309807	0.27256723	0.26315197	0.16607327	0.16522049	0.27766719	0.13829760	0.24897678	0.13247005	0.21678722	0.13721009	0.17601771	0.15287563
17Networks_RH_ContA_PFCd_1	0.28313987	0.25103962	0.31100442	0.37931528	0.05205624	0.02340422	0.26864277	0.15441603	0.24142855	0.16897592	0.16696664	0.19521629	0.20241237	0.26557921	0.37458019	-0.00491628	-0.01193208	0.28196944	-0.04812811	0.08242492	0.08503086	0.13589563	0.12779644	0.05983352	0.08145698	0.07436878	0.17532717	0.15487928	0.25484057	0.04214878	0.14892487	0.11004940	0.10197246	0.16335127	0.23109302	0.18642813	0.01245401	0.32237835	0.33442733	0.09279601	0.22467322	0.24592719	0.11978739	0.21682488	0.19563944	0.08775772	0.04820137	0.01189642	0.18611856	0.23321323	0.03441408	0.16363935	0.01884241	-0.15503667	0.03731882	-0.07321977	0.25844266	-0.01074717	0.28390240	0.37711968	0.30870982	0.19371636	0.08227576	-0.02113831	0.19500516	0.11726518	0.00522255	0.01966453	0.11495669	-0.02245359	-0.00643717	0.11170609	-0.17024960	0.13911324	-0.00741723	0.07648968	0.04519871	0.07883570	0.11191078	0.06286710	0.26113214	0.17656127	0.20262222	0.07056346	0.18056708	-0.02191948	0.20679300	-0.20272567	-0.11683589	-0.07415353	0.12269278	-0.07703031	-0.01627271	0.09503724	-0.00701851	-0.10361685	0.07813713	-0.05234956	0.36268640	0.32072907	-0.05459312	0.17413462	-0.00039530	-0.03122714	0.24379156	-0.04826454	0.11215925	0.33765125	-0.01889228	0.31720359	0.00367348	0.10534678	0.33428770	-0.10767803	-0.12879319	-0.07334406	-0.15864766	0.07676314	0.01942129	0.09435583	-0.03705291	0.18510436	-0.02413891	0.13569028	0.09920461	-0.05355413	0.41937220	0.09992253	0.03979518	0.08554550	0.33179469	0.20005061	-0.01129879	0.23085862	0.14516589	0.36540799	0.14361876	-0.03290567	0.34614349	0.35721107	0.46868508	0.29625300	0.38956741	0.11805925	0.24186920	0.27141575	-0.00972856	0.13783610	0.50289714	0.36463019	0.27857052	0.41021859	0.44413479	0.40513992	0.38592123	0.27194351	0.23608303	0.08676984	0.44251766	0.27163031	0.41245525	0.22581182	0.39055319	0.37348199	0.42026548	0.28880714	0.16056547	0.17401074	0.18341171	0.29886479	0.21242158	0.35665690	0.28500459	0.36712519	0.40128277	0.35688368	0.32007024	0.40808100	0.28268733	0.33879412	0.28938561	0.33968208	0.32989488	0.24540397	0.34277134	0.25772073	0.24440207	0.00327094	0.23610997	0.25710585	0.14905339	0.26242815	0.34331983	0.07358909	0.31223388	0.29794769	0.21122650	-0.04419999	0.08132242	0.25085493	0.25983092	0.24583535	0.27688803	0.38945623	0.24208173	0.13774970	0.40986974	0.00204041	0.14444803	0.13698556	0.14009422	0.23490204	0.26481357	0.07458937	0.20351702	0.29648099	0.09500178	0.12923080	0.11987438	0.08483784	0.12174534	0.07562337	0.08210137	0.14232369	0.08095381	0.03259743	0.15677096	-0.01644262	0.28102594	0.11190951	0.20183529	0.09024668	0.14309303	0.13280957	0.04467841	0.23691860	0.14725115	0.17975593	0.32549797	0.20500968	0.29283385	0.20342980	0.19784769	0.06964420	0.11338947	0.09632126	0.06675407	0.15122220	0.04392273	-0.07749834	0.15045245	0.08761225	-0.01034293	0.08857052	0.16291230	0.02155679	0.11283297	0.04867360	0.15068221	0.25770498	0.20325382	0.23996679	0.46397987	0.11439698	0.07476984	0.06362759	0.09156135	0.07150677	0.01341049	-0.03272132	0.00634506	-0.05180010	-0.10374836	0.20259758	-0.10427787	-0.13932883	-0.05263000	0.03534466	0.00773560	0.13773011	0.32221689	0.14821369	0.11398048	0.12435455	-0.06777573	-0.09006700	-0.19076568	0.22428204	0.16081870	-0.19671541	0.01382591	-0.13443654	-0.14176764	-0.15110065	0.00259432	-0.09433681	0.12286159	-0.12928164	0.10708568	-0.14874385	-0.05744606	0.27740594	0.25758035	0.03064288	-0.07869451	0.13971288	0.26822631	0.15970274	0.20517329	0.05046858	0.36682648	0.26063466	0.05801277	0.06266111	0.06737227	0.09036569	0.14424901	0.24218799	-0.01655405	0.03651900	0.08759097	0.06898988	0.03666794	0.13058253	0.03909456	-0.15275736	0.02134640	0.02153346	0.93217268	0.42279233	0.42011249	0.31519149	0.04084460	0.38503054	0.10696600	0.39092819	0.29471761	0.39363828	0.27065126	-0.10836189	-0.09537049	0.24784911	0.41345671	0.45768039	0.63052412	0.25814696	0.32638884	0.14816615	0.44949553	0.36921715	0.08726701	0.15123155	0.52573419	0.35597176	0.07723083	0.16845612	0.12314664	0.48087902	0.56197438	0.42707282	0.47100327	0.56910703	0.38051075	0.46183196	0.28043426	0.24536058	0.40118119	0.48270340	0.43257139	0.33810492	0.49431070	0.46293905	0.31333967	0.35763786	0.37138387	0.29978373	0.50402467	0.37727995	0.52431674	0.46003101	0.35512010	0.31899100	0.39397594	0.18477822	0.33299438	0.07160256	0.20730102	0.16656677	0.16458969	0.12859323	0.05711709	0.29702509	0.15930771	0.27501786	0.35550049	0.11956578	0.34305838	0.26930516	0.50308773	0.24818984	0.04353477	0.10203009	0.07521524	0.02879106	0.11558279	0.02838520	0.16852467	0.04604572	0.14649504	0.10629596	0.02587324	0.04173169	0.02929398	0.01191088	0.18652351	0.22126757	0.11557783	0.00361783	0.07755617	0.22235524	0.15111032	0.01891620	0.28425402	0.27095421	0.04617386	-0.07407641	-0.03053758	0.06622639	0.04045981	0.00671460	0.26853852	0.21874816	0.42543537	0.21365665	0.13760877	0.14257807	0.15116534	0.25865280	0.23504618	0.16971580	0.32043756	0.43178616	0.41044439	0.36929518	0.42340065	0.49035531	0.35521106	0.49372620	0.15382143	0.15998791	0.18038778	0.17941611	0.12917579	0.32747346	0.21085571	0.18574081	0.20921241	0.31147060	0.38968618	0.34045041	0.27630621	0.24980963	0.23463159	0.26364327
17Networks_RH_ContA_PFCl_1	0.21353155	0.15967280	0.28378778	0.33188764	-0.11373098	0.09907746	0.15400850	0.07552658	0.24113555	0.16116755	0.12598225	0.11991448	0.08993347	0.19648846	0.27198603	-0.15064223	-0.00247758	0.04119896	-0.05278229	0.04666998	0.04759430	0.01645708	0.03023774	0.04246010	0.17131863	0.08779454	0.13500795	0.16503094	0.16930214	0.12007759	0.21664975	0.14124974	0.10801556	0.22080127	0.18959076	0.18885483	0.04296983	0.10582527	0.21258571	0.09163276	0.01412925	0.17835154	0.04366530	0.16702849	0.10423741	0.02365495	0.14159088	-0.15061255	0.05676139	0.10967967	0.09890878	0.14040743	-0.02345123	-0.06120965	0.06856096	0.00849419	0.21849109	0.02677697	0.20715723	0.21966539	0.08457590	0.05324065	0.10418296	-0.00911755	0.05963309	0.10006627	0.03813740	0.11126170	0.05929105	0.04123041	0.11137704	0.11397307	0.03310653	0.02035129	0.01785616	0.17626860	0.07937072	0.12547914	-0.03840496	0.02291454	0.14987357	0.30675509	0.17030543	0.03965688	0.25543935	-0.08450640	0.05793364	-0.07827806	-0.01555182	-0.04916814	0.15754045	0.05647240	0.10878286	0.30822978	0.08834539	0.02001765	0.02430052	0.03610966	0.36641513	0.15225228	0.10873627	0.02963619	0.04116034	0.04220546	0.22062725	-0.04871224	0.05256043	0.24575046	0.01533413	0.24333671	0.04126049	0.00972725	0.17906478	-0.01958257	-0.07707806	-0.04995119	-0.12834028	-0.05896985	0.03228783	-0.00331343	-0.01556875	0.10925558	0.12567506	0.30303244	0.10992915	0.16542488	0.37476709	0.42212190	0.21503566	0.25171513	0.45102588	0.25555217	0.08630775	0.35469766	0.22363045	0.43402014	0.31563263	0.08658919	0.06044297	0.59911479	0.44088905	0.15911800	0.32452005	0.08650769	0.15382522	0.03529701	-0.01669491	0.13385286	0.29528513	0.32273885	-0.00396426	0.28163452	0.29912592	0.13955192	0.13242304	0.03176567	0.14950756	-0.00564496	0.10474829	0.08286782	0.16946809	0.04425250	0.06821422	0.11870107	0.36620513	0.19972482	0.06257133	0.05262819	0.22411714	0.16914567	0.23322690	0.37060101	0.03073895	0.22363911	0.12797314	0.11855569	0.03944686	0.19419150	0.20496518	0.25659681	0.14920027	0.31948429	0.16366271	0.16086607	0.30850155	0.18874998	0.24303723	0.02315380	0.09235348	0.06793511	-0.00334103	0.20553994	0.16813765	0.02879506	0.32730507	0.36937064	0.19570622	0.04975752	-0.01220854	0.17221696	0.07808719	0.12890173	0.12149317	0.28429166	0.13030518	0.17555502	0.25072098	0.08173122	0.12866329	0.07070097	0.11058420	0.08850989	0.13104252	0.14628126	0.14573396	0.07990193	0.03792331	0.05762015	0.06457038	0.03371031	0.06698714	0.10083114	0.00136413	0.12856408	0.02412004	0.16337735	0.13105082	0.01090206	0.21182745	0.08923943	0.21507907	0.11636094	0.10048075	0.21823562	0.03989758	0.17260064	0.10049790	0.05596124	0.14231788	-0.00660234	0.23135400	0.18724910	0.19022559	0.11684833	0.11878157	0.11157463	0.14998941	0.10047888	0.05795430	-0.01011850	0.08674620	0.08665557	-0.04424383	-0.00600194	0.13847490	0.19736200	0.11486588	0.02968989	0.11811768	0.13319641	0.11967885	0.11891099	0.24074105	0.03316835	-0.03037478	0.00300326	0.12861667	0.02725727	-0.00386158	0.04411042	-0.10475425	-0.07910019	-0.05074146	0.11679360	0.02165749	0.01670451	0.03583091	0.04410521	-0.07736634	-0.06195953	0.05845639	0.13473274	0.20359412	0.18880252	-0.05406020	-0.08171469	-0.00526292	0.44581473	0.14772835	-0.04609069	0.04307718	-0.02865811	-0.02766048	-0.05015154	0.31951918	-0.07347914	-0.07847487	-0.06466885	0.33143858	-0.10674715	0.01306935	0.30670040	0.14079127	0.23338602	0.29158732	0.27826747	0.11490208	-0.03029812	0.14730995	0.20289779	0.06922004	0.15573529	0.22800978	0.10218764	0.14509582	0.17943489	0.04431668	0.01387105	0.08518989	-0.06791585	0.13952880	0.02426155	0.12481279	0.09592581	0.12445311	-0.01868118	0.26359468	0.10807830	0.42279233	1.06021860	0.70965677	0.56748048	0.24158159	0.39142522	0.11732052	0.47074187	0.48376703	0.41973538	0.56448319	0.17425460	0.08919316	0.12543719	0.50034066	0.68952785	0.56329851	0.31193173	0.38992570	0.33868833	0.33502321	0.58827600	0.07642648	0.30408411	0.28266764	0.13205762	0.01907747	-0.07198485	0.14471034	0.28808361	0.48820918	0.61286723	0.17193876	0.26848449	0.11057228	0.24472263	0.28448120	0.12932598	0.17414667	0.31574954	0.32140467	0.15205320	0.18961049	0.36634694	0.15949932	0.51608269	0.39359699	0.21172223	0.34339505	0.35172846	0.46718272	0.43737291	0.33862761	0.15374636	0.39662935	0.30110125	0.23899971	0.07387017	0.13906755	0.08471522	0.17073980	0.06815247	0.09602960	0.09472712	0.10834157	0.20764490	0.21956344	0.18809730	0.24252730	0.20880864	0.39263650	0.14347545	-0.00941496	-0.01254651	-0.02327143	0.02235064	0.08055408	0.08093867	0.16324015	0.10449340	0.09345922	0.09340174	-0.02087775	-0.02278751	0.16512223	0.12649643	0.35398023	0.26699199	0.14734348	-0.08467528	0.18827858	0.26594701	0.03534425	0.01839280	0.27649928	0.27424367	0.00490063	0.07895037	-0.11511575	0.04571885	0.24437987	0.18321095	0.31291702	0.29020588	0.16935726	0.15438725	0.08984293	0.05419917	0.12007127	0.10461211	0.07453323	0.05450777	0.26189143	0.32978434	0.27225591	0.29384579	0.31732210	0.32047771	0.21639404	0.37594012	0.14940377	0.18932513	0.15433731	0.14511675	0.11220193	0.28061739	0.22066689	0.11879548	0.24016919	0.27351548	0.33179006	0.28275278	0.25345153	0.16939150	0.19732247	0.12898955
17Networks_RH_ContA_PFCl_2	0.11781799	0.09676596	0.22473643	0.27025434	-0.20203353	0.09111690	0.05296035	0.05874692	0.23492797	0.10816113	0.10535093	0.05140520	0.00920690	0.08388938	0.21601508	-0.14191919	-0.14000034	0.05021871	-0.07089399	-0.05103934	0.06906699	0.07467916	0.01731410	-0.07324357	0.04883906	-0.00219511	0.00368683	0.04882962	0.05274268	-0.03009291	0.10487332	0.05900189	-0.04538838	0.12590568	0.09342711	0.05627929	-0.05129209	0.13970519	0.12272259	-0.02165229	0.00170535	0.14617930	-0.12649932	0.10465807	0.05549611	0.04495559	0.08374364	-0.15092861	0.07113556	0.00492614	-0.05780118	0.10590949	-0.17831436	-0.14823099	-0.05379409	-0.01720437	0.12622936	-0.06333071	0.12016730	0.30456662	0.07979173	0.07627024	0.03530981	-0.08349864	0.08870016	0.09734806	-0.07800698	0.00935532	-0.03143211	-0.07070708	-0.11512938	-0.03110915	-0.08928796	-0.03239177	-0.08400407	0.04231988	-0.08276320	0.03284302	-0.10053560	-0.03600550	0.14843159	0.17617899	0.12794486	-0.07485098	0.18307579	-0.11296394	0.19020547	-0.19124530	-0.13877703	-0.07038641	0.14318397	-0.07780756	-0.02706307	0.27491885	-0.14875725	-0.13821220	-0.03831246	-0.16064002	0.34468720	0.11416451	-0.01614376	0.03696994	-0.07377607	0.13523437	0.35585815	-0.09729662	0.02444798	0.36150104	-0.07825766	0.29605549	-0.02682984	-0.01759507	0.26905087	-0.14488308	-0.18493885	-0.15567394	-0.11528024	-0.03889417	0.01046358	0.03559705	-0.14372364	0.11997930	0.01201801	0.11054684	0.01156003	0.03244093	0.30097655	0.32956726	0.12549902	0.11643493	0.49615558	0.32216025	-0.04874057	0.32882960	0.16755460	0.36677550	0.24932900	-0.04716788	0.12706899	0.53992478	0.41877941	0.17323648	0.37858567	0.14370737	0.05175922	0.01323087	0.00989133	0.14547537	0.42726593	0.32450355	0.12406426	0.38029154	0.46123487	0.21234719	0.27302480	0.15451673	0.18053964	0.07676144	0.19678914	0.19190372	0.26110906	0.11339660	0.15496900	0.27927543	0.31036333	0.29904979	0.11514091	0.06551452	0.20058524	0.36131878	0.21488172	0.47522902	0.13722938	0.31365917	0.21342885	0.20321393	0.15996864	0.29224285	0.22968633	0.23741336	0.18920614	0.32570889	0.29969076	0.23377814	0.41566157	0.27212352	0.30656846	0.02045772	0.06982076	0.08826722	0.08103308	0.14392638	0.20891169	0.01414032	0.38095225	0.34174766	0.23580653	0.03532195	-0.09562442	0.29275529	0.03747256	0.15974916	0.09283750	0.24307802	0.14320097	0.17159761	0.21963733	0.05147673	0.11537303	0.03360648	0.07033846	0.04798306	0.10046078	0.05905474	0.10182908	-0.01349612	-0.00294915	0.07984968	0.04347865	-0.04490994	0.08285348	-0.02128277	-0.02991494	0.08448327	-0.10361361	-0.04855198	-0.00749119	-0.12386107	0.06249253	-0.02573502	0.08022718	-0.01550857	-0.00976879	0.13173239	-0.12244760	0.15106551	0.11765549	0.01961367	0.08933906	-0.05341085	0.16206923	0.06796457	0.19407621	-0.07856010	-0.04350673	0.05364314	0.10172927	0.05776572	-0.19155183	-0.04540640	-0.02795842	0.00135239	-0.20255522	-0.13381464	0.04121557	0.10615627	-0.04886507	-0.10829638	0.09454040	0.16801647	0.08303936	-0.00534258	0.30329946	0.00734678	-0.10190478	-0.04282359	-0.02323523	-0.11344416	-0.11442006	-0.09642481	-0.19005237	-0.16574932	-0.16543854	0.09601531	-0.07343344	-0.14788688	-0.10125454	-0.05000267	-0.16434216	-0.04794543	0.11493569	-0.04643897	-0.03330251	-0.05055684	-0.17962917	-0.22011131	-0.11273449	0.46489024	0.11286682	-0.13280585	-0.02036068	-0.07172857	-0.10161833	-0.07354772	0.23043258	-0.18349441	-0.08462422	-0.27274927	0.18199358	-0.31277662	-0.14886525	0.20401858	0.20292789	0.17007644	0.17079773	0.08859763	0.11499753	-0.09043454	0.18171840	0.24364650	0.20697563	0.14631629	0.11220830	0.01679127	0.14287264	0.14642263	-0.07934206	0.08486431	-0.08987360	-0.14248491	0.04265638	-0.08243317	0.01194764	0.11051119	-0.06199160	-0.20050599	0.16334237	-0.05247760	0.42011249	0.70965677	1.08725324	0.40617682	0.29703909	0.53927185	0.07317977	0.34070031	0.41269078	0.45112415	0.43243221	0.01186589	-0.02939177	-0.04940698	0.33367740	0.62507563	0.47728247	0.42454621	0.35829876	0.18204190	0.26207208	0.52758036	0.07644832	0.22637312	0.34220907	0.12882331	-0.07341293	0.02969973	0.06693463	0.34491578	0.50246168	0.47772462	0.31355361	0.36815155	0.19985650	0.37410377	0.28666573	0.16795322	0.25755792	0.32632634	0.34274872	0.24490019	0.30567685	0.38012147	0.15383159	0.48172736	0.47229885	0.26139607	0.31768070	0.36629471	0.48287449	0.49053312	0.35005136	0.33646206	0.56865421	0.38328622	0.28712219	0.04088098	0.12848089	0.13263844	0.12288779	0.02566920	-0.00039182	0.12190140	0.09224935	0.21146936	0.37290835	0.10943922	0.46778192	0.18170722	0.49674880	0.27456434	-0.01991825	0.01779130	-0.05661496	-0.05281216	0.09291043	0.07583551	0.15768225	0.00110021	0.02533078	0.00240379	0.00701893	-0.05685111	0.02046782	-0.02218245	0.21592004	0.15587795	0.04859132	-0.05220224	0.05329295	0.21055491	0.01694530	0.07210503	0.29988746	0.25695634	0.00910515	-0.06252992	-0.13006105	-0.07887803	0.08230547	0.07861739	0.22515261	0.16587827	0.12745903	0.15081346	-0.00075209	0.08741183	0.12393949	0.10581940	0.14397386	0.06395521	0.22500044	0.28463011	0.22351284	0.19517710	0.32494487	0.25517163	0.13950359	0.30520009	0.02561616	0.03335401	0.03755140	0.20607999	0.00639581	0.17987716	0.19837819	0.08727162	0.15410692	0.25783701	0.28033079	0.20982298	0.15531031	0.13571568	0.08324852	0.05486688
17Networks_RH_ContA_PFCl_3	0.22279701	0.16960795	0.19065449	0.27575334	0.08723379	0.03402097	0.14018989	0.01176258	0.15547671	0.03256042	0.19140161	0.13476850	0.11707469	0.27736428	0.22932127	0.00750554	0.05382477	0.12961611	0.10989636	0.08663162	0.17010771	0.10391209	0.17841595	0.06267423	0.04225002	0.17802221	0.10262853	0.15469834	0.14548442	0.09564462	0.06843176	0.11073412	0.08824703	0.15005569	0.16341880	0.17866999	0.02032203	0.06940679	0.19388444	0.14842701	-0.04963303	0.10946548	0.02687976	0.08453188	0.10699753	0.02558353	0.00696868	-0.10651736	0.02073499	0.08519325	0.08301091	0.16361149	0.01030064	-0.06712357	0.00875304	-0.02470555	0.16426268	0.05232873	0.21364875	0.19087346	0.02259764	0.05383573	0.07140747	-0.01695444	0.06908627	0.07016272	0.10608515	0.20912504	0.07647061	0.05683686	0.17908408	0.19162334	-0.02333579	-0.06184243	-0.07059288	0.12657958	0.10717543	0.11977689	-0.05588463	-0.01607625	0.12571999	0.20487167	0.17581005	0.06900855	0.12483576	-0.03484596	-0.03223167	-0.09752251	-0.11334851	0.01937172	-0.01231647	-0.02505775	-0.04992888	0.20444004	0.01239928	0.05839023	0.02405056	-0.03505865	0.21081475	0.18988483	0.14763923	0.11996927	0.07810053	0.05427630	0.11735856	0.05507394	0.12908587	0.24240632	0.00780579	0.07530123	-0.03101413	0.03519537	0.10840664	0.04213747	-0.03476501	-0.00664989	-0.05670908	-0.03117290	0.09509231	-0.01919175	-0.00841985	0.02794249	0.10136053	0.25930893	0.10961315	0.11881430	0.32714956	0.21224747	0.20248671	0.15892535	0.26503684	0.25334488	-0.01057671	0.19735583	0.14728689	0.34695342	0.21379063	0.10409552	0.07102596	0.42533023	0.37421336	0.24529297	0.19477439	0.04233768	0.14280497	0.07174930	0.00240150	0.10449024	0.25566230	0.27135029	0.02780387	0.31602640	0.27278843	0.13513694	0.09561023	0.00998831	0.05400500	-0.14241328	0.08891321	0.05106553	0.14315155	0.05686717	0.07976130	0.11605726	0.27425564	0.17212602	0.01039404	0.07308706	0.15585728	0.05650039	0.09858146	0.18455131	0.01334118	0.19216308	0.06162835	0.09725628	0.10639477	0.20970388	0.17463843	0.26440027	0.17987425	0.23397993	0.05458545	0.07084249	0.11457757	0.06166989	0.10772749	-0.09502556	0.11591726	0.09448502	-0.01898343	0.14845520	0.13205062	0.07384580	0.17304801	0.12811041	0.02989380	-0.02607940	-0.03684749	0.02000339	0.10057792	0.10389476	0.14111979	0.19429337	0.11136980	0.05648899	0.19009990	0.05190488	0.10107796	0.05428731	0.20607791	0.12604379	0.13008696	0.08287312	0.14887115	0.20556849	0.11127090	0.17199820	0.12894737	0.11301869	0.14874405	0.13582667	0.11715231	0.16907095	0.14332760	0.14974376	0.16042131	-0.09798644	0.18868202	0.10318174	0.20145255	0.15138464	0.11931460	0.14236168	0.08380632	0.13140226	0.08728218	0.05224712	0.14242993	0.01761533	0.18997187	0.16986457	0.12773284	0.08823217	0.13293855	-0.00106733	0.05440601	-0.05423390	0.08406041	-0.02071066	0.02107660	0.04448926	-0.03204535	0.03725262	0.07363656	0.06170218	0.03418827	-0.02713208	0.09115500	0.10171497	0.11155432	0.09543323	0.10422412	-0.00002228	0.04164243	-0.08143770	0.11507223	0.07352596	0.05457785	0.08268768	0.03824023	-0.00611522	-0.04758318	0.13081914	0.02904438	0.06352219	0.00560260	0.04681014	-0.02771944	0.00090593	0.06397026	0.12262859	0.14590968	0.16634097	-0.12943912	-0.05928575	-0.02195294	0.27219013	0.03332447	-0.07716040	0.06795878	-0.04932191	-0.09486986	-0.09704863	0.18567929	-0.05563428	-0.09379333	-0.00940965	0.25391276	-0.06732760	0.00144364	0.28466976	0.12519327	0.13359736	0.16099035	0.35875145	0.16736736	0.07868653	0.15954394	0.12348227	0.09744160	0.10596885	0.15606072	0.06115645	0.14873842	0.16456731	0.02912356	0.05173889	0.10183660	-0.05326496	0.10276491	0.07227146	0.15332273	0.09356391	0.05728637	0.11016361	0.21424405	0.11419241	0.31519149	0.56748048	0.40617682	0.89372708	0.03621835	0.18710233	0.02465672	0.38636212	0.25075298	0.38441618	0.48608148	0.19007048	0.10399728	0.22843374	0.54799712	0.54721280	0.44297162	0.24567932	0.27936434	0.34536138	0.37698852	0.44834453	0.05773469	0.23904651	0.21039391	0.13953006	0.06358411	-0.03873048	0.09705836	0.21330246	0.45241112	0.44897596	0.06966565	0.18720297	0.08320053	0.12161223	0.19730294	0.07284642	0.20121331	0.22041741	0.14238020	0.09228024	0.11025853	0.33110106	0.18420305	0.25277726	0.13611415	0.18200210	0.32195470	0.20575906	0.36588277	0.33211391	0.31616041	0.09077661	0.16206561	0.07153271	0.10820370	0.06075798	0.12314831	0.04536609	0.05592950	0.11373608	-0.00669426	-0.07859318	0.07991135	0.02844358	0.01038445	0.09421597	0.02248915	-0.00557594	0.25463405	-0.00846926	-0.00138722	0.07223752	0.05462421	0.10570618	-0.00553297	0.04898495	0.06646855	0.05144575	0.00236470	0.11578402	0.03023936	-0.01189989	0.05461295	0.11030988	0.25668568	0.18685171	0.12794919	-0.02375380	0.18511223	0.19513076	0.02243055	-0.03074943	0.14644614	0.14674709	-0.02959288	-0.01811254	-0.01717432	0.14530268	0.13068039	0.07606211	0.25148597	0.21285736	0.13590847	0.19052131	0.11583303	-0.00571823	-0.01897742	0.14427750	0.17061910	0.07828377	0.25436931	0.21720534	0.25703253	0.26349653	0.19815034	0.24792356	0.17551050	0.29030609	0.16946417	0.25703197	0.14013308	-0.02147423	0.11648911	0.27012877	0.14819104	0.09372486	0.15911265	0.34510713	0.32231967	0.28055763	0.24067348	0.22693359	0.17647494	0.11077842
17Networks_RH_ContA_PFCl_4	0.01685758	0.01557574	-0.00092339	0.05475713	-0.08183926	0.05734301	0.06545893	0.10643972	0.02395217	0.09734155	-0.08368856	-0.03447641	-0.00257632	-0.04397295	0.01153924	-0.07001304	0.05132154	-0.11095379	0.00569105	0.07611086	-0.01485355	0.00466929	-0.02222570	0.05386830	0.07883584	0.04826473	-0.00824290	0.00759551	-0.04320078	0.07171507	-0.02732268	0.05218758	0.00937555	0.04916594	-0.06386144	0.01391575	0.04921371	-0.05513583	-0.05835516	-0.02771521	-0.04911531	0.03977758	-0.08690088	0.00006817	0.03095047	-0.02572146	0.18165538	-0.03693386	0.03767573	0.01654034	0.12010598	0.03038722	-0.05142491	0.21449425	0.15284151	0.15482092	0.12820898	0.01230939	-0.01756362	0.11428116	-0.00083405	0.13958730	0.11257964	0.04971276	-0.07467513	0.10438780	0.05266840	0.00395295	0.09274026	-0.03791123	-0.11224945	-0.09067224	0.25007377	0.21023332	0.21262669	0.08374508	-0.03495155	-0.00635843	-0.09465847	0.02828420	-0.00731245	0.07180889	0.03465183	0.02771007	0.22524746	-0.00918735	-0.03124418	0.05595587	0.19934740	0.07953338	0.32154361	0.17016047	0.11708008	0.28187872	-0.00479373	-0.00518107	-0.00295827	0.02868590	0.13125083	-0.05633108	0.04155778	-0.05403256	0.01856819	0.09688753	0.05206138	-0.01567375	0.08425008	0.10507091	-0.19048543	0.02457024	-0.06230923	-0.12438834	-0.02831498	-0.04952374	-0.13970023	-0.05029564	-0.01965779	-0.05592644	-0.02546155	-0.10554633	0.01813962	0.13926823	0.11603109	0.09098775	0.08110622	0.13657344	0.06236477	0.17594970	0.02861531	0.32189955	0.15343803	0.04398568	0.09790200	0.11219497	0.03752140	0.02382198	0.11635293	0.06627955	-0.06728132	0.10895426	0.01761482	-0.02289210	0.10438980	-0.04962380	-0.03593829	-0.12512457	0.02798124	-0.02164786	-0.14296137	-0.05649305	-0.04839790	0.10410991	-0.04949924	-0.15218286	-0.15533090	-0.10975624	0.01626674	-0.01925862	-0.09534320	-0.11803997	-0.11708513	-0.18937718	-0.13842007	-0.07256059	-0.01869688	0.04611216	-0.11364324	-0.19353732	-0.03635611	-0.11174709	0.05335093	0.03457848	-0.05902981	-0.05066873	-0.00639833	-0.03770949	-0.06116963	0.06362076	0.12134643	0.04355914	-0.05286249	0.01646024	-0.04585097	-0.05659281	0.00399773	-0.05295809	0.10249991	0.08143492	-0.00853882	-0.12854861	-0.06092436	-0.08762573	0.11731798	0.00141758	0.10415867	0.24604539	0.07288779	0.05191973	-0.00463207	0.02171221	-0.08958716	0.06023339	0.03978776	0.06242110	0.02851755	0.18995995	0.04880416	0.21920543	0.13123647	0.14482621	-0.01511178	-0.01100873	0.01573288	0.08845335	0.06895412	-0.11962936	-0.00275165	-0.04572168	0.02101399	0.03491344	-0.00855028	0.08149986	-0.08457822	0.06545109	-0.02789151	0.01080419	-0.10577789	0.02542675	-0.08452395	-0.09143276	-0.03273899	-0.08828154	-0.07198011	-0.05893465	-0.08388959	-0.00724434	-0.05345046	-0.07900181	-0.04638331	-0.03723056	0.04714828	0.01850541	0.05584596	-0.03884939	-0.00926381	-0.01862120	0.13581813	-0.08347929	0.03934185	0.00239653	-0.01806089	0.08750311	-0.07978251	0.01663683	0.21115813	0.41737221	0.17329149	0.09762199	-0.00390040	-0.02115578	-0.04585549	0.02858588	-0.07943512	-0.08747087	-0.06975548	0.16677756	0.05466262	-0.09163273	-0.05993510	0.02704555	-0.20487863	-0.13731317	0.11704116	0.21304734	0.22529807	0.03173884	0.09694222	-0.04306745	-0.03968826	-0.14280371	-0.08888426	-0.06490878	0.05749918	0.00099464	0.08693135	0.11730528	0.20117873	0.41144774	-0.07032805	0.08277518	0.07010259	0.15247005	0.16569660	0.06676262	0.27212665	0.02023083	-0.03213323	-0.04367135	0.27918056	0.04795104	-0.01563676	0.10981530	0.04860126	0.20773888	0.30959172	0.03396232	-0.01605907	-0.09539043	0.07448961	0.16190899	0.06352057	0.15505847	0.02097923	0.02446043	-0.05872341	0.09299201	-0.16543546	-0.14621413	-0.11612052	-0.09644744	-0.00503530	-0.07989015	-0.01034702	-0.06320977	0.18625445	0.08659303	0.16884826	0.06073708	0.04084460	0.24158159	0.29703909	0.03621835	0.88268348	0.17913511	0.17135933	0.01967360	0.18551728	0.03482418	0.14033731	0.17062659	0.21660043	0.00762538	0.00759740	0.07145781	0.04187757	-0.08269729	-0.02165308	0.01861881	-0.03071434	0.17240815	0.06022106	0.15677444	-0.07611849	-0.10478809	0.00767889	-0.05826684	0.08727893	-0.13300539	-0.05579012	0.10457996	-0.04350979	-0.07545953	-0.14714221	-0.07196695	0.01871574	-0.10161785	-0.11814998	-0.05786787	-0.07116856	0.00191572	-0.08244806	0.06945153	-0.08134171	0.10324056	0.07582722	-0.07863754	0.01931249	0.03160087	0.18211416	0.09601470	0.16504744	0.03481366	0.12540154	0.13528990	0.08013687	0.10109155	-0.03229960	0.00505189	0.02779932	-0.05829104	-0.00349366	-0.01150579	0.09706680	0.04837211	0.09020199	0.15289992	0.11926781	0.20456717	0.05298415	0.13053062	-0.05263273	-0.04117259	-0.06478191	-0.03777181	0.09297296	-0.08764389	0.04575809	0.09660386	-0.03878076	-0.08976869	-0.03631686	0.04482671	-0.08843099	-0.05154937	0.08653564	0.06407582	-0.10763545	-0.11877456	0.02522036	0.00536195	0.09603489	-0.03489115	0.11329555	0.10025385	0.03430712	0.01984972	-0.13473260	-0.10586691	-0.02780617	-0.06446585	0.05508807	0.06856741	-0.09351755	-0.01674979	-0.03491267	-0.05677807	0.04938458	-0.06387551	-0.05063340	-0.06887546	-0.04698517	0.07659195	0.00598295	0.04404968	0.05319286	0.00024282	-0.08833507	0.04987356	-0.04318250	-0.11190113	0.06511834	0.07972715	-0.11057296	0.04156259	0.14837749	-0.03307787	0.11751682	0.00931964	-0.00016948	0.07434439	0.03215760	-0.01061818	0.00697160	-0.02544327
17Networks_RH_ContA_PFCl_5	0.14921693	0.08657138	0.12840280	0.14892318	-0.03583437	0.11630996	0.05365132	0.10131030	0.28559374	0.19139939	0.10251697	0.12570526	0.19613238	0.02302638	0.12266048	-0.13809091	0.00552776	0.03663519	-0.14127491	-0.01715104	-0.05036179	0.02523852	0.01241291	-0.06670776	0.04078892	0.10046683	0.13165250	0.08653899	0.11312559	-0.03916295	0.14024864	0.16668180	0.04016632	0.16919074	0.15404986	0.05421153	0.02496038	0.18830037	0.17972663	0.06783887	0.05698630	0.17548250	-0.04068477	0.11072405	0.00191960	0.03747794	-0.04690804	-0.03291419	0.18613770	-0.03570944	-0.10355708	0.11387098	-0.17666272	-0.30343621	-0.03822664	0.01312521	0.15609413	0.13862260	0.20867558	0.27179901	0.25630041	0.13618767	0.12129531	-0.03916647	0.16665162	0.19989061	-0.03305692	-0.01092708	0.02698921	-0.12651745	-0.19429004	-0.04166526	-0.24632905	-0.04332505	-0.13879539	-0.00488761	-0.04433712	0.06900795	-0.14861285	-0.09045885	0.15495632	0.28403423	0.04511754	-0.03623042	0.14670665	-0.13672186	0.42333992	-0.13497025	-0.23061198	-0.06235627	0.09171524	-0.01956919	-0.04452548	0.24236999	-0.10348851	-0.23244160	-0.07483278	-0.08362886	0.32215137	0.23457450	-0.20059379	0.08362497	-0.16025546	-0.06045488	0.31755222	-0.06183975	0.00186910	0.27889934	-0.21500627	0.20345009	-0.04869906	-0.02644282	0.27152724	-0.06501269	-0.19008855	-0.16130423	-0.17146368	-0.01782110	-0.16530362	0.14800547	-0.18359395	0.23019415	-0.09617304	0.03234794	0.01605638	-0.16841298	0.16309338	0.19785758	-0.00447396	-0.00368221	0.40425210	0.19892893	-0.02277771	0.26326082	-0.00612779	0.26435643	0.18948637	-0.08273220	0.20859141	0.31105128	0.28576018	0.16913316	0.47368838	-0.01894627	-0.01092936	0.04984290	-0.03945442	0.03677979	0.40150896	0.18652839	0.10040503	0.29910814	0.37006360	0.21645437	0.27565846	0.10048154	0.10383641	0.13446168	0.24257920	0.17970893	0.25959994	0.14298640	0.16601453	0.31219147	0.21099271	0.27683754	0.15146057	0.14047564	0.12890997	0.40365690	0.23765314	0.53440385	0.23541067	0.42001082	0.36483037	0.27043577	0.26205483	0.27806101	0.17456610	0.28886583	0.32078102	0.38318969	0.44969471	0.20597644	0.49270947	0.46695775	0.49462298	-0.10645369	0.04236466	0.05356244	-0.00011535	0.09097785	0.27820682	-0.01487127	0.43725827	0.39920116	0.33070262	0.09223476	0.00869338	0.36130632	0.17642445	0.12935836	0.16429123	0.17722306	0.07222877	0.09497650	0.25697231	0.16354422	0.13072441	0.20300245	0.06438297	0.08302790	0.23785751	0.00435832	0.01873230	0.06210781	0.05287462	0.00460212	0.08031436	-0.03078872	-0.05105072	-0.11002529	-0.03055313	0.08391199	0.06752084	0.08983354	0.11890392	-0.04814392	0.18487369	0.10242996	0.16623535	0.09343890	0.14261000	0.15560989	-0.08042363	0.17564771	0.14768858	0.10337611	0.17151790	0.12400552	0.13898515	0.09899867	0.14037166	-0.10651119	-0.11997776	0.04608297	0.07938427	0.04206764	-0.21249227	0.00174517	-0.06457282	-0.06857421	-0.15127659	-0.15649534	0.07054346	-0.04878840	-0.02165986	0.02338013	0.13977244	0.16490909	0.07222619	0.09704726	0.27909812	0.07732272	-0.00407964	0.17246901	-0.09014297	0.00382312	-0.06312659	-0.08355940	-0.06648214	-0.13117732	-0.20909938	0.09942813	-0.17305735	-0.21752628	-0.12118959	-0.05694035	-0.12880814	-0.00485806	0.16300496	-0.04061137	-0.14250629	-0.05457491	-0.07785088	-0.25828255	-0.17537784	0.22054796	0.11082585	-0.23662871	-0.15825353	-0.18169542	-0.03147329	-0.05986884	0.07042810	-0.08927325	-0.00791110	-0.32247332	-0.08487432	-0.31532931	-0.06524391	0.22559058	0.29593959	0.09949222	-0.00813795	-0.02205861	0.26825857	0.03600462	0.29918150	0.11652198	0.35615132	0.19607621	-0.04013645	-0.02882495	0.06028622	-0.01113485	-0.09790259	0.13766015	-0.14704531	-0.08427719	0.01031387	-0.05884148	-0.11440924	0.02179196	0.00946614	-0.25165266	-0.09028437	-0.04007286	0.38503054	0.39142522	0.53927185	0.18710233	0.17913511	0.97535238	-0.01196500	0.12737034	0.23432147	0.32336220	0.23584611	-0.13062483	-0.16020789	-0.09550020	0.18015944	0.39916643	0.38622280	0.22425850	0.23410375	0.07179324	0.23016951	0.26786155	-0.10935896	-0.01138823	0.23328650	0.05850812	-0.11674493	0.06282985	-0.06109732	0.29148238	0.32031285	0.22418299	0.39971771	0.40633152	0.23674402	0.35373449	0.15622251	0.20029621	0.23982454	0.27682155	0.26241092	0.24232426	0.33437824	0.39464238	0.18443622	0.42940261	0.43679077	0.34061711	0.29431985	0.39558022	0.45275028	0.51539713	0.29783157	0.42924034	0.62092057	0.49170129	0.12362655	-0.10962017	0.06720110	0.02791070	0.05417739	0.03558525	0.12076476	0.36908367	0.22739210	0.33671509	0.56713817	0.05631399	0.43324642	0.26123179	0.53502285	0.40085980	0.00026904	-0.01608120	-0.03204006	-0.06431366	0.11085312	0.04093238	0.17490511	0.06431710	0.02258126	0.06490352	0.07079222	0.05429730	0.01324485	-0.07271139	0.20705086	0.20048655	-0.00948415	-0.04561976	-0.00815186	0.08988561	-0.02119662	0.12587118	0.24259298	0.31991420	0.09427576	-0.01848623	0.08655478	-0.03790527	0.09658630	0.10585193	0.29958931	0.29024399	0.15458443	0.10413803	0.13111467	0.14787355	0.05106105	0.12653202	0.07678417	0.08871204	0.18147822	0.17913729	0.20050539	0.17347770	0.34727019	0.28904922	0.21909320	0.25048409	0.06081429	0.07309635	0.13172106	0.13583122	0.01546386	0.12106532	0.10476282	0.07624948	0.18578063	0.23188368	0.30365183	0.24671936	0.22477472	0.24470931	0.11448580	0.09635851
17Networks_RH_ContA_Cingm_1	0.14261555	0.13151983	0.05121278	0.13901158	0.02097488	-0.02640813	0.16328399	0.05406872	0.03119372	0.02034561	0.00732051	0.07653139	0.13350369	0.14156133	0.14443464	-0.04204777	0.25399658	0.01439938	0.19291391	0.26157611	0.10820248	0.15272139	0.04895079	0.30482064	0.29273151	0.06319510	0.08168858	0.16888786	0.28578891	0.20838731	0.32973749	0.18149114	0.11603728	0.10934567	0.15394620	0.19723864	0.11677107	0.08742914	0.17109383	0.09640174	0.19826437	0.25737009	0.15593397	0.21149174	0.15067772	0.04333095	0.28557096	0.17922518	-0.06997336	0.05207843	0.19280808	0.10065425	0.10451949	0.15734785	0.03947412	-0.07943039	-0.00445173	0.12351264	0.04567175	0.16766989	0.11656428	0.17638644	0.15113849	0.02895303	0.18503257	0.06658953	0.09861340	0.12711319	0.28616968	0.25318792	0.15339449	0.08651785	0.20561585	0.15475200	0.13856996	0.12051389	0.18335600	0.17088326	0.15887280	0.23410515	0.07895760	0.12347053	0.23323512	0.17113937	0.23832818	0.10216133	-0.05368875	0.06616303	0.30444624	0.09227319	0.28667224	0.30281915	0.26173672	0.11246918	0.28203669	0.28216751	0.25898854	0.28431197	0.17926004	0.12107677	0.15614788	0.19202632	0.12214303	0.09546966	0.12089690	0.09202933	0.20165598	0.22750754	0.01742676	0.27129371	0.10776515	-0.03985888	-0.02591116	-0.09660229	-0.05256720	-0.03617549	-0.22502565	-0.11788673	-0.00497151	-0.03427061	0.22911243	0.26765860	0.06657655	0.27554442	0.02010875	0.23767067	0.16353928	0.13597774	0.03091215	0.20369063	-0.02421674	-0.01843544	0.39363095	0.09233773	0.17058039	0.07849858	0.19428526	0.12361876	-0.02649545	0.05133749	-0.02724402	0.07628091	0.02268981	0.10285203	0.21705911	0.06417967	0.13000926	0.13957726	-0.03148905	0.12788560	0.08042468	-0.07171319	-0.05381518	-0.01925065	-0.00837666	0.14246807	0.17884939	0.29093444	0.00396279	0.07727229	0.10585348	0.15333746	0.06380529	0.05315938	0.12352801	0.13538996	0.05398881	-0.10196103	-0.08369601	-0.14088770	0.11474478	-0.06644378	0.03351538	0.01113469	0.05870353	-0.00719177	0.00303657	-0.01289351	-0.05704650	0.12839933	-0.11349786	-0.01522596	0.09921354	0.15599582	-0.04490051	0.00555586	0.06118243	0.29069310	0.12193340	0.10555044	0.02585921	0.01008071	0.03708649	0.08404285	0.17494421	0.16217835	0.10997415	0.11180865	0.12284493	-0.13701129	0.05594640	0.17413157	0.10175833	0.08716230	-0.01859875	0.06177519	0.02286376	0.11063622	0.07257317	0.10048589	0.10817225	0.04830004	0.09420256	0.07493702	0.11425752	0.07337088	0.07471400	0.16857546	0.20915738	0.19525291	0.14394852	0.21105253	0.03551910	0.14716946	-0.04451782	0.11545870	0.07351127	0.26944221	0.08142960	0.08150379	0.20182547	0.17308442	0.05706655	0.17760770	0.15474269	-0.00584036	0.27126560	0.21493501	0.13489017	0.05439171	0.14976931	0.11813877	0.00868538	0.24825104	0.31907707	0.20733699	0.24640989	0.21816357	0.21666444	0.09928319	0.26565209	0.21620235	0.17202541	0.23501975	0.24160516	0.29426628	0.25385343	0.16381950	0.20202929	0.18374384	0.04420823	0.09861683	-0.00139399	-0.04014565	0.13024205	0.31555267	0.26132281	0.12989968	0.18295675	0.26611551	0.00317558	-0.02466466	0.16330371	0.14885470	0.13501443	0.19697110	0.17209544	0.16334765	0.11296666	0.02768745	-0.00869756	0.18694215	0.28979935	0.20977079	0.16747338	0.19629820	0.11652336	0.21571094	0.12445362	0.19006436	0.18837510	0.21019872	0.20447237	0.18235361	-0.01749259	0.26515184	0.17550185	0.25310208	0.25341006	0.21986872	0.20774099	0.15849598	-0.00426890	-0.04847957	0.14494831	0.07089128	-0.03162488	0.09689755	0.19609183	0.11777008	0.10821324	0.38220025	0.01181643	0.13378316	-0.07954954	0.05718918	0.08119356	-0.13947281	0.00255518	0.02469106	0.06423519	-0.04859576	-0.02986303	-0.06317818	0.30330210	0.09042454	0.12727149	0.06141088	0.10696600	0.11732052	0.07317977	0.02465672	0.17135933	-0.01196500	1.13178414	-0.00172439	0.17496219	-0.04066935	-0.03134569	0.00334079	0.09754049	0.14486851	-0.08518673	-0.02370579	0.05662716	-0.00356581	0.02349863	0.02544109	0.16431983	0.06440522	0.06562813	0.11404234	0.07756722	0.05523361	0.04129692	0.05725040	0.22122353	-0.03779860	0.06065417	0.12633511	0.02156919	0.02932358	0.00885473	0.00450966	0.10643908	0.11999090	0.02941384	0.17291689	0.10193004	0.15246018	0.04231403	0.03502250	0.21631408	0.14013996	0.06071822	-0.02523536	0.01336161	-0.02591906	0.03253742	-0.06259074	0.00965109	0.09760562	0.03932004	-0.00625217	0.14528615	0.21899576	0.00289284	0.06467025	0.21644387	0.14147338	0.06144535	0.03350331	0.26010030	0.08422022	0.05542775	0.23363198	-0.01906369	0.20606239	0.04605512	-0.08794848	-0.12871164	-0.06043536	-0.00183724	-0.02946457	0.20819709	-0.09978639	0.16061484	0.18714257	0.12370166	0.10172350	0.08646291	0.03299181	0.06847653	0.03648726	0.13868629	0.20351621	-0.11114174	-0.00051670	-0.02777282	0.12265733	0.15596743	-0.07098265	0.05001542	0.05098863	0.27730232	0.18379681	-0.02856305	0.02500238	0.22805214	0.02586097	0.08432103	0.21605364	0.07250118	-0.04015941	-0.01491180	-0.21425977	0.07556147	-0.02776411	-0.05830654	-0.07859386	-0.03348679	0.12857317	0.08440659	0.16232746	0.12350742	0.05610771	-0.08181285	0.03346453	0.10527762	0.02011114	0.05716399	-0.00135824	-0.05865690	0.11457079	0.02397429	-0.01362104	0.08083929	0.15091621	0.10441704	0.06981988	0.03747496	-0.00215345	-0.01916121	-0.01096112
17Networks_RH_ContB_Temp_1	0.27645259	0.28016556	0.37345169	0.39052620	-0.01210657	0.16798403	0.31189755	0.08985203	0.26538206	0.14028915	0.26368772	0.19774254	0.15012700	0.28853908	0.39821680	-0.05989371	-0.05325183	0.26175351	-0.00002138	0.15322364	0.12008484	0.00363883	0.13832784	0.01997425	0.06888442	0.05442944	0.08536707	0.15461310	0.14527945	0.07448657	0.13789676	0.15352984	0.09051589	0.23232098	0.18342664	0.22438539	-0.00318112	0.13481195	0.23275839	0.14297433	-0.00726446	0.04256324	0.03699665	0.23543169	0.14782753	0.09406162	0.10467633	-0.08268424	0.06615254	0.14911131	0.11886080	0.15253553	0.08765133	-0.09635493	0.12288833	-0.07789797	0.26970959	-0.08631509	0.32406388	0.22358332	0.16515277	0.20360453	0.11080575	0.06493921	0.11169081	0.05550511	0.05134030	0.06074606	0.03393370	0.10247226	0.14908678	0.16011644	-0.04274825	0.15624167	-0.01208156	0.19341960	0.15109688	0.02912318	0.05922555	0.03009369	0.10804602	0.12347723	0.17699077	0.08150233	0.17267829	-0.05313138	0.03892121	-0.14379586	-0.00391366	-0.05354285	0.08234049	0.01294575	0.04960436	0.17941386	0.09453987	0.00111963	-0.00482371	0.06680462	0.23048775	0.22139593	0.04341434	0.09863400	0.00949814	0.09549084	0.18175937	0.07449601	0.15529029	0.18982902	0.22780211	0.19397547	0.10761479	0.17997807	0.27751150	0.17772540	0.15021883	0.12349084	-0.02084234	0.20856482	0.16956561	0.03799787	0.09271629	0.08233405	0.05035612	0.19831604	0.18336794	0.12458023	0.28080220	0.20083353	0.11185274	0.17307203	0.21241990	0.18208500	0.06179570	0.23337436	0.29030145	0.37024434	0.19722416	0.12196973	0.09765038	0.40925752	0.35254408	0.15694886	0.32082834	-0.00345112	0.12248918	0.11867155	-0.12453371	0.08588811	0.30409992	0.29047084	0.02295616	0.24542922	0.21788619	0.17104647	0.18200436	0.09591039	0.13001815	-0.04578477	0.22175868	0.11096551	0.24366456	0.07506630	0.21092493	0.15534915	0.34341842	0.13903215	0.15997224	0.29844733	0.26518323	0.16168462	0.27050930	0.28394264	0.19003447	0.25937047	0.24887009	0.22158303	0.13649539	0.23587848	0.15394740	0.23931043	0.14415280	0.20600380	0.15712792	0.18879979	0.29851212	0.14809951	0.13999210	0.00202940	0.15050199	0.11265860	-0.03004682	0.19865596	0.22317631	0.11560938	0.20525283	0.16172493	0.12001443	0.03235153	-0.00762263	0.11717486	0.16583022	0.19278282	0.22912661	0.39522026	0.32161975	0.09195418	0.42068091	0.09714210	0.27745672	0.15750613	0.20251106	0.25548585	0.20197889	0.17954796	0.16610176	0.12679738	0.05991857	0.14479881	0.18092332	0.18260110	0.15781979	0.18108420	0.05137832	0.18482950	-0.00811173	-0.04029142	0.15037160	0.01626372	0.23388714	0.04138164	0.21752762	0.08320309	0.17040838	0.15754072	0.14397634	0.14732535	0.05570194	0.00416295	0.06258123	0.05476791	0.18918090	0.23289515	0.12710931	0.09773670	0.11560886	0.10921935	0.05062514	0.04741550	-0.02800747	-0.03013449	-0.01552033	0.07337426	0.05762301	-0.05784930	0.09203144	0.05991344	0.15106195	-0.00046370	-0.03268354	0.19962328	0.27864023	0.18929684	0.25923865	0.15952379	0.12177248	0.01525406	0.13618483	0.12209724	0.09639725	0.06063214	0.03411220	0.01947131	0.00660954	0.19701411	0.05670795	0.07768010	0.07473382	0.09806332	-0.03050925	0.00874517	0.11443163	0.00232865	0.24940254	0.18934763	-0.13109412	-0.05704667	-0.08327996	0.21194025	0.17173844	-0.08371336	0.09775427	-0.06405783	-0.18668610	-0.09546115	0.04139930	-0.07748033	0.01551895	-0.05213212	0.18654698	-0.04713303	-0.07976744	0.30170832	0.02025967	0.05082971	0.11590998	0.21759795	0.16115244	0.09523277	0.00481835	-0.00070421	0.03960643	0.10594884	0.21897336	0.18405968	0.22952017	0.06357940	0.19534234	0.27140813	0.30307533	0.23356525	0.08763554	0.31738880	0.21406307	0.15513988	0.06191171	0.01795011	0.21452217	0.17738433	0.39092819	0.47074187	0.34070031	0.38636212	0.01967360	0.12737034	-0.00172439	0.93088978	0.36545581	0.35231616	0.42900283	0.07850507	0.03896335	0.19480271	0.42514185	0.42852138	0.46697316	0.21273129	0.27756737	0.24208231	0.27042379	0.44516019	0.11994414	0.14782734	0.35013633	0.19647567	0.01949320	0.02723028	0.08294791	0.43302982	0.48742455	0.49199775	0.15566845	0.23352844	0.18731717	0.22480792	0.21047336	0.10669507	0.20514331	0.30083573	0.31638229	0.12661146	0.22118050	0.35516549	0.07428798	0.29678936	0.32090217	0.21765542	0.31405017	0.26202382	0.39149150	0.25171686	0.23517107	-0.00708152	0.18644131	0.05103238	0.17117680	0.16540444	0.20402029	0.10942359	0.12692381	-0.03253650	0.03202456	0.07124458	0.07705069	0.11770097	0.10011071	0.17815828	0.10659426	0.03246825	0.30739755	-0.00574050	0.24845299	0.12768399	0.15331709	0.12492916	0.04392065	0.13525571	0.19534834	0.06113225	0.19542996	0.07275018	-0.01291303	0.01578806	0.11858410	0.18289136	0.26265470	0.20143668	0.32457722	0.02059701	0.26767500	0.25292955	0.17636983	-0.04540276	0.22057109	0.20564747	0.04943748	0.06328710	-0.10853586	0.06833798	0.11295848	0.06484673	0.25511889	0.19125747	0.21906097	0.18163302	0.13759317	0.11775547	0.14048952	0.20939127	0.19404883	0.16496757	0.34517519	0.40359397	0.37757458	0.32163139	0.35680326	0.46859461	0.47544732	0.45084388	0.28069066	0.28395621	0.16349402	-0.01022681	0.22161950	0.24939951	0.26297537	0.13289166	0.14175545	0.21383840	0.30801627	0.28889223	0.27598504	0.29779209	0.37141610	0.27114025
17Networks_RH_ContB_Temp_2	0.25650096	0.29783150	0.42206754	0.48096875	-0.01382673	0.10745372	0.29943598	0.13919685	0.26589878	0.20082539	0.20331007	0.13779053	0.13491214	0.36628182	0.40055432	0.02107099	0.07973515	0.14785670	0.07704477	0.15789282	0.18100452	0.01276796	0.10345704	0.20407764	0.27317752	0.08674023	0.07605080	0.18772305	0.18928592	0.18829856	0.21261344	0.19728760	0.21198054	0.22333293	0.24384992	0.32216220	-0.07015624	0.22723391	0.31107260	0.21402399	0.02792752	0.21943401	0.14705763	0.29299659	0.21106774	-0.03292911	0.14082360	-0.12091852	0.19148301	0.11699769	0.20820672	0.17380532	0.07096094	0.08369393	0.03617251	-0.07657849	0.09267959	0.06956280	0.10313071	0.22178641	0.19491336	0.27193834	0.15279026	0.04168194	0.19935947	0.12129006	0.20160749	0.15123448	0.20297282	0.09551873	0.22437298	0.19210444	0.18585816	0.13317818	0.12907219	0.15732615	0.13068408	0.14229870	0.17410125	0.16690412	0.18882923	0.34291826	0.18849545	0.13781927	0.18680909	0.06404857	0.15072763	0.07815032	0.10883898	-0.08726833	0.08635247	0.15382407	0.26392120	0.18759706	0.23143512	0.20353715	0.16788329	0.22555920	0.41990068	0.27280512	0.05573217	0.20163859	0.03517925	0.03737040	0.06893284	0.01141773	0.18316613	0.26281957	-0.00350340	0.27242719	0.08633911	0.02655777	0.20209278	-0.03094390	-0.11022505	-0.08808792	-0.13851324	0.03896951	0.00921980	0.08343541	0.16380952	0.19510643	0.16062446	0.27889695	0.20439292	0.14207685	0.32529072	0.29354325	0.11647908	0.19625986	0.18031955	0.02843754	0.17438409	0.37058312	0.50159666	0.38077789	0.37242332	0.10826004	0.17671174	0.36166956	0.18110270	0.13443249	0.38726351	-0.01188952	0.14179822	0.05754298	0.02798670	0.04482854	0.10813741	0.22144413	0.04829181	0.26437882	0.16025434	0.02833010	0.06156612	-0.02975251	0.17122811	0.19875609	0.13279021	0.06931045	0.21365189	0.06123566	0.14647424	0.18322317	0.30682339	0.16379332	0.16837037	0.09881991	0.19016165	0.10230211	0.35660620	0.24077993	0.10620062	0.23422768	0.26981075	0.19461855	0.20352717	0.36870962	0.28941428	0.38440871	0.24573431	0.31582594	0.21469663	0.13229699	0.27616145	0.24381004	0.23213967	0.19449760	0.11808463	-0.04258689	-0.07836405	0.11431486	0.22575902	0.09373582	0.39793410	0.39000993	0.27436484	0.23603331	0.12984508	0.25156204	0.17941550	0.27638371	0.22817547	0.40431159	0.26042643	0.36993185	0.32349170	0.14081978	0.25668643	0.20247155	0.16849810	0.17080963	0.22248515	0.09790702	0.33510533	0.23041010	0.06841842	0.18934555	0.16168152	0.19485025	0.19636979	0.17579223	0.09113388	0.15187761	-0.02055050	0.15144569	0.14745044	0.19154215	0.23415760	0.15647851	0.22156110	0.15693365	0.15674974	0.26950991	0.25744690	0.19651088	0.15333002	0.04230505	0.12396941	0.11726800	0.39682538	0.33918057	0.20013669	0.28507026	0.26666718	0.20506749	0.16517966	0.12435731	0.13765604	0.03653828	0.18713240	0.17314022	0.05681495	0.07219885	0.16565790	0.23750601	0.15899332	0.21258939	0.20809629	0.42499485	0.46014248	0.24302796	0.25927449	0.17394707	0.22303473	0.27476761	0.19668515	0.09843783	0.14782605	0.11468806	0.00339965	0.05753081	0.18210166	0.09643484	0.19401086	0.21543257	0.16203746	0.06061794	0.13806850	0.13494391	0.14491030	0.23872474	0.31709552	0.31281510	0.15450379	0.13146112	0.18095931	0.32656095	0.12197107	0.08968958	0.07031875	0.07553737	0.04507021	0.20778868	0.08119364	0.10521456	0.01992696	0.08408228	0.24975251	0.12439552	0.14279500	0.46855103	0.12583133	0.16652160	0.24274933	0.20265598	0.18340298	0.24071944	0.07370601	0.10110013	0.14973567	0.31361027	0.27010799	0.26061824	0.03535189	0.04987224	-0.02164157	0.10315353	0.02183776	0.01556278	0.12703018	-0.02394675	0.06671568	0.02153987	0.22627123	0.03002713	0.16914574	0.22093472	0.29471761	0.48376703	0.41269078	0.25075298	0.18551728	0.23432147	0.17496219	0.36545581	1.00171965	0.28095100	0.34069054	0.15043271	0.07803968	0.14828333	0.23013656	0.33723023	0.47035680	0.26041336	0.31467451	0.25495017	0.21978846	0.33659925	-0.02338650	0.13272090	0.21337565	0.03489789	0.07228241	0.04503240	0.18757852	0.23598048	0.33553305	0.41257517	0.22788641	0.23726339	0.11406213	0.20467035	0.13651428	0.24129197	0.05574109	0.29457190	0.25767387	0.20767703	0.23307089	0.41151435	0.04882170	0.57185714	0.32678076	0.25640758	0.31934553	0.36105811	0.36757291	0.32742567	0.34211842	0.08469077	0.33092034	0.21542366	0.22167810	0.19793281	0.04957405	0.02139129	0.25500639	0.07528854	0.05778478	0.12520777	0.22311523	0.42674737	0.16566411	0.28183426	0.20706724	0.26432799	0.39508386	0.14968827	-0.16090786	0.03304142	0.00918574	-0.14266780	0.15176107	-0.05861187	0.10139159	0.10416868	0.11093171	0.06378823	-0.08439735	-0.01271263	0.14893072	0.05489284	0.28358372	0.26031313	-0.05512282	0.02402617	0.03728352	0.22601991	0.20432683	0.02053691	0.23629401	0.22217151	0.08088774	0.11962640	-0.14692618	0.04457842	0.24570737	0.19283879	0.33140190	0.29211988	0.34285376	0.21063769	0.16693418	0.22830065	0.21166414	0.24393972	0.17761093	0.16171476	0.41037632	0.39622392	0.35271811	0.27829341	0.46065763	0.36567189	0.28741406	0.32420065	0.34162604	0.23263110	0.20449845	0.09832913	0.12853349	0.28385535	0.26899638	0.16232568	0.20994346	0.34655068	0.37892345	0.29445514	0.35945143	0.26491813	0.26620952	0.24509475
17Networks_RH_ContB_IPL_1	0.23701978	0.18212469	0.20581068	0.24544492	-0.06606815	0.05448824	0.13667527	0.04183767	0.12734813	0.03466577	0.17367750	0.05752417	0.11238569	0.18613573	0.29985624	-0.08152812	-0.03469336	0.21092365	0.05236114	0.06038619	0.15769726	0.08486116	0.10816320	-0.06449628	-0.03512060	0.01732627	0.01748572	-0.02058933	0.04272020	0.04920573	-0.07156371	0.06578975	-0.07997776	0.03190070	0.05472089	0.16776145	0.00442179	0.17491452	0.13671939	0.06973884	-0.03416963	0.08351225	-0.02431936	0.07592141	0.05772962	-0.00945775	-0.00654289	-0.25980794	0.09134991	-0.04358935	-0.01831585	0.19975804	-0.10082675	-0.10058632	-0.13617428	-0.04646528	0.16188251	-0.13505985	0.13043546	0.30456998	0.14822229	0.14826526	-0.03705910	-0.02152775	0.03133707	0.11845192	0.05749868	0.08106507	0.07204697	-0.03594552	0.10524337	0.07342261	-0.12188868	-0.04761464	-0.04837044	0.00981224	-0.06283063	-0.01057241	0.01672003	-0.01982388	0.16635217	0.17014186	0.22417216	0.03116674	0.15261686	-0.13325491	0.29477147	-0.04846879	-0.13871012	-0.05804820	-0.07502669	-0.15504356	-0.09847666	0.23129253	-0.12949198	-0.02379477	-0.00122172	-0.15471358	0.24935524	0.20892772	0.00923285	0.11571816	0.00234166	-0.01892015	0.24666303	-0.05579357	0.13482781	0.27646213	0.05535112	0.26679775	0.02861730	0.06396950	0.35404858	-0.00370366	-0.01876946	-0.09023112	-0.07319077	0.09249068	0.03804660	0.10766640	-0.03347063	0.12078316	0.13360223	0.25659162	0.09314509	0.11764285	0.33039484	0.24990729	0.19122727	0.08988969	0.36267606	0.28267986	-0.10393223	0.19574783	0.15647366	0.50009535	0.34466609	0.14242331	0.18008645	0.40524792	0.38866379	0.23549541	0.40241035	0.11637969	0.09679812	0.11893745	-0.00055134	0.13435074	0.35339967	0.38569974	0.15220024	0.44915626	0.33025042	0.20104438	0.24024579	0.20892548	0.18913546	0.05434814	0.24443176	0.19956531	0.28953018	0.18330405	0.19887773	0.27311466	0.35684842	0.29283289	0.15144813	0.18697658	0.23555125	0.31127233	0.27086542	0.33227200	0.13798903	0.42036482	0.25008063	0.24521024	0.27624132	0.37243780	0.19788956	0.32744298	0.32649092	0.38026399	0.22688234	0.09635357	0.31480360	0.24324301	0.24894457	-0.03814146	0.12570211	0.09878445	0.01575930	0.15330054	0.12018624	0.12970563	0.23791878	0.22487460	0.19580326	0.06741647	0.00774457	0.22779804	0.15699303	0.19689159	0.15177210	0.21482436	0.22444023	0.03872303	0.29471143	0.02958016	0.15847667	0.09238762	0.14172731	0.16482353	0.13646605	0.02978243	0.18799228	0.15694243	0.03909854	0.18065985	0.11325561	0.04780542	0.14389591	0.01789776	0.00051550	0.21259535	0.04926871	-0.03849240	-0.00222644	-0.17160396	0.04666129	-0.09815496	0.13868115	-0.05613658	-0.06028041	0.00414568	0.01166793	0.12351650	0.14232574	-0.02911409	0.06872220	-0.01162236	0.09349358	0.04314119	0.05914783	0.06324186	0.07055035	-0.00316836	0.06114644	-0.06351139	-0.09309055	-0.20141293	-0.10044093	-0.03903237	-0.16009004	-0.10082587	0.03295297	-0.01282470	-0.03471207	-0.10223022	0.07161665	0.26814287	0.26295247	0.12258913	0.22354437	0.04725507	0.03233455	0.05367088	0.01182750	0.02719266	0.06455707	0.08809001	-0.02289372	-0.03833031	0.02174651	0.12350770	-0.03771379	-0.04497500	-0.05038201	-0.05639684	-0.06862632	0.04306380	0.11686902	-0.02148083	0.11717925	0.11064443	-0.14627436	-0.16563401	-0.05778352	0.25471166	0.16209064	-0.22580627	-0.00149829	-0.17148886	-0.29057117	-0.21134909	0.18881893	-0.18022174	-0.03273854	-0.19147828	0.09469703	-0.19187102	-0.14670920	0.29696482	0.21934075	0.23914305	0.09639890	0.27370403	0.31065444	0.09601069	0.15562982	0.02899772	0.28373613	0.05162211	0.21489387	0.06552191	0.21983731	0.14912899	-0.00459816	0.24922838	0.06953806	0.03225083	0.13866680	0.03290924	0.12300829	0.17857998	0.01700183	-0.03471147	0.20090946	0.10908121	0.39363828	0.41973538	0.45112415	0.38441618	0.03482418	0.32336220	-0.04066935	0.35231616	0.28095100	1.03235412	0.56375391	0.12086908	0.05205746	0.12681372	0.45648871	0.53304203	0.44851543	0.17430861	0.42426856	0.30348365	0.31014176	0.48498609	0.04364363	0.22143419	0.23693693	0.16326372	0.09685530	0.00786131	0.09606934	0.37414439	0.52408943	0.44803638	0.21819449	0.28940482	0.19265129	0.28717661	0.26733779	0.23223439	0.26432135	0.33245541	0.24005712	0.30035138	0.28798898	0.49091128	0.10505051	0.39335748	0.36053507	0.30857714	0.33255321	0.40605048	0.44068408	0.44419961	0.44501604	0.28298609	0.33516360	0.25247073	0.11216968	0.03467021	0.14155132	0.03510307	0.17469139	-0.05594806	0.02346752	0.03308407	0.10353794	0.24422128	0.17610967	0.14332802	0.19668896	0.03404567	0.50127981	0.31642276	0.02939456	0.11894001	0.05402147	-0.03267028	0.11874282	0.06053837	-0.01775900	-0.13268162	0.08154671	0.06551365	-0.04539174	-0.01866780	-0.00480486	-0.06326542	0.18993416	0.21895665	0.07586870	-0.05208431	0.07736499	0.11551307	-0.04977945	-0.11371523	0.23563360	0.14359375	-0.00861582	-0.00689395	-0.00652398	0.07463720	0.00523320	-0.05056579	0.34872044	0.20428790	0.21030981	0.13590789	-0.03902679	0.05384054	0.12023999	0.17414938	0.15821165	0.07722624	0.25183290	0.30517036	0.28480868	0.25541141	0.31637563	0.32265309	0.28445463	0.29467248	0.13361619	0.14397610	0.00461363	-0.07442534	0.09984988	0.09763213	0.22998370	0.03026501	0.12937878	0.37958870	0.33518841	0.27945029	0.21173443	0.25543115	0.20646976	0.27693337
17Networks_RH_ContB_IPL_2	0.14395698	0.08947291	0.19639134	0.17788969	-0.08992581	0.10488312	0.06837892	-0.04059760	0.10632999	0.03259742	0.10296570	0.06295804	-0.02817613	0.09930080	0.19323819	-0.15409003	-0.01613293	0.05991073	0.02861017	0.06361001	0.10272464	-0.00425238	0.08806768	-0.03054641	-0.05103240	-0.00094085	0.02821817	0.06062494	0.00562774	0.07209385	0.01046371	0.08848702	-0.10596700	0.02023253	0.03922423	0.07998560	-0.10800341	0.00752647	0.05486549	0.01925799	-0.16091110	-0.01952770	-0.07770818	0.05424991	0.02891951	0.02654362	-0.01709410	-0.28702860	0.09076873	-0.02163152	-0.02611402	0.12430653	-0.02069855	-0.00738008	-0.05082095	0.06304294	0.11572652	-0.12601195	0.15595241	0.08785774	-0.01947556	0.01457481	0.00162492	-0.04987909	-0.08249964	0.05913311	0.00933258	0.03094844	-0.04271530	-0.05514581	0.09444313	0.01982521	0.10394832	-0.00915386	0.02018320	0.06669877	-0.02490363	-0.09421707	-0.11139725	-0.10517992	0.01884118	0.17268931	0.09388586	-0.02649892	0.13979466	-0.15658338	0.09629845	0.09034476	-0.04536594	-0.04933030	0.03811677	-0.05150310	-0.01732204	0.28955333	-0.02320398	-0.00070633	-0.12367659	-0.09982553	0.20311511	0.04845683	0.19009713	0.01112396	0.05206577	-0.00674823	0.15947851	-0.02576735	0.15067997	0.15650623	0.11264684	0.06102247	0.07478653	0.03000204	0.18947954	0.05275921	0.03019591	0.03639047	-0.04915572	0.01040670	0.10264385	0.01842179	-0.02537591	-0.01822591	0.28707784	0.31247873	0.18006888	0.18980959	0.31620305	0.40707415	0.33025518	0.22928797	0.28144872	0.27832923	0.00628206	0.23598991	0.18909972	0.48685338	0.45315497	0.20279533	0.00858710	0.50838096	0.34623649	0.13956822	0.27444176	0.02620926	0.08881578	-0.03228929	-0.06033305	0.10053970	0.17523830	0.35010311	0.01238228	0.31525293	0.17102701	-0.00240730	-0.00414813	-0.02290519	0.21829070	-0.16858069	0.00241984	0.04726533	0.04656620	-0.06040028	-0.04479454	0.06445098	0.35998696	0.22155305	0.03108143	0.12596668	0.23903212	0.09526022	0.31722957	0.26516576	-0.04866533	0.27139418	0.02300334	0.01890226	0.05681795	0.14791597	0.16912468	0.19951032	0.20564215	0.25913758	0.00049210	0.08429877	0.18539824	0.09904745	0.13496620	-0.09196003	0.04045107	-0.03991263	-0.10347032	0.13318320	0.07778735	0.15724284	0.15740999	0.19288766	0.13961471	0.15915915	-0.07758394	0.13636489	0.02056748	0.09462079	0.06654964	0.14690417	0.12844098	0.02687696	0.19239851	0.07398815	0.15692712	0.06714635	0.13877994	0.10663116	0.09063439	0.12571501	0.01552461	0.07939352	0.05278231	0.05788789	0.08194245	0.05813173	0.10058911	0.10637787	-0.01533106	0.14470945	0.04439666	0.03479742	-0.02743827	-0.11402800	0.06385264	-0.10179179	0.01325158	-0.10184913	-0.05128021	0.01684594	-0.04985243	0.04537753	-0.02154827	-0.13492890	-0.06017150	-0.07411561	0.06363630	0.01229648	-0.00429167	0.05775323	0.06300069	-0.05982304	0.07954463	-0.10526944	-0.02540345	-0.16980302	-0.10873721	-0.05892959	-0.16235916	-0.11839244	-0.02916659	0.13042537	0.02301491	-0.08146241	-0.03839677	0.07826193	0.15467437	0.04448424	0.06736334	0.04059852	-0.00108588	-0.01544467	0.02969682	0.01895471	0.00103090	0.07379313	-0.11424493	-0.12610979	0.02697460	0.13769333	0.11166849	0.04588434	-0.04052279	-0.06856834	-0.14651851	-0.13720256	-0.05254518	-0.01489668	0.11690078	0.10979524	-0.06029475	-0.11379492	0.09434913	0.32535361	0.06745639	-0.09188582	0.00100224	-0.03235237	-0.21397969	-0.13471604	0.35433243	-0.20026936	-0.12592717	-0.10263213	0.22042080	-0.13688334	-0.12216014	0.24679539	-0.04925777	0.37473614	0.29384771	0.36422173	0.26418402	-0.02757658	0.10505640	0.06935933	0.08281879	-0.00546554	0.25413404	0.05249061	0.18344673	0.13867444	-0.03455746	0.10322651	0.12813421	0.03820111	0.07658491	0.05947427	0.22152628	0.10285111	0.06949089	0.15440351	0.30277067	0.13149939	0.27065126	0.56448319	0.43243221	0.48608148	0.14033731	0.23584611	-0.03134569	0.42900283	0.34069054	0.56375391	0.96714824	0.35735319	0.26365062	0.14819282	0.53571307	0.55614798	0.38306288	0.14266361	0.29684441	0.39581902	0.22960777	0.58718524	0.04578863	0.29831713	0.07942542	0.09800006	0.04030855	-0.09406920	0.13182298	0.28869175	0.41866444	0.54151708	-0.03651254	0.02029651	-0.02141701	0.04548503	0.27712179	0.12185921	0.08293064	0.21540405	0.11436332	0.12045632	0.02041371	0.30057076	0.04298649	0.33030281	0.30859968	0.15751161	0.18855267	0.32260733	0.31903887	0.27260393	0.33483768	0.00343960	0.17243599	0.18182136	0.06163194	0.08837885	0.09333069	-0.02669182	0.08487726	-0.07139046	0.05439882	-0.03903283	0.04588207	0.10959094	0.05532453	0.24610370	0.06193454	0.03653661	0.31581965	0.21930021	0.07004373	-0.00222651	0.06466331	0.03851299	0.01905909	0.13531269	0.02390421	-0.03721953	0.03794971	0.06773024	-0.12429825	-0.07379996	0.02816760	-0.02157793	0.28600465	0.22255693	0.18019069	-0.06536191	0.17855551	0.13676587	0.00890443	-0.00614842	0.15576453	0.14941562	-0.08812003	0.09386292	-0.14656027	0.05486648	0.09640133	0.02535410	0.33824663	0.26716793	0.00272917	0.05863606	-0.07869325	-0.02112805	0.08274380	0.00554615	0.00844696	-0.02222628	0.14197368	0.18153354	0.14387314	0.12543978	0.13417008	0.18149813	0.18870899	0.20605900	0.07995527	0.11457234	-0.05837493	-0.15020072	0.01842270	-0.00627939	0.13225235	-0.02731877	0.03524949	0.26651544	0.16398992	0.16985036	0.12182400	0.13284420	0.12270235	0.14086232
17Networks_RH_ContB_IPL_3	-0.07674058	-0.06466402	-0.02984983	-0.05276851	-0.05697635	-0.09373844	-0.12766684	-0.06729408	-0.15985180	-0.05982005	-0.08971892	-0.05854176	-0.10487071	0.05831319	-0.10453608	0.01193175	0.13838088	-0.17806308	0.12762074	0.06420973	0.00530757	-0.06693225	0.04738517	0.01700108	0.04406854	0.06026896	-0.00529714	0.11821578	0.00788961	0.13184935	0.00082849	0.07508359	0.06580599	0.03605060	-0.01495026	0.09291642	-0.02818134	-0.18653313	-0.11954918	0.09108772	-0.13827048	-0.09755307	0.00112810	-0.09555885	-0.00038741	-0.01976728	0.02867803	-0.13063232	0.00951771	-0.01857237	0.10689055	0.04819376	0.12554724	0.28601762	0.04032676	0.18334626	0.00985763	0.00343090	-0.08116331	-0.17769079	-0.12447011	-0.13424175	-0.06338017	0.05794096	-0.13285132	-0.00202359	0.20454830	0.12532820	0.07445238	0.04425035	0.25312107	0.08081647	0.36922376	0.10157188	0.30843871	0.21045185	0.06944726	-0.02285813	-0.06649615	0.01948873	-0.10335547	0.04342250	0.16024880	0.06134428	0.07191304	-0.05705698	-0.14934159	0.40230702	0.22272674	0.02913486	0.12900987	0.09512107	0.05531526	0.10614194	0.14956110	0.27300908	-0.02847613	0.13126695	-0.04619454	-0.15737915	0.40935291	0.09776841	0.35683807	0.03023240	-0.17989885	0.12140899	0.12644560	-0.10181916	0.05634376	-0.17596712	-0.01782905	-0.12141410	-0.28973072	0.10190208	0.08115413	0.05475698	0.05987712	-0.01337863	0.16547718	-0.08241026	0.14440946	-0.02141086	0.45361278	0.25148993	0.19519962	0.35850042	0.09793155	0.14491572	0.37919723	0.25717943	-0.12896470	0.00634189	0.17981215	-0.15629091	0.13913127	0.07880739	0.25140310	0.28942597	-0.25054999	0.03752449	-0.14540327	-0.01447086	-0.23080350	-0.00401511	0.01363010	-0.06600784	0.11369063	-0.04935813	-0.33897717	0.07852106	-0.12417924	-0.09437060	-0.27975289	-0.29398518	-0.39395423	-0.28370943	0.02609238	-0.20134476	-0.40957870	-0.21370310	-0.34266633	-0.27979650	-0.31265865	-0.26184944	0.02782080	-0.05689028	-0.17321309	-0.12820088	-0.01179656	-0.32271968	-0.00252341	-0.31140980	-0.31082844	-0.22914218	-0.35292029	-0.32212158	-0.20546579	-0.17252206	-0.09282103	-0.11167434	-0.14236674	-0.20366811	-0.33767464	-0.14410492	-0.33454200	-0.32226885	-0.27794822	0.12562582	-0.02127663	-0.18204701	-0.12057065	0.06467328	-0.07717842	0.13211612	-0.15776236	-0.11309397	-0.17231730	0.09606278	-0.09370066	-0.16040892	-0.12049877	-0.05560112	-0.10941439	-0.19296649	-0.11463721	-0.04706958	-0.20329096	-0.00108574	-0.07585252	-0.01929686	0.00750050	-0.10385331	-0.07527215	0.07832828	-0.04532704	-0.04979528	0.04137112	-0.01999343	-0.06641477	0.02733066	0.01341593	0.17759127	-0.01991989	-0.00644227	0.13269752	0.16592746	-0.00270818	0.06092784	-0.03884475	0.00577312	-0.06343200	-0.10633360	-0.08835720	-0.02826786	0.09357463	-0.09572027	-0.03969332	-0.19601807	-0.25206794	-0.05457933	-0.06768335	-0.04791113	-0.11614414	0.12998550	0.14535732	-0.05006150	0.06962211	-0.14956966	0.18028428	-0.04217356	0.02857781	0.00502951	-0.09505400	0.11113931	0.00854099	0.31450389	0.14221663	0.13125541	-0.03479728	-0.09774903	-0.06585810	-0.00476584	-0.27117306	-0.08877889	0.01368109	0.00281548	0.13329518	0.04164308	0.13702853	0.22049811	0.03528596	0.11930764	0.19381770	0.05510110	0.32963299	0.30423502	0.11298517	-0.07643348	0.11135464	-0.12864255	-0.23456133	0.16114917	0.26197202	0.30225364	0.17062180	0.15989659	0.41876691	0.22437432	-0.12853757	0.18016578	-0.00375380	0.11136887	-0.00819483	0.07316639	0.37335901	0.01365437	-0.03271502	0.23648219	0.37048014	0.22642743	0.04629289	0.10873726	-0.17187512	0.44188531	0.40427778	0.40665583	0.12269630	0.10884888	-0.02880698	0.14386570	-0.13922517	0.03555294	0.17723184	0.00202004	0.02058350	0.10372357	-0.10267537	-0.12143030	0.10600665	0.01004299	0.11348417	-0.06630087	0.18357442	0.00278943	0.20294402	0.49130334	0.36431171	0.22487200	-0.10836189	0.17425460	0.01186589	0.19007048	0.17062659	-0.13062483	0.00334079	0.07850507	0.15043271	0.12086908	0.35735319	0.82226143	0.37529768	0.30391654	0.19130693	0.09759721	-0.05215832	-0.09149272	0.00736507	0.32148252	-0.04624488	0.20563310	0.10867051	0.25430835	-0.31672576	-0.01966309	0.19081959	-0.16414425	0.14872842	-0.14218186	-0.10149249	0.17789418	-0.34907747	-0.33145183	-0.32401118	-0.37164025	0.10858814	-0.02759542	-0.21516057	-0.13208399	-0.17381057	-0.11682544	-0.31703935	-0.09766637	-0.09994533	-0.02179517	-0.17685579	-0.06286545	-0.11984001	-0.02290680	-0.11565697	-0.09423392	0.10941995	-0.27471002	-0.20379096	0.00333237	-0.09228163	0.17725079	-0.03914932	-0.06435766	0.03908051	0.05947817	-0.06033768	-0.22198970	0.02093351	-0.11402189	-0.27834010	0.18180248	-0.17561453	-0.01456910	-0.14413965	0.06747237	-0.09231446	-0.02420234	-0.02052779	-0.00696967	0.00457436	0.05431570	-0.13955588	0.04691750	-0.05320178	-0.00998957	-0.24842026	-0.07149884	0.06354960	0.02014236	0.08042766	-0.03077592	0.06101620	-0.00150236	0.06124836	0.01239106	-0.03704590	-0.02345587	-0.01308693	-0.04011066	-0.15038346	0.13027240	-0.10568972	-0.07004059	0.02470338	0.04489976	0.11467936	0.08229534	-0.15183801	-0.07174208	-0.11626668	-0.18100106	0.09018821	-0.11290967	-0.06580222	-0.08699381	-0.05953013	-0.02859965	-0.07704818	-0.03060701	-0.15868763	-0.19351906	-0.14534711	-0.09500651	-0.00805540	-0.03536294	-0.09058079	-0.17377696	0.02689285	-0.09412053	-0.03243914	-0.07007177	-0.03327629	-0.02703319	-0.18849296	-0.13548920	-0.12188528	-0.17356932	-0.14856273	-0.15804848
17Networks_RH_ContB_IPL_4	0.11921504	0.10966297	-0.03936031	0.01924401	0.02531978	-0.01943650	0.00606664	0.01103336	-0.11312781	0.04136344	-0.00827311	-0.02456787	0.04742434	0.07462270	0.09502087	0.15557872	0.15696048	0.04360548	0.26266510	0.18365588	0.23352038	0.14755369	0.17989432	0.12214134	-0.02588497	0.03725899	-0.02741261	-0.00192399	-0.02437307	0.13329159	-0.03770474	-0.16887135	-0.11724113	-0.16764847	-0.05050198	0.04237421	-0.09126565	-0.03731577	-0.04311911	-0.08728144	-0.00948076	0.09889462	0.06591131	-0.05743913	-0.00359190	0.04872073	-0.00215356	-0.06088368	-0.01322004	-0.11924680	-0.05405031	-0.05904878	0.03823869	0.22916280	0.03600175	0.13673461	-0.06218583	-0.19540217	-0.04374813	0.01631571	0.03537757	0.08348608	0.09046956	-0.10708538	-0.03147964	-0.03757503	0.14303794	0.13310490	0.07810232	0.02002507	0.17812389	0.00364385	0.26668590	0.17275080	0.19716273	-0.02153286	-0.03442913	-0.05490252	-0.02080701	0.15326391	0.04755917	-0.02832215	0.09850938	0.05681347	0.06862605	-0.05295641	-0.02735572	0.18284819	0.15185030	0.02116119	0.03415596	0.10472848	0.06892898	0.16549450	-0.02270404	0.19584802	0.07479974	-0.00125495	-0.05197218	-0.02338418	0.25145218	-0.00256527	0.11718708	0.06514414	-0.00412284	0.00998041	0.06426536	0.00611929	0.00275878	-0.06493599	-0.02689320	-0.13775419	-0.16584486	0.04236986	0.14273586	-0.02719862	-0.01148183	-0.06211319	0.07736528	-0.11168785	0.12947679	0.02708156	0.30746095	0.25999626	0.03938693	0.29468282	0.07806876	0.13595341	0.11884077	0.23323938	-0.01455396	0.05943939	0.12364696	-0.06054188	0.09255983	0.01066103	0.24932481	0.23121761	-0.09753980	0.08742259	-0.11038705	0.06272404	-0.13057204	0.04147164	0.07261659	-0.08937061	0.10017500	-0.08226459	-0.20420766	0.14287237	-0.03267450	-0.06486836	-0.15939437	-0.17063958	-0.23913749	-0.10900434	0.12997885	-0.11679582	-0.20162904	-0.10092596	-0.21040814	-0.16710618	-0.18317709	-0.15685045	0.06401464	0.03969204	-0.13795854	-0.05680665	-0.00497158	-0.19258005	0.13752693	-0.11413448	-0.17980139	-0.10703166	-0.18776966	-0.12764821	-0.09894070	-0.11330656	-0.02143751	-0.02086787	-0.13556268	-0.02375254	-0.16424229	-0.02803996	-0.19608063	-0.17470855	-0.07348342	0.09735989	0.01827636	-0.07980900	-0.05393536	0.06067221	0.02278528	0.08984211	-0.05873912	-0.10426142	0.05697801	0.10786689	-0.07787061	-0.11717699	-0.05815871	0.07737798	0.11891436	-0.05804360	0.05349158	-0.01816346	-0.04620089	0.09930444	0.00794391	0.03060610	0.11497244	0.09198580	0.04900852	0.17916112	0.14079965	0.10382659	0.11472226	0.24249965	0.07716972	0.15539424	0.20651716	0.20559573	0.10823450	0.02027075	0.00983524	0.02815022	-0.12961357	-0.07422228	-0.17107474	-0.19630882	-0.02525976	-0.07967809	-0.15383303	-0.23327962	-0.00260582	-0.01838205	0.11539260	0.03660433	0.06115328	0.04701793	0.00518042	-0.04209720	-0.16958728	0.05440516	0.09451111	-0.02346026	0.08134829	-0.06217149	0.00961461	-0.03760185	0.00653411	0.04671390	-0.08813461	0.08149078	0.02569721	0.35902261	0.00264477	0.05735700	0.05256265	0.03577651	0.07753832	-0.01560830	-0.24456511	0.08274913	0.09169597	0.17352901	0.22153606	0.13567665	0.14627554	0.26927005	-0.01832073	0.00616297	0.28537097	0.07066282	0.36878301	0.34489442	0.06060653	-0.13000688	0.08871866	0.01633189	-0.13920761	-0.00406044	0.22394826	0.05106930	-0.00256685	0.13629689	0.28010019	0.26245664	-0.11952840	0.02949324	-0.02231305	0.06916937	0.00494056	-0.02384688	0.21453480	0.00637278	0.01560855	0.17311688	0.33162915	0.21532903	0.05461668	0.02330756	-0.25616471	0.21245400	0.33311189	0.22021902	-0.03141739	-0.02242541	-0.04478151	0.07043309	-0.07926844	0.05531900	0.06668011	0.09562364	-0.05699944	0.16298056	-0.11511188	-0.07746587	0.12052419	0.03812125	-0.01293162	0.04227848	0.19101952	0.08927734	0.32543247	0.42622701	0.44283631	0.20459092	-0.09537049	0.08919316	-0.02939177	0.10399728	0.21660043	-0.16020789	0.09754049	0.03896335	0.07803968	0.05205746	0.26365062	0.37529768	0.89473768	0.18716138	0.03727232	0.00725326	-0.10437614	-0.05722742	0.04130848	0.17119588	-0.05575047	0.14617830	0.14468682	0.32761083	-0.18182628	-0.02733630	0.18248042	-0.05945638	0.23678382	-0.13407016	-0.11278014	0.20745588	-0.29328724	-0.24560438	-0.19370280	-0.24458286	0.12576188	-0.03234728	-0.16397636	-0.16474015	-0.18402840	-0.01720161	-0.24664431	-0.11179329	-0.05854697	-0.01369133	-0.18237630	-0.18122946	-0.12262308	-0.07526215	-0.12689493	-0.13984835	0.00834988	-0.17719015	-0.21038426	-0.19226441	-0.12697929	0.17366242	0.06286182	0.01968227	0.04346105	0.06206001	-0.03150191	-0.30830270	-0.09531418	-0.16636143	-0.30819238	0.09925982	-0.15205362	-0.18011811	-0.13735285	-0.11379718	0.02042140	0.10494395	0.05192816	0.01655877	0.07703220	0.07252358	-0.04234669	-0.09536805	-0.03221551	-0.05070624	-0.13773752	-0.07538878	-0.14705085	-0.06810145	0.02051617	-0.04643402	0.03318274	-0.00501426	0.07072774	-0.04794844	0.07599789	-0.13450719	-0.06610050	-0.08292306	-0.00726203	0.04979047	-0.03262842	-0.07833323	-0.11184614	-0.05075489	0.03768234	-0.00106239	-0.09519274	-0.01055588	-0.09228869	-0.13375683	0.08563113	-0.04483222	-0.02399840	-0.01664218	-0.05861593	0.01311898	0.01257983	0.07883643	-0.09275870	-0.09591645	-0.13298308	0.05527714	0.05784101	0.01823390	-0.08676788	0.10007614	-0.03028180	-0.04909762	0.02510828	-0.01157099	0.08201946	-0.09378100	-0.03677662	-0.04912440	-0.04491974	-0.16840106	-0.08689021	-0.03360101
17Networks_RH_ContB_PFCld_1	0.14598808	0.18925965	0.15222347	0.19551651	0.11040627	-0.21523830	0.14261600	0.05158541	-0.13351153	-0.00377547	0.03483515	0.03105579	0.01982859	0.27474446	0.17028679	0.06917127	0.17675288	0.11350791	0.26197425	0.17808237	0.17621561	0.15508391	0.17122422	0.15190022	0.09461765	0.09298791	0.03978441	0.18656620	0.16277332	0.23827184	0.12968287	0.18944973	0.19548838	0.17423341	0.17280500	0.30238483	0.06305482	0.12314318	0.20190053	0.20685308	0.06626165	0.14119219	0.21133747	0.10930981	0.13072293	0.05126295	-0.00626912	0.04522269	0.09689127	0.05692566	0.17786717	0.06271396	0.15151436	0.17195626	0.05671118	-0.00030206	0.14912356	0.05217820	0.05373975	0.10692937	0.08488021	0.00551290	-0.02960245	0.08801322	0.09993626	-0.00046762	0.28341740	0.30088995	0.27758850	0.14069566	0.34860223	0.28149464	0.17909005	0.19698758	0.22133538	0.18937533	0.17067065	0.10153604	0.20597455	0.21088645	0.10643150	0.04903432	0.36206253	0.16860945	0.10895448	0.02186409	-0.08583619	0.18870184	0.16659913	0.01273987	0.20491407	0.11085590	0.07428191	0.03710942	0.21039973	0.30439325	0.25074437	0.22682638	0.23364845	0.14867137	0.38755861	0.37326934	0.50073960	0.02397446	-0.03855281	0.15204206	0.26521076	0.18472174	0.14685775	0.12363576	-0.02797731	0.03735797	-0.11630822	-0.04706298	-0.03438183	-0.07603270	0.00141629	-0.02388384	0.13206599	-0.02235206	0.17078939	0.12581473	0.26582779	0.24638198	0.14493505	0.25842117	0.29628926	0.09082528	0.28980261	0.24678818	0.00100977	0.12767796	0.24884883	-0.00192387	0.17211675	0.23949667	0.16665408	0.25119422	-0.00969712	0.11424920	0.14688935	0.34209013	-0.07430520	0.17168188	0.32513818	0.26948055	0.14563867	0.06885414	-0.03869260	0.24689093	0.13736779	0.03405359	-0.03729586	0.07798849	-0.06831784	0.02697209	0.10120314	0.01931345	-0.00336548	0.01419322	0.07182977	0.07022767	0.13801648	0.04078890	0.26568587	0.07277546	-0.06558194	-0.03237381	0.01921556	-0.13341409	-0.02034899	-0.21543231	-0.01915154	-0.10551946	0.00527296	-0.04916312	0.06384686	0.07560979	0.01856145	0.11514509	-0.09389491	-0.10175362	-0.10385271	0.05870858	-0.17472103	-0.15970856	-0.17124515	0.23321747	0.23323136	0.11419878	0.05912472	0.23869632	0.11292822	0.00833522	0.04108045	-0.08897194	-0.08703873	-0.05348682	-0.00916188	-0.14208442	0.16627780	0.12375040	0.08914851	0.07844726	0.05823974	-0.05823469	0.04396055	-0.13060559	-0.09575058	0.02073366	0.10975130	0.07988880	0.05416937	0.10701110	0.21723557	0.21682075	0.12580916	0.22150382	0.04128230	0.17621938	0.20635773	0.26321341	0.15455533	0.08933368	0.12128516	0.18009833	0.12940644	0.13791495	0.15165043	0.09649636	0.10282146	0.07671505	0.08416794	0.10006027	0.24903324	0.03678024	0.07366723	0.05581581	0.08292122	0.18364970	0.16653133	0.15214157	0.00165784	0.31267636	0.25268960	0.01045224	0.01935078	0.01458893	0.31586771	-0.00259653	0.18769215	0.12938993	0.08187873	0.25333122	0.11674910	0.22267177	0.21914687	0.18034667	0.15007385	0.09216614	0.04946081	0.14978281	0.04124269	-0.02483180	0.14986204	0.05428182	0.22987237	0.18640311	0.26027100	0.24197966	0.22381745	0.22183903	0.08515866	0.11748225	0.17561493	0.24212396	0.08396119	0.09466018	0.25207097	0.12285268	0.03935883	0.29972252	0.37184006	0.41602576	0.11900160	0.17064384	0.19382631	0.17900535	0.05546406	0.08360906	0.07557139	-0.01231999	-0.00333319	0.04135666	0.05870591	0.14446178	0.09362155	0.25124023	0.41991130	0.34174914	0.11899634	0.25261177	-0.05857152	0.14280511	0.15187916	0.45840485	0.21451827	0.44595136	0.05548955	0.06677032	0.12592404	0.31512021	0.05052900	0.05235115	-0.05489123	0.07241319	0.09151058	-0.02528337	0.07189832	0.00218566	0.11441074	0.02511302	0.07888977	0.03280598	0.16693079	0.35278909	0.16898271	0.22712912	0.24784911	0.12543719	-0.04940698	0.22843374	0.00762538	-0.09550020	0.14486851	0.19480271	0.14828333	0.12681372	0.14819282	0.30391654	0.18716138	0.91799328	0.33654905	0.07175028	0.19399095	0.04881125	0.09043932	0.28531268	0.33655941	0.16768607	0.17164891	0.22830016	0.08769072	0.28561833	0.31153950	0.00646014	0.23521460	0.08365510	0.13059571	0.20393356	0.06872767	0.01803419	0.02332128	-0.07781726	0.17733754	0.19378706	-0.01082511	0.16214015	0.07590132	0.11899381	0.07747731	0.11627105	0.17170791	0.01020744	-0.09834328	0.00945336	0.22201800	0.05588482	0.14498857	-0.01003824	0.14571623	-0.08261449	-0.13743360	-0.09530986	0.10338829	0.24567991	0.09149974	0.06043680	0.20473241	0.13670317	0.07209025	-0.04311574	0.10887328	-0.02157184	-0.16583131	0.06647692	-0.09077285	0.07714257	-0.03379924	-0.03725544	-0.10454893	0.02150923	0.05556017	0.01592916	0.04003852	-0.03852251	0.03283131	0.15041664	0.09963991	0.07467255	-0.09983385	0.00711887	0.14451871	0.06928495	0.15358414	0.06130562	0.04338545	0.02474934	-0.02522171	0.09163561	0.09901106	-0.10739532	0.05261492	0.03573818	-0.02978478	0.06851467	-0.07114400	0.04748047	0.05848034	0.02060494	0.18121447	0.18651596	0.18453511	0.11231832	0.05989824	-0.09838683	0.10741852	0.11263345	0.14466620	0.06585085	0.13296255	0.27455121	0.20651921	0.25372613	0.05256434	0.10779251	0.06114081	0.17140262	0.15483543	0.14265973	0.05428133	0.02335071	0.13336618	0.17660954	0.07778261	0.17558506	0.08277373	0.15723932	0.09419918	0.08055912	0.05985025	0.01662980	0.01051819	0.05645179
17Networks_RH_ContB_PFCld_2	0.05071320	0.06511218	0.12681560	0.14766842	0.00528010	-0.04779362	0.07792979	-0.01451448	0.01101242	-0.01247309	0.10675419	0.11807941	0.05182037	0.16060435	0.19203072	-0.08304297	-0.03182772	0.09181851	0.02601660	0.02908456	0.09178823	0.07417506	0.10121288	0.04628902	-0.01183216	0.03499950	0.04950013	0.12550115	0.03183951	0.03948484	0.01133519	0.09597866	0.02637461	0.10228689	0.10446057	0.07406074	-0.03582800	-0.03954110	0.05595423	0.09043417	-0.13964690	-0.00409850	-0.04512442	0.08226415	0.10237911	0.03114611	0.01145752	-0.14364293	0.01075436	0.09199042	0.07810762	0.12623025	0.01900413	-0.10068518	0.04693627	0.01015997	0.25587691	-0.05944284	0.17058060	0.14820973	0.02156696	-0.10695200	-0.07232019	-0.06429275	-0.05354787	-0.00781312	0.03078822	0.04699686	0.01530435	-0.02972681	0.06847703	0.07759603	-0.05556733	-0.02995262	-0.10009181	0.06673783	0.02484847	0.01203080	-0.09825724	-0.11921737	-0.00663070	0.04569927	0.10303308	-0.05562800	0.10890366	-0.15221260	-0.05696412	-0.08814327	-0.09383831	-0.03220086	0.04700401	-0.04910861	-0.10080835	0.08802251	-0.02746831	-0.08700883	-0.07094963	-0.01723712	0.22200412	0.08225760	0.20150997	0.13105910	0.13889412	-0.04528876	0.12765420	-0.01030489	0.21219788	0.27460170	0.10722904	0.03545797	-0.04276069	0.04438993	0.22186581	-0.09844444	-0.12233552	-0.07946493	-0.06557212	-0.00286677	0.04523624	-0.04014669	-0.12454725	-0.07931778	0.09474015	0.16259961	0.11250836	0.00134360	0.32166648	0.14951556	0.29270021	0.15387330	0.21561522	0.31046609	0.00197871	0.21408306	0.03589556	0.40970692	0.14956052	0.06708441	0.02793227	0.43064662	0.49569780	0.31843791	0.25213444	0.19028235	0.20789434	0.02673691	0.01446067	0.20447013	0.26328156	0.23536601	0.08497209	0.41533533	0.25754748	0.17885399	0.11187711	0.08165883	0.15788065	-0.11769666	0.10152367	0.01408183	0.18974868	0.07421018	0.10472732	0.19063158	0.39547747	0.21116802	-0.04413632	0.02649817	0.15202445	0.03400632	0.00722726	0.11537602	-0.03403391	0.17511392	0.06667676	0.11384715	0.16150746	0.26417271	0.17590011	0.21607630	0.19922618	0.15338170	-0.02754345	0.01886562	0.09370882	-0.01061427	-0.03626161	-0.21585630	0.10509321	0.04047249	-0.02221986	0.18567239	0.16685544	0.08699955	0.10614891	0.10151299	-0.06134903	-0.13419630	-0.16814547	-0.05591705	0.11659808	0.06998660	0.11560911	0.16913295	0.11561291	0.00805554	0.21082954	-0.02300503	0.06986238	0.05338747	0.06827649	0.12760929	0.15676659	0.08203763	0.05914222	0.15276741	0.10137099	0.05505717	0.02192962	0.08573029	0.09232264	0.19752520	0.05636562	0.16930858	0.14785415	0.08471138	0.07233819	-0.11465919	0.15514279	-0.00913783	0.06730106	-0.00873679	0.04551017	0.10047412	-0.00388515	0.02781631	-0.07864064	-0.02487207	0.03004938	0.01575376	0.06503961	0.12029453	0.06569629	0.08436723	0.10379274	0.03382895	0.05006743	-0.05682049	0.11892206	-0.07435788	-0.00856373	0.00588189	-0.09219761	-0.01802477	0.01762002	-0.00459391	0.04294510	-0.10610035	0.05463985	0.03987112	0.11592650	0.13653676	0.11048447	0.00927530	-0.00771803	-0.12085502	0.01330847	-0.04211574	-0.06500496	-0.06695895	-0.09852052	-0.10898596	-0.14766516	0.17087977	-0.06647163	-0.12494814	-0.07464792	0.01587209	-0.16470586	-0.14060666	0.00586104	0.00248665	0.10824392	0.20286112	-0.13898130	-0.10860075	-0.03909815	0.23197719	0.07290817	-0.08142652	0.02389817	-0.04086917	-0.17614055	-0.16938508	0.22374908	-0.08792482	-0.09146644	-0.08104883	0.24677919	-0.14538582	-0.07973674	0.29791403	0.11461485	0.18812136	0.11541463	0.40517555	0.33836690	0.09054064	0.16509778	0.16344726	0.23064214	0.17267950	0.11051671	-0.07750094	0.06895962	0.10716691	0.01122869	0.06492954	0.01079630	-0.09969597	0.06006869	-0.01781617	0.16004805	0.03506007	-0.08178196	0.01868558	0.06667674	0.07315017	0.41345671	0.50034066	0.33367740	0.54799712	0.00759740	0.18015944	-0.08518673	0.42514185	0.23013656	0.45648871	0.53571307	0.19130693	0.03727232	0.33654905	0.97778600	0.57391618	0.50252749	0.11838406	0.29103925	0.38631480	0.46240460	0.55833941	0.12717565	0.34264073	0.23405022	0.21213664	-0.00870473	-0.01599368	0.12014150	0.30914281	0.50290619	0.46793448	0.13098906	0.21286799	0.10350731	0.15571709	0.31198211	0.19312407	0.27035018	0.27333826	0.19813080	0.20279265	0.13351874	0.38089619	0.22149482	0.20758246	0.15043645	0.18758713	0.34984611	0.40215137	0.41359060	0.36241644	0.40212179	0.03628617	0.14230593	0.15344281	0.08434494	0.03736427	0.07068734	-0.02700089	0.07290594	-0.06990380	0.04902853	0.00401852	0.05585768	0.08319671	0.00699700	0.13442847	0.00418819	0.04604601	0.26432783	0.10954812	-0.05089986	-0.01534737	-0.02850618	0.01514866	0.00251663	0.03431741	0.03843821	0.05082952	0.03399853	0.14712340	-0.00768979	-0.01474205	0.07626050	0.05956413	0.31987505	0.13405392	0.12062309	-0.09467902	0.07037144	0.09953006	0.02873367	-0.06802103	0.16388404	0.19034186	-0.10737556	0.02706041	-0.08721513	0.15248838	0.09734774	0.01528616	0.33900524	0.22704440	0.10448887	0.11299082	0.06159227	0.03286261	-0.02877217	0.10479392	0.13505647	-0.09290785	0.15946497	0.16817785	0.15214397	0.16093849	0.12175980	0.24655241	0.17756674	0.22400794	0.04407272	0.15386925	0.05837846	-0.03508510	0.09428954	0.16667060	0.16769442	0.10440577	0.00759894	0.28428132	0.16549924	0.16771148	0.05729821	0.11440534	0.07973599	0.10720641
17Networks_RH_ContB_PFCld_3	0.16999827	0.11780246	0.18242963	0.23538843	-0.08062332	0.09653935	0.09956764	0.03511468	0.22883038	0.07535785	0.17535055	0.18374893	0.10121266	0.16679995	0.26646395	-0.12620749	-0.04705801	0.12934831	-0.03254873	0.05000679	0.08174364	0.06716043	0.09154072	-0.03989979	0.03282780	0.11230481	0.11145676	0.13053741	0.04331100	-0.00548831	0.08265988	0.08720144	0.01314517	0.14221126	0.12446936	0.06227849	-0.04133550	0.08640116	0.14521563	0.06990431	-0.04988670	0.07844005	-0.04173369	0.06710758	0.02165367	0.01376813	0.00361476	-0.19828257	0.02555860	0.03858799	-0.03488417	0.12144303	-0.06640092	-0.18781908	-0.03544596	0.00113771	0.17981110	-0.01580281	0.20479980	0.27354008	0.11318015	0.03970449	0.00686678	-0.10060503	0.03142009	0.09739545	-0.02114884	0.04149307	-0.00880502	-0.07685234	0.01323600	0.05537103	-0.12849260	-0.06831074	-0.15221437	0.05000286	-0.04252228	0.02893463	-0.09190763	-0.12302875	0.10061904	0.16079718	0.06732861	-0.12191175	0.13559365	-0.19595433	0.11210173	-0.16239875	-0.15169604	-0.08398218	0.02563569	-0.13012112	-0.09406393	0.16822961	-0.07475049	-0.13776162	-0.06499102	-0.12431808	0.25746056	0.12422953	0.09664164	0.03587924	-0.03406579	0.02992293	0.25622775	-0.03192814	0.09953698	0.29667558	0.03161324	0.21247523	0.02423320	0.05255744	0.25019162	-0.08347131	-0.09543560	-0.10337205	-0.13079152	-0.02375326	0.03276878	0.04454174	-0.15809866	0.06267982	0.08067865	0.20791078	0.07847744	0.00781985	0.31270542	0.23333368	0.20838367	0.08248232	0.35487700	0.36549261	-0.02973146	0.28967891	0.08975637	0.46433243	0.26903908	-0.02361307	0.10904658	0.53497166	0.44726492	0.23298312	0.30562524	0.18142209	0.13919329	0.05874062	0.00045487	0.21347540	0.38862317	0.34435411	0.00876041	0.36251361	0.37676753	0.16626435	0.19998173	0.08364350	0.21712174	-0.03712273	0.14906225	0.12048397	0.22311664	0.09778880	0.07815777	0.23574568	0.39944833	0.27677731	0.06757453	0.08405946	0.18301801	0.22228362	0.14098614	0.35863807	0.01586906	0.29435133	0.11108775	0.15330975	0.12513431	0.27205306	0.21761858	0.23097810	0.23386662	0.30758534	0.19588893	0.16367820	0.29140377	0.19010001	0.16614149	-0.17837714	0.04897100	0.03997144	-0.03668134	0.21068846	0.17253598	0.09554093	0.26951676	0.25520428	0.10272651	-0.04248908	-0.11936570	0.14344011	0.08480700	0.14359865	0.15180407	0.22378110	0.16039166	0.08866267	0.27493858	0.07249698	0.18391384	0.07022795	0.17566713	0.13903950	0.19104852	0.13021643	0.08669500	0.13876387	0.06042186	0.10714440	0.08477115	0.02490917	0.08187325	0.12048223	0.06331631	0.10608876	0.07096881	0.06044549	0.06786877	-0.12383396	0.12487085	0.03030243	0.14554219	0.03868532	0.04346026	0.13400188	-0.06512120	0.13761210	0.05670734	0.00664334	0.06008286	-0.02159493	0.13446647	0.09789763	0.18194941	0.02877522	0.03996827	0.03711160	0.03714164	-0.02618620	-0.05679158	-0.10594990	-0.05349321	-0.04818792	-0.15557980	-0.13838936	-0.00347578	0.01123190	-0.03552906	-0.07887478	0.12736931	0.11789916	0.13609035	0.09015583	0.25851002	0.01728295	0.01433716	-0.03732765	0.04221818	-0.03411722	-0.08701332	-0.10054806	-0.14163088	-0.11572878	-0.18627812	0.11035576	-0.14645863	-0.16365114	-0.12047204	-0.02675225	-0.18912071	-0.09643753	0.10975449	-0.01058749	0.01390740	0.08746398	-0.16296807	-0.23600481	-0.11264737	0.34543084	0.12451043	-0.12760026	-0.03655254	-0.15431768	-0.18856481	-0.18156466	0.24403360	-0.16471512	-0.09427567	-0.19619037	0.15810040	-0.25886434	-0.08091240	0.26509372	0.24299386	0.22358676	0.13729071	0.25071957	0.23893011	-0.01399764	0.27216866	0.20768474	0.19861685	0.12912718	0.20350756	0.07653255	0.18759386	0.16249893	0.01702368	0.11851151	-0.01206700	-0.06286965	0.11863280	-0.02684234	0.13429462	0.08764093	-0.02011296	-0.08313887	0.19354633	0.01242858	0.45768039	0.68952785	0.62507563	0.54721280	0.07145781	0.39916643	-0.02370579	0.42852138	0.33723023	0.53304203	0.55614798	0.09759721	0.00725326	0.07175028	0.57391618	0.98900309	0.56978870	0.27993981	0.42050479	0.34282569	0.36643458	0.54738619	0.09148931	0.38338512	0.31972765	0.18001139	-0.03766206	0.05577058	0.17047891	0.37698960	0.58975992	0.57041380	0.18119436	0.35650906	0.17376449	0.30942212	0.37903448	0.20095290	0.33117197	0.34225362	0.29930756	0.23296898	0.21672855	0.38340211	0.20703507	0.46524722	0.36938822	0.31821249	0.36239705	0.42603042	0.44644660	0.52962422	0.39344683	0.25944883	0.42832587	0.28817574	0.15696048	-0.04216022	0.07813999	0.01315717	0.08976518	-0.02346256	0.05435642	0.09419962	0.10095221	0.18515615	0.26051931	0.11374520	0.26924933	0.11175875	0.45718964	0.23668288	-0.01653888	0.04466896	-0.00890656	0.02599797	0.06982309	0.05724022	0.07584102	-0.01394506	0.08201055	0.13419854	-0.02189810	-0.02575525	0.09042551	0.03689262	0.27861668	0.21585065	0.09239075	-0.06271801	0.12711911	0.23329883	-0.00984437	-0.03653135	0.25085516	0.25158351	0.02081992	0.03738928	-0.02353411	0.05937443	0.14373851	0.11469500	0.31510377	0.24744218	0.18093135	0.17353816	0.08803561	0.05148656	0.07941949	0.13579918	0.11137428	0.00114606	0.25972252	0.23754209	0.23505721	0.23752503	0.30059831	0.29919893	0.21231977	0.31465139	0.09818934	0.16554914	0.08217808	0.06002667	0.05404825	0.22514804	0.18179201	0.15217516	0.16543711	0.29745640	0.29166752	0.21963954	0.14770299	0.12270178	0.12742163	0.11100341
17Networks_RH_ContB_PFCld_4	0.42099367	0.35777026	0.36831944	0.51753049	0.15428479	0.06266993	0.35345133	0.15717085	0.28293854	0.19028255	0.26364284	0.24086250	0.20798747	0.35914980	0.45366286	-0.07697279	0.02980841	0.31078239	-0.02018271	0.08316009	0.12032723	0.13069814	0.17623551	0.10624591	0.12126875	0.22261341	0.19746790	0.19075270	0.27359341	0.11524988	0.18587211	0.15063463	0.13970075	0.26219607	0.30752422	0.24135185	-0.04319308	0.32837587	0.39442000	0.21328303	0.09447553	0.25529526	0.07594556	0.21323341	0.15307850	-0.01998238	0.05983079	-0.02084773	0.13638904	0.25139486	0.09248357	0.18143672	-0.05863543	-0.16778606	0.03857548	-0.12902338	0.25095035	0.03708217	0.27564288	0.46857453	0.30225832	0.32895438	0.20684715	-0.00163159	0.17152547	0.14653937	0.10398085	0.06549662	0.12845422	-0.01224348	0.08795964	0.16997633	-0.14566288	0.01407576	-0.07233243	0.12875157	0.11384218	0.10877429	0.08363223	0.04091432	0.27461307	0.33312305	0.20580206	0.01309834	0.18808746	-0.07240113	0.15347436	-0.21075347	-0.13782784	-0.13686184	0.03093664	-0.05032292	0.00146453	0.14046521	0.02994307	-0.11363879	0.09160077	-0.00237184	0.37150552	0.37267021	-0.00493988	0.17892481	-0.04535574	-0.09631309	0.20390666	-0.11666950	0.18032767	0.32102675	-0.04224909	0.30451653	-0.01439879	0.12370115	0.36251586	-0.08920691	-0.13614545	-0.05943127	-0.10942541	0.10182852	0.00725068	0.09206946	-0.05176273	0.16995237	0.01696607	0.28000317	0.18723503	-0.01194133	0.53567757	0.20096644	0.08145049	0.14997877	0.35778711	0.21399779	-0.04941245	0.45054833	0.33598344	0.51683582	0.30519435	0.04171586	0.48739558	0.42619602	0.49793212	0.29937045	0.44065902	0.03905197	0.24281427	0.21605760	-0.02183225	0.14527175	0.50481786	0.39181679	0.21614808	0.49868908	0.52204169	0.39302353	0.39706083	0.19607772	0.24180637	0.10869208	0.45034475	0.20321654	0.47744331	0.22924018	0.36138584	0.30008081	0.50272442	0.22486736	0.22098903	0.20733512	0.26363528	0.25773458	0.29916452	0.38361248	0.33003227	0.48535768	0.43503747	0.46399600	0.33728745	0.58600235	0.50481586	0.47966269	0.41814776	0.43125653	0.32716936	0.28378107	0.38092351	0.28557774	0.27754806	-0.03237438	0.21472046	0.17422250	0.04817959	0.26458616	0.26906060	0.05107729	0.37866323	0.30676319	0.21884101	0.02598447	0.08208768	0.28763240	0.29349797	0.30642668	0.29173611	0.46871095	0.33243394	0.24226144	0.49653515	0.06315010	0.21408279	0.21040123	0.21297549	0.28232327	0.25964701	0.03080295	0.24289752	0.32710450	0.08152231	0.13928031	0.14419322	0.16374615	0.13691011	0.07044885	0.10132432	0.15390531	0.20204225	0.18811125	0.22753154	-0.02453155	0.34485729	0.15082207	0.26711644	0.17975095	0.19292045	0.21568416	0.09180697	0.30795969	0.10525367	0.16974603	0.25441435	0.07586856	0.38315817	0.33004625	0.39026141	0.14689957	0.14655821	0.12445471	0.04098179	0.05492813	0.07397915	-0.06756323	0.08718334	0.03260623	0.01687628	-0.01249888	0.12569728	0.07809538	0.11869510	0.05259050	0.20553500	0.36353744	0.32313861	0.29577051	0.50510239	0.15639212	0.13357273	0.12198019	0.08101157	0.09216895	0.02902092	-0.04604319	-0.02899810	-0.04545891	-0.12467246	0.17374565	-0.11498478	-0.11541508	-0.04419740	0.05018154	-0.03691302	0.11475191	0.34220856	0.16020804	0.09302481	0.18186944	-0.07680495	-0.11548401	-0.18870617	0.22700893	0.10991004	-0.16951652	-0.00990994	-0.14145236	-0.13502353	-0.11554047	0.01121548	-0.10159428	0.04731283	-0.15332155	0.06563840	-0.11957751	-0.00681778	0.39059566	0.36684790	0.03002593	-0.01384132	0.16327832	0.27191684	0.16049312	0.23052579	0.05216597	0.24914499	0.18549638	0.21236188	0.19162215	0.10695209	-0.02627147	0.06543370	0.18039085	0.00803135	-0.06400780	0.21075545	0.02597774	0.10665817	0.03087031	0.08847982	-0.13491762	0.03970925	0.07441874	0.63052412	0.56329851	0.47728247	0.44297162	0.04187757	0.38622280	0.05662716	0.46697316	0.47035680	0.44851543	0.38306288	-0.05215832	-0.10437614	0.19399095	0.50252749	0.56978870	1.03115399	0.36131719	0.30188470	0.18277097	0.50544829	0.39094435	-0.00157892	0.13923031	0.54478251	0.24233172	0.00240887	0.07152276	0.11654885	0.42671910	0.66013456	0.54433956	0.47485904	0.60160787	0.37842527	0.48870708	0.25467038	0.25343451	0.38504130	0.54464683	0.50049934	0.30650494	0.47844198	0.59389661	0.21254695	0.44186281	0.41193212	0.34538562	0.63873281	0.55546195	0.58194157	0.61676846	0.53538779	0.30803444	0.42370619	0.17780520	0.30799644	0.04481285	0.16899953	0.09843356	0.20315600	0.06286313	0.05646974	0.23245576	0.19722890	0.33208479	0.30712234	0.04866883	0.25876281	0.17104791	0.57379818	0.19030729	-0.07011932	0.03945384	0.05825494	0.01489254	0.10546906	0.00304415	0.11134396	0.06941902	0.20042657	0.11277449	0.00528444	-0.01980932	0.13214312	0.09011359	0.23578676	0.25731547	0.01718825	0.03838640	0.13206252	0.27739393	0.14207603	-0.07021733	0.22292422	0.22984882	0.06646000	-0.04354122	-0.02895928	0.11280866	0.16850509	0.10509613	0.27684804	0.25956064	0.50709176	0.30463380	0.23119465	0.23714757	0.04168133	0.33308426	0.29744447	0.11838628	0.50595613	0.46850935	0.50699500	0.44632997	0.59027462	0.61002649	0.45729538	0.51802672	0.24282467	0.24462128	0.21183190	0.09991427	0.14035254	0.35781935	0.34183054	0.16402510	0.30956312	0.52887743	0.53093737	0.47628696	0.43429797	0.39888445	0.35777609	0.34691846
17Networks_RH_ContB_PFClv_1	0.23915436	0.16602912	0.18635648	0.30126262	0.10013227	-0.06211912	0.17656096	-0.07058063	0.14470243	-0.03723333	0.17853411	0.08461092	-0.05757882	0.18484506	0.20747623	0.06787466	-0.04821054	0.19753073	0.03633132	-0.03030325	0.14524579	0.11791920	0.07234753	-0.02867328	0.00924657	0.07979526	0.04891776	0.11863492	0.17546646	0.13531833	0.11976621	0.04474870	-0.00889102	0.11094705	0.15592934	0.02419118	-0.10612299	0.21327426	0.26035323	0.03586865	0.00628545	0.20537899	-0.07560695	0.18137828	0.07588571	-0.01229441	-0.03700365	-0.00233410	0.07664468	-0.06659833	-0.06671908	0.11528347	-0.11936796	-0.10308237	-0.08547606	-0.17931713	-0.03812423	0.02148151	0.10967912	0.22290395	0.07942616	0.20117339	0.04718233	-0.17068827	0.21806573	0.07258501	-0.00400768	0.07710097	-0.07624198	-0.06305740	0.01283059	0.07527092	-0.08646815	-0.08542881	-0.08131214	-0.03375927	0.03131768	0.03108482	0.00018768	-0.00589732	0.17950259	0.08502389	0.12089859	-0.14007256	-0.03072207	-0.03268952	0.03325314	-0.12307737	-0.13696394	-0.11863898	-0.01822391	-0.13918518	0.00409630	0.04295767	-0.09284120	0.00236517	0.13764038	-0.06602604	0.18433518	0.15622891	0.02888585	0.06244258	0.00503057	0.13040289	0.27301996	-0.08534149	0.11281087	0.24838381	0.10709124	0.32019147	0.09807426	0.21093130	0.08742820	-0.11073504	-0.09262377	-0.03387017	-0.14396409	0.00867175	0.11962610	0.08915677	-0.11145276	0.11959716	0.02222723	0.07999835	0.06843384	0.07990699	0.17712744	0.18331393	0.11938933	-0.00908974	0.24874040	0.14192692	-0.04241222	0.27223274	0.26900050	0.21561310	0.19093958	0.02166752	0.24790564	0.36000337	0.18912914	0.10816067	0.11434528	0.02107534	0.04399865	0.07737663	0.02591406	0.09459358	0.35430726	0.30434489	0.19012442	0.15041162	0.40755830	0.35246614	0.26917195	0.16879547	0.21345607	0.07690365	0.14483377	0.24800828	0.36968984	0.32351191	0.27254104	0.23464425	0.23716155	0.20345466	0.23808605	0.21765386	0.18300437	0.27560515	0.23582114	0.28596526	0.17232169	0.16809061	0.26313175	0.20276821	0.08562450	0.21358870	0.21471682	0.12933632	0.02242813	0.09426201	0.35556111	0.42355311	0.30638891	0.20696250	0.17483169	0.08522688	0.20023137	0.30293788	0.25490793	0.14262657	0.08233542	-0.00995506	0.32988037	0.10262586	0.14913339	0.09101523	-0.04862824	0.15039177	0.10739590	0.17566691	0.08528594	0.23863806	0.05916758	-0.00873872	0.12937291	-0.15012340	-0.02539969	-0.08467459	0.12250581	0.08476065	0.07047304	0.02553678	0.20348535	0.17061594	0.10932702	0.17124233	0.12547736	0.01119032	0.17662730	-0.06762738	0.14671376	-0.06063713	-0.02374214	0.03027819	0.10755011	-0.07460393	0.12574271	0.06707075	0.12368677	0.13870011	0.11655559	0.12099651	-0.01445230	0.20633327	0.23807376	0.18634887	0.17892415	0.00816894	0.22720950	0.09166758	0.22354837	0.02944819	0.03505932	0.00839634	-0.04521374	0.09535101	-0.10817690	-0.00871679	0.02127693	-0.01470582	-0.02961011	-0.05442732	0.00183187	-0.09597531	-0.09647452	-0.05503241	0.08973995	0.24045955	0.07892746	-0.01673111	0.38377244	0.06261519	0.00011456	-0.10127315	0.05128000	0.00320455	0.01448475	-0.00285389	0.01642993	-0.02185696	-0.15750778	-0.09806682	-0.14899796	-0.05018136	-0.17070533	0.05983993	-0.00647966	0.12912435	0.22755188	0.08890963	-0.09327266	-0.06289675	-0.10960530	-0.17790529	-0.22620491	0.11566440	0.05558821	-0.13251856	-0.09837020	-0.15312189	-0.16964273	-0.06846066	-0.16652875	-0.14733344	-0.08281033	-0.08472974	-0.00981596	-0.08419153	0.02486759	0.08029783	0.08006680	-0.09426588	-0.00903216	0.01770068	0.06322498	0.09000650	0.04052676	-0.00400161	0.10314370	0.02463704	0.21794309	0.23723435	0.23232700	0.07346226	0.18903738	0.15064294	0.02251829	-0.11536615	0.04947745	0.04143475	0.03238896	0.04613173	-0.05454047	-0.07342898	0.04506665	-0.09019372	0.25814696	0.31193173	0.42454621	0.24567932	-0.08269729	0.22425850	-0.00356581	0.21273129	0.26041336	0.17430861	0.14266361	-0.09149272	-0.05722742	0.04881125	0.11838406	0.27993981	0.36131719	1.03237662	0.19269331	0.05184072	0.27339417	0.14462326	0.05613731	0.04256280	0.32085086	0.16436269	-0.04269723	0.14363100	0.12433255	0.25041299	0.36336008	0.29959311	0.35062999	0.32953721	0.34225523	0.32604125	0.26060409	0.17854526	0.23171479	0.44601025	0.46771645	0.25749959	0.41777209	0.21659057	0.22662492	0.25990257	0.25750536	0.11315547	0.34154496	0.27452678	0.31046703	0.23185284	0.15860159	0.23229307	0.37218123	0.03679197	0.30870346	0.04240598	0.19040020	0.26861640	0.19341484	0.04699051	0.02987784	0.06630618	-0.00417320	0.08879259	0.15357039	0.03145591	0.29367078	0.05301793	0.30072247	-0.00456707	-0.03225275	0.13195461	0.06395678	-0.00191050	-0.00346637	0.14451885	0.18287321	-0.01803839	0.10745711	0.09109669	0.03010950	-0.10372867	0.14130810	0.07304434	0.08028926	0.09022709	-0.06570161	0.15841207	0.02596792	0.24564173	-0.00401476	0.07256047	0.16381137	0.09196479	0.09049482	-0.13609318	-0.13943261	0.03402620	0.09045262	0.18960507	0.00553556	0.10278402	0.22119661	0.13405740	0.10475274	0.05880589	0.00782800	0.12822878	0.19408570	0.06715293	0.27276994	0.20397592	0.23312334	0.21828129	0.28252916	0.19524153	0.13823279	0.22087162	0.11074995	0.07112845	0.01899918	0.06473562	-0.01805308	0.18342003	0.11284580	0.11020630	0.02871638	0.25266521	0.25805191	0.19326792	0.17908656	0.08654866	0.06600960	0.04086321
17Networks_RH_ContB_PFClv_2	0.26024845	0.21082644	0.21076542	0.25011921	-0.09548296	0.09003450	0.15037886	0.22002067	0.21685911	0.12995215	0.14923038	0.14482392	0.24037175	0.27370780	0.34367411	0.04936340	0.05061801	0.11184522	0.01534959	0.13110398	0.11508048	0.08229585	0.10530425	0.02322347	0.12937951	-0.00966910	0.11880882	0.28770667	0.21532959	0.11920402	0.12055271	0.15999016	0.25608480	0.19641631	0.24851211	0.31751010	0.23533555	0.12961243	0.22631433	0.15128473	0.22271586	0.15281487	0.22767688	0.15565841	0.03550054	0.03766561	-0.02341258	-0.16629238	-0.01802840	-0.06165529	0.07502682	0.27796226	0.02280958	-0.12365422	-0.00657788	-0.13670315	0.11319870	0.02951560	0.09350408	0.23006040	0.15310724	0.11064262	0.00452387	0.02594097	0.14287800	0.17229165	0.15540605	0.23280192	0.18268789	0.11855793	0.18358772	0.26370436	-0.06847977	0.06061784	0.00134583	0.15202240	0.18833549	0.17834251	0.09188784	0.06389679	0.21666211	0.18715641	0.18490624	0.06078227	0.17889869	-0.07821815	0.20894176	-0.01125485	-0.14381417	-0.13107554	-0.02542495	-0.06339310	-0.01941350	0.09554651	0.03483405	0.07566117	0.08948289	0.04003479	0.23902021	0.36961491	0.03197569	0.22994635	0.04396058	0.00999196	0.21357686	0.03504186	0.01379949	0.28435624	0.10627910	0.34964347	0.10692904	0.11184889	0.15183704	0.00226030	0.13943232	-0.16212022	-0.12251379	-0.02886878	-0.06509280	0.10972101	0.06750050	0.23583827	0.07265081	0.20909256	0.13747377	0.10988830	0.23622814	0.13369622	0.09819353	0.05280581	0.23419833	0.21977632	-0.02511980	0.13392498	0.11283775	0.36159823	0.21620867	0.13447358	0.07892082	0.30733961	0.32476632	0.27472673	0.23049994	0.17775342	0.13481479	0.12555221	0.10688024	0.08581483	0.25533337	0.22116661	0.05793819	0.19240416	0.11197727	0.18819968	0.15620105	0.16364861	0.12110795	0.15844802	0.13105915	0.12252817	0.18943192	0.16991105	0.15233372	0.20723742	0.27555989	0.19700459	0.04329621	0.04648490	0.17803044	0.21720695	0.11748707	0.29354254	0.08847329	0.19185676	0.11118289	0.08069642	0.18316005	0.16651414	0.05598884	0.22334006	0.10829025	0.28406080	0.21439670	-0.03320079	0.16667413	0.18905618	0.18655592	0.01931025	0.07911702	0.07663776	0.01330499	0.15383909	0.02161074	0.02402279	0.26161764	0.28033515	0.19120369	-0.06013707	0.09554819	0.06924972	0.16095838	0.17490096	0.20324092	0.27262507	0.10986456	0.11217019	0.26863605	0.12537764	0.14964233	0.16335602	0.09923345	0.17058555	0.19503762	0.04653247	0.24967582	0.10214707	-0.00584395	0.16174238	0.06006376	-0.00557687	0.10764321	0.09223291	0.03996370	0.17601064	-0.05603025	0.05835926	0.24774150	0.02466463	0.18033289	0.17500358	0.28948774	0.13701765	0.15460656	0.12449925	0.22321246	0.10768546	0.15324690	0.03853730	0.14663997	0.27360495	0.19373259	0.13834955	-0.04592190	0.14918913	0.11289141	0.08143257	-0.01915258	0.08597855	-0.07255849	-0.10758639	0.05561257	0.06175948	-0.00946287	-0.02639829	0.09519038	0.03154550	0.02504456	0.05210684	0.22844810	0.34816893	0.29445773	0.18766004	0.20150545	0.09129332	0.13335983	0.16324125	0.15245903	0.13772236	0.13526883	0.14047119	0.12905396	0.07068702	0.06931810	0.02536448	-0.00180915	0.14535126	0.08242199	0.14852396	-0.02116753	0.11471105	0.06320928	0.09802024	0.23975911	0.22680296	-0.01956396	-0.10575099	0.01623304	0.29510885	0.27077534	-0.17235654	0.05710803	-0.10765672	-0.10799978	0.00730670	0.11496647	-0.04307634	-0.00280349	-0.04956516	0.17563110	-0.09975440	0.06842724	0.36369722	0.18197288	0.12725865	0.17842806	0.28049646	0.14992371	0.15345298	0.16884078	0.15445962	0.19644485	0.24899951	0.18108671	0.08513958	0.13921245	0.35346722	0.07336281	0.14687249	0.07130244	0.10406370	0.13323865	0.11900170	0.01320773	0.26607534	0.10001609	-0.00528280	0.13206506	0.20696266	0.32638884	0.38992570	0.35829876	0.27936434	-0.02165308	0.23410375	0.02349863	0.27756737	0.31467451	0.42426856	0.29684441	0.00736507	0.04130848	0.09043932	0.29103925	0.42050479	0.30188470	0.19269331	0.96404485	0.37273960	0.31110119	0.34989772	0.05342182	0.23288503	0.22985473	0.11954749	0.05957584	0.21193144	0.15823103	0.33600161	0.31837917	0.31501238	0.18539278	0.25684569	0.21751197	0.24949271	0.23316422	0.24438091	0.20702281	0.23875645	0.15109708	0.20938676	0.17903823	0.33734255	0.13072415	0.41288105	0.18757547	0.29879507	0.25029058	0.23563567	0.31917820	0.33229337	0.28670713	0.34610861	0.32596826	0.22935432	0.05479090	-0.08823685	0.12397524	-0.00807017	0.12789798	0.03916234	0.20545127	0.12497109	0.06771190	0.25333744	0.14138742	0.13935863	0.14406164	0.02846946	0.32650048	0.16104006	0.07120614	0.06174635	-0.05494002	0.02739089	0.09339379	0.00395755	0.10043656	-0.02176131	0.04934534	0.13572277	-0.02367526	0.02323045	0.03217372	-0.08907660	0.24511534	0.13471980	0.14805020	-0.11384293	-0.00478340	0.04135377	0.09144201	0.04640315	0.18110323	0.22285056	0.12990801	0.02250880	0.00972277	0.09814956	0.06576862	0.13127278	0.33449977	0.19521609	0.26762698	0.21316687	0.12711162	0.10285454	0.36845523	0.20403941	0.10458201	0.25077240	0.27247598	0.32553988	0.29836630	0.30108367	0.30494636	0.29956825	0.24540934	0.32520521	0.23779847	0.30954942	0.20573850	0.25810409	0.20367608	0.33949112	0.17450763	0.23594184	0.21279040	0.07860732	0.33770085	0.18097074	0.26136478	0.11165400	0.19928886	0.24917595
17Networks_RH_ContB_PFClv_3	0.08701915	0.10325655	0.12545239	0.10726130	-0.07196334	-0.04121748	-0.01214925	0.02835300	-0.02225777	0.04489893	0.08405081	0.12260233	0.10802750	0.19547642	0.11468761	0.05798798	0.12621839	0.00215596	0.19863191	0.17649762	0.14800567	0.11886672	0.12351411	0.11060482	0.07362148	0.08225592	0.04312930	0.21172446	0.06513713	0.12790667	0.05408410	0.18654998	0.18336721	0.13273404	0.12254940	0.26343765	0.09454113	-0.06658558	0.06816431	0.20091801	-0.00823129	0.01060058	0.14012873	0.09934215	0.07490167	-0.04182653	-0.04789655	-0.13880258	0.00689881	-0.00664159	0.09468550	0.20357701	0.14727297	0.07275747	0.02280778	0.02512995	0.09622474	0.03065700	0.03913280	0.03130125	0.06456792	-0.07348814	-0.04923791	0.01351323	0.02016451	0.04717714	0.19801345	0.20673553	0.11603567	0.06489672	0.33365986	0.21669437	0.17266845	0.02952010	0.06148793	0.14703823	0.12196207	0.11378275	0.05015070	-0.00390536	-0.00097819	0.12426366	0.15603971	0.07868919	0.10740262	-0.10219238	0.03455194	0.22385445	0.09226809	-0.07490660	0.04312309	-0.00343671	0.03350015	0.06333324	0.18685655	0.24148730	0.06421967	0.15609483	0.17036208	0.12420351	0.29166507	0.23552150	0.26477588	0.04296136	0.02070319	0.14684549	0.16753965	0.16600194	0.14899917	0.10872400	0.08567812	0.03543637	-0.06063855	0.03901251	0.15571931	-0.09033398	-0.07363256	-0.06154879	0.12124067	0.05014059	0.02965490	0.04348275	0.27320451	0.25454366	0.13759983	0.20126803	0.19288342	0.18155492	0.31988709	0.13382445	0.07423224	0.18764634	0.09310457	0.05308991	0.11908988	0.31268682	0.25518799	0.18054524	-0.09887086	0.23289112	0.18255784	0.22823057	0.02025175	0.19372346	0.20531539	0.08925147	0.15648588	0.12025520	0.00450228	0.17597701	0.03293407	0.09756256	-0.04311125	-0.04954955	-0.11115113	-0.01813754	0.11063499	0.00421036	-0.12654711	-0.02112743	-0.01955671	0.01910214	-0.03710097	0.03274319	0.23652211	0.14710991	-0.02340954	-0.04547172	0.05431907	-0.07056511	0.04005797	-0.03433063	-0.14820548	-0.00970451	-0.11945461	-0.14072605	0.01130295	0.00742919	0.00281696	0.10866037	0.01635260	0.05379042	-0.04574433	-0.02523481	-0.09068301	-0.07274892	-0.08139723	0.03492860	0.10022932	-0.01166537	-0.05562752	0.14041096	0.01909988	0.11111666	0.11400668	0.04455594	-0.02349117	-0.02792279	-0.05719852	-0.07826950	0.02736673	0.07166634	0.13440625	0.07163791	0.00417359	0.02550217	0.02973209	0.02219148	-0.03580881	0.05208041	0.10639919	0.08197560	0.16992530	0.09364119	0.11940748	0.10733603	0.09715322	0.15746566	0.06369059	0.13881652	0.14740545	0.29826010	0.10846967	0.10900422	0.06195786	0.16085539	0.15307454	0.09649271	0.12089210	0.11327825	0.16580911	0.05787953	0.07034854	0.10198319	0.20366998	0.00086442	0.04636810	-0.07287178	-0.01423762	0.13708329	0.06620690	0.08348651	-0.10444127	0.25615560	0.23328314	0.02178905	0.03345696	-0.01525331	0.14660854	-0.08154318	0.03087614	0.00247393	-0.04526192	0.05017931	0.04542778	0.12694888	0.07136668	0.07460629	0.15888064	0.13903133	0.13083462	0.09994255	-0.02813222	0.04037334	0.13245372	0.03302187	0.17888404	0.10866445	0.15177668	0.16866452	0.11746328	0.09039400	0.07254696	0.06158192	0.12671525	0.19548867	0.05953663	0.08754819	0.05909704	-0.02057149	-0.14555525	0.16479658	0.24537688	0.30776499	0.08038462	0.03364560	0.20806278	0.27179406	0.16341690	0.10344902	0.08493918	0.00666509	-0.00540604	0.05346252	0.25346481	0.04593939	-0.04394426	0.12044954	0.34652675	0.05669565	0.14155451	0.29891110	-0.00580061	0.28365057	0.31020271	0.48946578	0.20723531	0.17672539	0.14920234	0.21510517	0.07765075	0.23109469	0.22800866	0.06704940	0.07985580	0.19615640	0.03542078	-0.11427371	0.09293226	0.00592719	0.13831237	-0.00718111	0.16646060	0.11822896	0.10837585	0.24519479	0.24831248	0.20083770	0.14816615	0.33868833	0.18204190	0.34536138	0.01861881	0.07179324	0.02544109	0.24208231	0.25495017	0.30348365	0.39581902	0.32148252	0.17119588	0.28531268	0.38631480	0.34282569	0.18277097	0.05184072	0.37273960	0.73617115	0.25498355	0.35316527	0.11165799	0.33556164	-0.01289875	0.06914532	0.07166994	0.00517572	0.17509315	0.06095785	0.16599411	0.26935793	-0.09705073	-0.04781429	-0.04219907	-0.05316266	0.22091706	0.20147164	0.05229215	0.10727994	-0.01084151	0.09121748	-0.07263130	0.14406342	0.05891670	0.28635662	0.01582293	0.17948682	0.09960506	0.15308904	0.12711741	0.16194422	0.21832281	0.08410049	0.07284704	0.14406683	-0.03526744	0.02404287	0.04790402	-0.04488481	0.04566619	0.10631480	0.08403003	-0.01672110	0.01255248	0.11359993	-0.08500388	0.14576527	-0.03062903	0.01530649	0.10111361	0.07155366	-0.06714275	-0.04945525	0.01916448	0.07214972	0.05997125	0.01473351	-0.00026934	0.07511223	-0.02619191	0.07310826	-0.08941257	-0.03212991	0.10721078	0.02123448	0.30153349	0.12228075	0.12786004	-0.00712044	0.04264835	0.10363200	0.03081188	-0.00084290	0.09968921	0.16170101	-0.05599341	0.04285242	-0.04702770	0.04787163	0.11401086	0.16175372	0.28069903	0.22534760	0.03053302	0.08161970	0.07178005	-0.11237766	0.16202640	0.07158203	0.08505935	0.01574250	0.11440502	0.11285224	0.11373908	0.14168687	0.04203811	0.05208402	-0.00147743	0.06592243	0.08610853	0.22525480	0.07082199	-0.01086365	0.09082161	0.13023620	0.09406024	0.08933559	0.06213111	0.09884794	0.08622338	-0.00879409	0.02641517	-0.04547784	-0.01491149	-0.00242704
17Networks_RH_ContB_PFClv_4	0.31570869	0.25672890	0.20139126	0.31071944	0.03960349	0.00699538	0.28660029	0.02608362	0.17202685	0.12489471	0.15789653	0.17918865	0.18388756	0.26286820	0.30540228	0.01293850	0.05899122	0.23643888	0.16167133	0.11265158	0.18320180	0.23935277	0.13931559	0.22270738	-0.02301677	0.10059750	0.05549928	0.08440875	0.13504871	0.18021312	0.04900890	0.06837372	0.04582751	0.06300914	0.24428266	0.17284765	-0.00652641	0.10199612	0.16628627	0.07669819	0.01270272	0.16329802	-0.00484038	0.19396972	0.16032235	0.02771045	0.02413565	0.04496498	0.17193236	0.11373740	0.00148917	0.10422634	-0.06431638	-0.07940594	-0.06999856	-0.29026141	0.06041643	-0.04950587	0.07527592	0.29268273	0.15194066	0.14968915	0.05259987	-0.05269074	0.18690996	0.13696989	0.05494484	0.11828932	0.17267801	-0.06412462	0.07243091	0.09681519	-0.12164231	-0.09287946	-0.13815739	-0.05556663	0.00940652	0.06102647	0.00426140	-0.05676309	0.11805206	0.09184988	0.18367946	-0.03462073	0.01424248	-0.07991521	0.04242959	-0.09714521	-0.02530871	0.03833391	0.06910329	-0.03079559	-0.03648641	-0.00393258	0.00764103	0.03533239	0.16748663	-0.00510275	0.30630413	0.22886096	0.16661545	0.32249378	0.12241579	0.07090517	0.23248073	0.03010277	0.30142266	0.39724323	0.07628953	0.21812754	0.00814111	0.16404271	0.26297316	-0.11565705	-0.12841348	-0.08289392	-0.17207884	0.00932350	0.01889182	0.07741458	-0.08243378	0.16050812	0.05838306	0.18870722	0.00815339	0.02173858	0.32797290	0.09748128	0.20061209	0.03045780	0.29154814	0.25703375	-0.00516344	0.28376193	0.22453075	0.37432808	0.17342962	0.03436354	0.18114484	0.31554388	0.49186698	0.45982201	0.20734186	0.27608337	0.39603995	0.25279101	0.14005274	0.22620265	0.41509153	0.33104694	0.22985334	0.24902268	0.35879586	0.30995541	0.24787782	0.29948405	0.29536076	0.04451278	0.26746082	0.19824271	0.39207875	0.33556601	0.28879782	0.24173418	0.48431793	0.24249354	0.07207993	0.11392558	0.18279876	0.08889972	0.15755036	0.19242576	0.12060284	0.19598947	0.19883307	0.15928095	0.22741532	0.23439051	0.15390209	0.26419603	0.13724998	0.17050482	0.11915413	0.19111988	0.12814777	0.08772914	0.08054931	0.03857819	0.21284505	0.22914430	0.15410389	0.18472101	0.27331435	0.06689192	0.30018632	0.19195115	0.14005608	0.03464186	0.08214635	0.06037583	0.16013981	0.20034456	0.23240309	0.31403421	0.15778997	0.07728732	0.33756088	0.01549042	0.12799080	0.05010122	0.19718360	0.18989499	0.23447896	-0.00135073	0.19652958	0.22613966	0.10170067	0.19934780	0.10628208	0.15963541	0.19040411	0.18935153	0.16463114	-0.01013162	0.05501231	0.11424062	0.11375762	-0.04694242	0.15071938	0.02515672	0.17221730	0.08247816	0.08559890	0.06372323	0.01008626	0.07432334	0.07999987	0.15267078	0.19949016	0.05483807	0.15641661	0.10926555	0.07807912	0.16430405	0.15551511	0.09778205	0.05386489	0.04754925	0.09304162	-0.08208913	-0.00311051	0.07226503	0.00207531	0.02245246	-0.04788561	-0.02749386	-0.07585945	-0.14434133	0.07816742	0.22521790	0.15735766	0.09912215	0.28587519	0.05487083	0.11496695	0.04224633	0.16282849	0.04670202	-0.00280057	-0.04793659	-0.03338199	-0.17221278	-0.15279476	0.05043288	-0.20644084	-0.14011185	-0.21348370	0.00097208	-0.10995135	0.01886730	0.11262873	0.14870759	0.05405238	0.13320539	-0.06802728	-0.11171942	-0.20304178	0.17180512	0.22438225	-0.10032590	0.09578218	-0.02628212	-0.07544880	-0.04804994	-0.03442557	-0.00984292	0.02660867	-0.04074688	0.10785909	-0.06634480	-0.02181788	0.25809007	0.10395639	-0.06833174	-0.00453307	0.34900824	0.31977467	0.27916546	0.24026940	0.12598079	0.34426531	0.38697141	0.10216735	0.08378226	0.07800940	0.02690575	0.12442185	0.09155956	0.06419662	-0.07173438	0.04827977	0.04686533	0.06325916	0.09949281	-0.00354834	-0.00907671	-0.04214755	-0.05076810	0.44949553	0.33502321	0.26207208	0.37698852	-0.03071434	0.23016951	0.16431983	0.27042379	0.21978846	0.31014176	0.22960777	-0.04624488	-0.05575047	0.33655941	0.46240460	0.36643458	0.50544829	0.27339417	0.31110119	0.25498355	0.95752658	0.31926259	0.13480958	0.28053461	0.41434728	0.34290725	-0.00893199	0.12927992	0.19027159	0.25856698	0.49308725	0.36562136	0.29027070	0.36520528	0.28843646	0.27803384	0.36512417	0.23528925	0.42745501	0.45611803	0.38285166	0.33836593	0.33425914	0.38416273	0.30842254	0.29938907	0.22395550	0.20444897	0.40726711	0.28330266	0.35655771	0.27155061	0.26295695	0.21669601	0.24848456	0.09638176	0.19981345	0.08600747	0.12214482	0.08711981	0.19585929	0.07739694	0.13827626	0.20921905	0.18519304	0.16078557	0.18950593	0.09124163	0.20066277	0.17935732	0.34922328	0.06393982	-0.04720304	0.04862031	0.03014478	0.00249628	0.05852788	-0.06128750	0.10797836	0.04352505	0.09579408	0.18282462	0.05960909	0.03875867	0.08801413	0.00633361	0.22017603	0.11794714	-0.02648615	0.10486525	0.01193613	0.14897259	0.05805759	-0.05739874	0.13831158	0.15527618	0.05429588	-0.03040964	-0.10613848	0.15297514	0.18060627	0.00320358	0.25712837	0.30679879	0.29194519	0.09533405	0.11855234	-0.03542077	0.00892852	0.14399852	0.12218158	0.02510368	0.33234558	0.32939566	0.33525529	0.39762632	0.32554746	0.36695319	0.30713219	0.31592404	0.12563258	0.15189580	0.07662259	0.03971673	0.05873086	0.27195897	0.05761065	0.10108705	0.13250590	0.33909208	0.33207108	0.32688614	0.22658943	0.20978318	0.16802396	0.20771503
17Networks_RH_ContB_PFCmp_1	0.07310119	0.03805547	0.24104923	0.16080978	-0.17818169	0.15791036	0.06164044	0.08726405	0.17014832	0.10129412	0.01461729	0.04078157	0.02024978	0.05990937	0.13059800	-0.19411807	-0.11219120	0.01594361	-0.08834625	0.00167252	0.00219678	0.01679717	-0.05960563	-0.08821306	-0.00279407	-0.12502517	0.06632616	0.04964981	0.05133335	-0.08556306	0.04299763	0.11534207	-0.03435931	0.10784056	0.08348632	0.08449741	-0.03661464	-0.05031416	-0.00515178	-0.01832141	-0.11895531	-0.03715622	-0.09857784	0.16667828	0.13683458	0.09296303	0.16873819	-0.18426655	0.12682261	0.11398382	0.06739040	0.16898132	-0.02755908	-0.09280757	0.06928469	0.11360573	0.23028706	-0.06851748	0.18720256	0.18276744	0.04255943	0.00052949	0.03704430	-0.03027308	-0.00170687	0.10299645	-0.01510098	0.04781028	0.05134256	-0.00364567	0.01327471	0.01882783	0.03953732	0.09393364	0.02174004	0.10132921	-0.02438203	-0.03446688	-0.16192376	-0.12330628	-0.05420123	0.10074335	0.13024755	-0.04127188	0.22278545	-0.15389276	0.12063041	-0.03701202	0.01263821	0.01746560	0.14015423	-0.06172276	-0.09737367	0.20413237	-0.01337904	-0.08692078	-0.10998434	-0.07934497	0.28324055	0.04858130	0.14803717	0.05719376	0.04996898	0.16104806	0.26029665	-0.00254863	0.09033418	0.31737476	0.08055272	0.13186707	0.04606212	-0.00486747	0.23759220	-0.00713333	-0.06291848	-0.03566712	-0.06646415	0.00421825	0.07908008	0.02125209	0.00699713	0.02212887	0.14528901	0.19769319	0.12704038	0.11481166	0.26250633	0.28159540	0.24732534	0.24426441	0.30148412	0.31400798	0.06629483	0.24197194	0.17350740	0.36829345	0.26635858	0.11916890	-0.06611181	0.51044104	0.40363807	0.22256104	0.31448927	0.18459794	0.14386583	-0.01244437	-0.00813796	0.17757851	0.28344865	0.27639294	0.13199203	0.30330149	0.26931396	0.11497064	0.10953834	0.14551152	0.21137026	-0.08573680	0.08250971	0.14769925	0.15369435	0.03828007	0.09060612	0.19994423	0.36079180	0.35805972	0.01009196	0.11383841	0.19691819	0.12146471	0.21466096	0.26094540	0.04433871	0.17890252	0.09782032	0.05393740	0.08285498	0.17323131	0.10229524	0.15374209	0.08797381	0.17613836	0.05258735	0.06270199	0.18759591	0.06590592	0.06279360	-0.01929284	0.07127850	0.02935653	-0.01815880	0.10231030	0.17720284	0.05956547	0.18797614	0.28980218	0.13187700	0.06498463	-0.07228013	0.11723876	0.06761295	0.14475089	0.09940505	0.24458882	0.22175958	0.14024982	0.25089411	0.09970711	0.20771023	0.10237422	0.08433651	0.08094467	0.11039743	0.11891660	0.01284615	-0.02548975	-0.06636444	0.01458847	0.01295440	-0.03872869	0.01263380	0.09009886	-0.09657542	0.14978869	-0.01427721	-0.03128542	0.00192078	-0.10577036	0.13473678	-0.06221065	0.03452766	-0.08491864	-0.01657832	0.10700266	-0.07652659	-0.06934047	-0.03292902	-0.14987309	-0.06056033	-0.09580074	0.04409163	0.00189383	-0.02024910	-0.01686124	0.03023014	-0.02504827	0.13587180	-0.05411599	-0.03135668	-0.05572223	-0.01384505	0.08044369	-0.17123388	-0.04076293	0.03790112	0.10361982	0.06777646	-0.05400093	0.02502100	0.06960667	0.15734996	0.11254265	0.10356308	0.00746608	-0.03511961	-0.02828941	-0.01973754	-0.06749085	-0.06729750	-0.02457120	-0.22062256	-0.23099222	-0.01408496	0.20203919	0.04566191	-0.05608105	-0.02409577	-0.06772003	-0.27690831	-0.21119836	-0.11726688	-0.10544078	0.09025876	0.06570990	-0.18560919	-0.15134546	-0.01930954	0.39161891	0.04294171	-0.10348377	-0.03322166	-0.04151795	-0.17684930	-0.18143546	0.31438569	-0.18311237	-0.13057926	-0.14581937	0.28481797	-0.25362167	-0.17471805	0.22135040	-0.02795379	0.22786157	0.19127272	0.33391050	0.24366946	-0.01943659	0.17243889	0.28609182	0.29899277	0.19043656	0.16116424	-0.05960024	0.16024104	0.16624133	-0.00986081	0.11744024	0.09660424	-0.02589075	0.05457472	0.04880095	0.17547259	0.07925915	0.00282767	-0.00292975	0.23986843	0.07451525	0.36921715	0.58827600	0.52758036	0.44834453	0.17240815	0.26786155	0.06440522	0.44516019	0.33659925	0.48498609	0.58718524	0.20563310	0.14617830	0.16768607	0.55833941	0.54738619	0.39094435	0.14462326	0.34989772	0.35316527	0.31926259	0.94746797	0.11573116	0.34048756	0.19969229	0.18632874	-0.03612778	0.02599551	0.16353369	0.38959093	0.48734595	0.51468818	0.09798284	0.14968225	0.10346591	0.16828730	0.39151158	0.13916785	0.22938372	0.28014943	0.21016259	0.25445434	0.14806271	0.32257336	0.16622732	0.33953550	0.32589230	0.16652534	0.22825311	0.30492486	0.43338706	0.30474319	0.29274342	0.08030226	0.29700857	0.22126393	0.15359077	0.12151986	0.06477676	0.02681642	0.08197857	-0.07125303	-0.04000074	-0.00985401	0.00823313	0.09728559	0.12228533	0.34161124	0.20951407	0.17426166	0.37896786	0.17189813	0.02461911	0.00413657	0.00290499	-0.03549562	0.09124456	0.14613793	0.10806519	-0.00866466	0.12734913	0.14650489	-0.02215097	0.00431470	0.09835419	-0.01357901	0.29673962	0.16616622	0.14034825	-0.08686928	0.09699508	0.12633063	0.00410791	-0.00244379	0.22704465	0.23151721	0.02678768	0.13413291	-0.23127905	-0.01055299	0.13756922	-0.03029160	0.30628192	0.19554995	0.02054173	0.11329080	-0.01907130	0.04233323	0.13193896	0.03464525	0.04195097	-0.00260259	0.10996150	0.24603552	0.15275247	0.18234833	0.13070536	0.21241929	0.19883546	0.27920243	0.05894215	0.09415569	0.06060393	0.01835032	0.07112567	0.10333588	0.14039951	0.10593814	0.04614316	0.20493603	0.14212665	0.15841435	0.05318988	0.09755226	0.11614391	0.13045838
17Networks_RH_ContC_pCun_1	-0.14336225	-0.03506565	-0.14142144	-0.08587677	-0.10890265	-0.13238626	-0.04395750	-0.11205250	-0.11988218	-0.04354202	-0.06388832	-0.01232391	-0.00404306	-0.03240503	0.00820271	0.07216999	0.04998974	0.03811248	0.18892360	0.15823133	0.14730469	0.20370360	0.06214618	0.05751094	0.05012375	-0.03008405	-0.10208631	-0.00526660	-0.03652408	0.04404509	0.00068042	-0.09083798	-0.06319663	-0.08446096	-0.00551847	-0.05135213	0.02996455	-0.18354437	-0.15833569	-0.12966457	0.03964866	-0.02360291	-0.06586839	-0.03876613	0.05590255	0.08612421	0.05308026	0.09054872	-0.03887131	-0.02087454	-0.00204277	-0.05651744	0.14805391	0.03834827	-0.02992992	-0.02735669	-0.04232861	-0.18213550	-0.09520775	-0.04327145	0.04408171	-0.12966996	-0.16004284	-0.08802963	-0.00620410	-0.05935166	-0.03600090	-0.06344371	-0.05374582	-0.05074705	-0.01392893	-0.08701441	0.03715317	0.03218926	0.00506618	-0.07260252	-0.09466680	-0.00032665	-0.07879246	0.05210907	-0.16760445	-0.20544284	0.09225423	-0.06473463	-0.06709675	-0.06128124	-0.07418181	0.00885064	0.08828035	0.06744539	0.06206548	-0.06534908	-0.06611616	-0.13567672	0.00253593	0.10007067	0.14293796	-0.03552925	-0.00729006	-0.14393391	0.16433882	0.06940680	0.17893807	0.09328711	0.02997689	0.05608727	0.05466255	0.14601526	0.13083829	0.03229945	-0.00672485	0.02792643	-0.09467675	-0.01991110	0.06040922	0.01159608	0.04140524	0.01291745	0.12223198	0.01798983	-0.07501832	-0.10768774	0.09365138	-0.00736425	-0.05350413	0.05876697	-0.03051102	-0.11491766	0.00666385	-0.02519026	-0.02136640	0.06456615	0.12767064	-0.12501776	-0.01712011	-0.02196704	-0.06126407	-0.05607060	-0.09642153	-0.01218975	0.02211065	0.06909005	-0.15149929	0.29896396	0.13324196	0.10763870	0.25444876	0.19665341	0.02717316	0.15032398	0.14414377	-0.03138012	0.02153816	0.06174472	-0.02460344	0.17726897	0.22175891	-0.01705667	-0.08253555	0.13317693	-0.01253798	0.07713712	0.02869312	0.07815334	0.05634013	0.12618532	-0.05200262	-0.00547178	0.07138737	-0.11142063	-0.10142220	-0.11320997	-0.13426437	-0.15833005	-0.15242109	-0.14653686	-0.07523857	-0.07339635	-0.12398559	-0.20100974	-0.14536684	-0.15244300	-0.03748115	0.00492005	-0.13573224	-0.24357806	-0.21850391	0.16434730	0.15728120	0.19887823	0.24928396	0.09191061	0.11331732	0.14414705	-0.03648736	-0.14037235	-0.03856480	-0.08515629	-0.17252043	-0.06861970	-0.14043839	-0.11567620	-0.03799953	-0.16085842	-0.06523989	-0.20963431	-0.12284649	-0.12933835	-0.09216853	-0.19855706	-0.03763495	-0.08671202	0.02807661	0.16659114	0.07065876	0.01578355	0.08675277	0.15669457	0.05436395	0.08390422	0.12104371	0.25614333	0.05372990	-0.00799078	-0.10855952	-0.12967152	-0.05713998	-0.06339269	-0.10720730	-0.10738347	0.02154468	-0.12767389	-0.07834607	-0.08657971	-0.08354762	-0.16138210	0.07682988	0.01242006	-0.05820004	-0.07858336	-0.14267658	-0.15636789	-0.17805060	0.10041138	0.07469252	0.02962587	-0.02093912	-0.08029625	-0.01653672	-0.08760073	-0.09116664	0.02324720	-0.06700441	0.03727299	-0.02836453	0.06302938	-0.09920190	-0.10493922	0.03523444	-0.11121621	-0.11939024	-0.12800553	-0.04698394	-0.02308353	-0.06485455	-0.07056133	0.07429520	-0.08700379	-0.09146004	-0.03156248	-0.04558757	-0.05761356	-0.03180782	-0.04898532	0.00439149	-0.00504328	-0.14290623	-0.00499508	-0.00558054	-0.02030783	-0.11437290	-0.03434578	0.09676425	-0.08005236	-0.06976509	0.01584454	0.00007912	0.09070299	0.08266138	0.09330719	0.05797106	-0.02429475	-0.04109979	-0.10694641	0.09995829	-0.05202795	-0.10521600	0.07969516	0.10576717	0.01117351	0.02168962	-0.13121920	-0.14426555	0.07106536	0.08106228	0.09231996	0.03102699	-0.04254514	0.02935845	0.09333771	0.08110711	0.13543282	0.00554002	-0.00467768	0.03181892	0.10038189	0.11374005	-0.04888227	-0.03784711	0.00535934	-0.00444996	0.01728407	0.11303002	0.08090080	-0.04793240	0.09230568	0.15145907	-0.05918123	0.08726701	0.07642648	0.07644832	0.05773469	0.06022106	-0.10935896	0.06562813	0.11994414	-0.02338650	0.04364363	0.04578863	0.10867051	0.14468682	0.17164891	0.12717565	0.09148931	-0.00157892	0.05613731	0.05342182	0.11165799	0.13480958	0.11573116	0.68517245	0.35560314	0.06838798	0.24775802	0.08858239	0.14382695	0.28189457	0.01585370	0.04695255	0.16524329	-0.04687539	-0.05199960	0.00940403	-0.01687064	0.29850966	0.12166651	0.14454668	0.02386466	0.04610452	0.13018049	-0.01866736	-0.07226194	0.12740433	0.05651185	-0.03568093	0.05394466	-0.04880443	-0.00344331	-0.06707249	-0.02646636	-0.04498597	-0.02617006	-0.05808800	-0.06905077	0.10391526	0.18463016	0.14948005	0.22657907	0.14563058	0.08162345	0.10837202	0.00417829	-0.09304661	-0.14402439	-0.12722776	0.10313481	0.13487862	0.02034682	-0.02001626	-0.06570751	0.02175288	0.17400347	-0.01796003	0.04072198	-0.00704612	0.00857383	0.03940832	-0.02455994	0.04862638	0.04806108	-0.04713501	0.01775908	-0.03432806	-0.02872113	0.02656626	-0.17695610	0.10494459	0.06716729	0.02804473	0.00742594	0.07518147	-0.09666146	0.08000905	-0.04720043	0.03778656	0.03929890	0.02587827	-0.02932011	-0.11268057	-0.16440142	-0.09890820	-0.21325914	-0.05960064	-0.09252179	-0.06382121	-0.10929774	0.15464547	-0.06270187	0.02355549	-0.03691167	-0.04449283	0.02778908	-0.04764743	0.00199591	-0.07844241	-0.03323253	-0.05987867	0.00523012	-0.08224982	-0.06286417	-0.04933308	0.06308630	0.04201506	0.06272305	0.08122935	0.11631572	0.01091387	-0.13610817	-0.09826734	-0.16139196	-0.12224963	-0.15955067	-0.15428863	-0.06263603
17Networks_RH_ContC_pCun_2	0.00092581	0.06307560	-0.07356326	-0.02933042	-0.12058015	-0.07272273	-0.07825132	-0.01400248	-0.06963837	0.02130460	0.05657713	0.13931915	0.10984694	0.04684890	0.09103295	0.05434449	0.09201914	0.06937128	0.25451380	0.23680613	0.22959887	0.24133569	0.16798415	0.18398949	0.05678493	0.06735100	-0.02782996	0.13421429	-0.04363225	0.08766727	-0.02328367	-0.06190282	-0.05156693	-0.04516418	0.03449816	0.00846203	-0.04477488	-0.14444764	-0.09149251	-0.02062079	-0.03755737	0.06073653	-0.01764008	-0.02266282	0.04330051	0.09775213	0.05713562	-0.04059733	-0.00264844	0.00473715	0.01807429	0.02018043	0.10062805	0.07604116	0.03228484	0.05631238	0.03624440	-0.17473393	-0.03298684	0.11617685	0.14847666	-0.10594871	-0.09736662	-0.09749672	0.01353297	-0.01856547	0.04278476	0.07972739	0.08842413	-0.06149217	0.08737159	-0.04538605	0.13683269	0.12517069	0.05429863	-0.02537956	-0.09820369	0.01259178	-0.06138669	0.00404944	-0.10636990	-0.16711527	0.08008222	-0.07154981	0.07660191	-0.15459535	-0.01346071	0.01962306	0.12658090	0.04009574	0.13908507	-0.04506751	-0.02747469	-0.03702022	0.04118631	0.14870590	0.07056809	0.06333510	0.13389437	-0.06381784	0.32917802	0.13082845	0.17092227	0.12653227	0.11329016	0.12193843	0.12547397	0.29825872	0.05848658	0.10282478	-0.05232665	-0.07417194	-0.06816750	-0.14096339	-0.03370086	-0.15315121	-0.10352075	-0.04679639	0.02823469	-0.06686704	-0.08457055	0.05543617	0.21787648	0.18022227	0.02649300	0.18480344	0.10369619	-0.05084390	0.16998845	0.08564738	0.07643283	0.26699186	0.18430849	-0.01131167	-0.03315433	0.19014866	0.09010920	0.06017558	-0.15112603	0.18684487	0.15205414	0.24609826	-0.08927336	0.51785346	0.33854589	0.02868233	0.32970554	0.35564585	0.07222918	0.21226113	0.05762824	0.09604718	0.05168846	-0.03327164	-0.06238496	0.12131339	0.31245311	0.01908446	-0.08165637	0.06320241	0.00954108	-0.02688887	-0.04644727	0.08210326	0.25036598	0.19680951	-0.16751340	-0.09271021	0.03122483	-0.14624972	-0.09311286	-0.07442413	-0.21778189	-0.10374859	-0.19311632	-0.14965672	-0.05602082	-0.03427581	-0.08108148	-0.04934209	-0.12156052	-0.04113943	-0.08666891	-0.09406481	-0.18910607	-0.22642107	-0.22249913	0.01368908	0.09668228	0.00542568	0.07053851	0.11849465	0.17043290	0.19657970	0.01675191	-0.00472011	-0.05653210	-0.09340588	-0.16437421	-0.09700444	-0.03968813	0.07113251	0.12451069	-0.04820058	0.05112937	-0.05985319	-0.02665436	-0.03774819	-0.04746065	-0.04194781	0.07910364	0.05416938	0.20329160	0.25193909	0.15121149	0.14839102	0.17649768	0.25254452	0.04705042	0.11709508	0.21122095	0.47666117	0.15017348	0.07209067	-0.04586920	0.01850888	-0.07985328	-0.06716352	-0.11940565	-0.13882888	0.05603173	-0.07293417	-0.11213911	-0.06335068	-0.06734513	-0.10949844	0.08751820	0.04390568	-0.01621818	-0.00621362	-0.02055279	-0.05613525	-0.10760197	0.12256887	0.12429290	0.09046666	0.06631102	-0.08338119	0.07463022	-0.16418599	0.02788886	0.05422624	-0.20574367	0.05488907	-0.02087299	0.19996857	-0.04605004	-0.07333005	0.21217427	0.02489784	0.03013242	0.01097810	-0.02403057	0.03519315	0.06647043	0.07282022	0.22471142	-0.02101011	-0.02976627	0.02804446	-0.15939130	-0.06646308	0.01307693	0.05367964	0.12139902	0.06542272	-0.07649160	-0.06322048	-0.08183560	-0.09997150	-0.13558137	-0.03298680	0.13601967	0.05259247	-0.05074360	0.00020238	0.11623296	0.33430818	0.06894990	0.09211192	0.04332817	0.02453035	-0.03433609	-0.09203202	0.26122264	0.00176872	-0.04867119	0.15178956	0.29574351	0.05013505	0.03358316	0.06264644	-0.01597085	0.21073523	0.25583806	0.31119071	0.07792247	0.02041215	0.26067778	0.37906146	0.17374944	0.30085821	0.08843133	0.02888700	-0.00240017	0.19328398	-0.06964122	-0.10128008	-0.01045536	-0.09705285	0.02347820	-0.14556038	0.14205379	0.00186938	0.11784260	0.23000339	0.34969623	0.08033835	0.15123155	0.30408411	0.22637312	0.23904651	0.15677444	-0.01138823	0.11404234	0.14782734	0.13272090	0.22143419	0.29831713	0.25430835	0.32761083	0.22830016	0.34264073	0.38338512	0.13923031	0.04256280	0.23288503	0.33556164	0.28053461	0.34048756	0.35560314	0.96875206	0.09437626	0.19321801	0.12308816	0.14908703	0.53690788	0.11483528	0.23067475	0.38328379	-0.09116174	0.03882829	0.00862526	0.06679780	0.49726214	0.26283819	0.17296894	0.09376361	0.07110781	0.20455207	-0.03434483	0.02928259	0.14607149	0.19946175	-0.05759407	0.02297602	0.08318596	0.12118635	0.05594444	0.10169539	0.08852180	0.06263655	0.01768828	0.03439707	0.06162527	0.08746799	0.00789710	-0.01519761	0.03541066	0.02395056	0.08439837	-0.09650113	-0.08308679	-0.02831573	-0.11262687	0.16557357	0.09655150	0.05804035	0.05159254	0.02121562	-0.07696911	0.13622692	-0.04771127	-0.03217810	0.17680746	-0.05862515	0.00780595	0.02110846	-0.00171030	0.09873566	-0.11644125	-0.02201919	0.03360155	-0.02496405	0.23509327	-0.01751462	0.03362865	0.07083676	-0.02808554	0.07753387	0.02654980	-0.13132985	0.12425522	0.12431306	0.04574659	0.07114295	0.02156460	-0.01552649	0.01575874	0.02499381	0.13674164	0.05144690	-0.01359573	0.06164471	0.03951010	-0.05431766	0.14255228	0.00672847	0.05163384	-0.11241251	-0.00052920	0.04828264	-0.01071188	0.05046460	-0.05944544	-0.05939769	-0.14874654	0.06097890	-0.08608007	0.04419603	-0.01334017	0.07778719	-0.02518767	0.09708975	0.07334046	0.12689829	0.01292352	-0.03865033	-0.05628146	-0.14732265	-0.19841237	-0.29797694	-0.21908580	-0.07998280
17Networks_RH_ContC_pCun_3	0.26552422	0.29011348	0.24608694	0.39028001	0.10004425	0.07917128	0.32969467	0.10938004	0.32148863	0.10971907	0.26324430	0.18592837	0.15247314	0.20177746	0.39132453	-0.02424837	-0.12379110	0.35811400	-0.04655070	0.00808529	0.14257088	0.19079851	0.09083056	0.04558645	0.10102909	0.02982425	0.04806908	0.02056002	0.18054457	0.05641081	0.15198069	0.03929158	0.01483026	0.12612303	0.20815610	0.13573535	0.05743836	0.39514099	0.32977042	0.04194741	0.19800737	0.27038546	0.07468338	0.14695131	0.06478116	0.03222693	-0.01509176	0.01983850	0.13446577	0.15371231	-0.08459739	0.02810744	-0.08111169	-0.23388855	-0.07672351	-0.23097517	0.07517995	-0.07142876	0.17445698	0.40827454	0.23384129	0.24311757	0.10135446	-0.01621048	0.22884612	0.10736686	-0.02515143	0.03342457	0.13349870	0.03280038	-0.05455130	0.10602364	-0.29696471	0.02681343	-0.19519022	-0.02540006	0.02701012	0.10376556	0.11066867	0.09227487	0.24742808	0.09133481	0.20898540	-0.03215475	0.09045212	0.00910179	0.20515521	-0.37389709	-0.24132569	-0.08056783	-0.01203010	-0.14355395	-0.03551221	0.03891646	-0.09823663	-0.10401531	0.13913410	-0.01840700	0.34800074	0.25684940	-0.16482146	0.11073394	-0.13272472	0.04325068	0.30170483	-0.03696674	-0.04159922	0.34092179	0.06017184	0.30785332	-0.05124576	0.22463461	0.36511371	-0.06890407	-0.04188601	-0.04176324	-0.13469663	0.14023569	0.01485327	0.03407918	-0.06464953	0.16022338	-0.22696518	0.08073132	0.00784965	-0.12642876	0.32951825	0.00766340	-0.13744513	0.00938906	0.37120692	0.18754231	-0.07313838	0.24432067	0.14587423	0.32084227	0.04727253	-0.08433709	0.41755343	0.30819333	0.43634931	0.21395576	0.35761913	0.17101892	0.31240065	0.35787198	0.04963189	0.22531475	0.61191470	0.35747548	0.33330995	0.38161071	0.55304746	0.52256719	0.56490437	0.41119727	0.25173002	0.20333600	0.65704791	0.40743430	0.53786480	0.31408146	0.50798465	0.39401802	0.32057752	0.17325356	0.23234255	0.27294789	0.21439464	0.42025977	0.18128361	0.40276815	0.45113802	0.45318772	0.45546562	0.39811014	0.29609212	0.45163787	0.26005156	0.26813742	0.28304742	0.33334037	0.37576475	0.25683170	0.45054504	0.30656418	0.22023437	-0.00533086	0.19532426	0.26931351	0.17917240	0.26189297	0.26468721	-0.08458294	0.31166982	0.12422291	0.23469275	-0.10235147	0.09005912	0.33207201	0.19921180	0.16004886	0.18170619	0.35603686	0.32884486	0.12537059	0.39357278	-0.02227540	0.16519587	0.09516298	0.14086043	0.22103654	0.14328676	-0.06656545	0.21170486	0.23419805	0.02631413	0.17073640	0.13016248	0.06830524	0.16182991	0.02212328	0.12680888	0.01532017	-0.06259444	-0.01790799	0.09266869	-0.00493059	0.18720806	0.05067975	0.19164190	0.13041525	0.15960582	0.16234130	0.04573429	0.26861061	0.22626901	0.28482853	0.29586178	0.05916513	0.29314945	0.23310931	0.30744655	0.03109430	-0.01807358	0.13051437	-0.10153194	0.12615127	-0.11094384	-0.08201448	0.02931657	-0.01005212	0.04742468	-0.00524705	-0.00594191	-0.09595093	-0.00885346	-0.05167292	0.13300128	0.24719932	0.21254846	0.19388577	0.57837895	0.11924381	0.03524350	-0.01887047	0.10000589	0.11024538	0.06317619	-0.05844128	0.03116498	-0.03667506	-0.14312767	0.03578836	-0.23479864	-0.12129624	-0.07868302	0.07817435	-0.00010860	0.18445730	0.36822278	0.09614232	0.02332540	-0.01610337	-0.16648992	-0.16337667	-0.39946254	0.10429589	0.11913652	-0.19733200	0.02709512	-0.17190688	-0.26275453	-0.11767498	-0.14501423	-0.08711293	0.10276445	-0.08409877	-0.00310171	-0.08796052	0.00839385	0.14994698	0.21239101	-0.21968079	-0.21503583	-0.06050750	0.06197458	0.08347888	0.13522158	-0.06635992	0.22232394	0.15131268	0.05071291	0.06841405	0.07692290	-0.02045176	0.12307175	0.27989262	0.03053895	-0.01518641	0.04961293	0.11264209	0.03085849	0.10583716	-0.03544811	-0.23226388	-0.07533481	-0.06667062	0.52573419	0.28266764	0.34220907	0.21039391	-0.07611849	0.23328650	0.07756722	0.35013633	0.21337565	0.23693693	0.07942542	-0.31672576	-0.18182628	0.08769072	0.23405022	0.31972765	0.54478251	0.32085086	0.22985473	-0.01289875	0.41434728	0.19969229	0.06838798	0.09437626	1.01364593	0.35897128	0.16115533	0.22828866	0.09317852	0.47299338	0.56534335	0.36832200	0.51602025	0.58034173	0.55031134	0.64008386	0.25685597	0.18264430	0.45021480	0.47470650	0.49790248	0.25921892	0.53038389	0.39368483	0.16505782	0.26701837	0.38689647	0.20446153	0.50604732	0.27572824	0.42879939	0.30295880	0.19513560	0.32554733	0.32585880	0.01710177	0.32368435	0.04776454	0.20599809	0.17992600	0.14022911	0.04057816	0.08398502	0.20326136	0.04950888	0.14656059	0.29281237	-0.04192072	0.28928178	0.09289838	0.43084168	0.01069777	0.15456830	0.12278233	0.10968998	0.00935568	0.09120866	0.06191999	0.21309635	-0.05744619	0.12445875	-0.06480332	0.12570665	0.05618765	0.02868995	0.02774706	0.00592109	0.06964545	0.10952356	0.09520184	0.08133709	0.23691464	0.13151941	-0.06496546	0.17091911	0.19263523	0.04181657	-0.18251732	-0.05396046	0.08929641	0.00788136	0.00086948	0.07266029	0.07472369	0.41580636	0.28863858	0.14588905	0.21889335	0.08071785	0.28578944	0.31999164	0.20555170	0.41046754	0.40050546	0.40290222	0.32780997	0.41958278	0.45858276	0.32840735	0.42734247	0.12644966	0.19739190	0.12485207	0.27033823	0.13481537	0.31540607	0.20142519	0.16270022	0.21165225	0.22318428	0.36357160	0.29257297	0.27466294	0.22078914	0.21079906	0.23565043
17Networks_RH_ContC_pCun_4	0.04625439	0.06494719	0.08003129	0.11705841	-0.01658880	-0.04735566	0.10651984	-0.03890179	0.07428310	0.03765381	0.00547241	0.05543932	0.01735874	0.07405784	0.13336331	-0.03785355	-0.05797201	0.13967525	0.03252960	0.03712021	0.07909239	0.17952806	0.03697552	-0.00330812	-0.03947455	-0.01152316	0.01812012	0.01164173	0.07480307	0.05878833	0.02657871	0.00439812	-0.01103369	0.01419574	0.06880926	0.07287305	0.01573915	0.11376927	0.06449142	-0.02889619	0.09273453	0.05827397	0.04226605	0.05702005	0.05111850	0.05140426	-0.07387895	0.01364988	0.13635424	0.11157470	-0.10265686	-0.03227447	-0.00645292	-0.10846304	-0.07981920	-0.12197557	-0.00407417	-0.05344008	0.05447124	0.12097264	0.08320643	0.03831416	-0.04805903	-0.02730646	0.10609658	0.06028919	0.00261036	0.04449954	0.12832155	-0.02896273	0.02973035	0.02519707	-0.11529609	0.05177623	-0.03010483	-0.04966528	-0.01284050	-0.00806900	-0.00127221	-0.00843447	0.05467977	-0.02505519	0.21754689	-0.03594102	-0.02834285	-0.05383492	0.10591304	-0.07094299	-0.10554203	-0.08084479	0.01814812	-0.17468210	-0.13763526	-0.04202168	-0.01011122	0.03796264	0.14066059	-0.07886754	0.18608331	0.04948891	0.08537090	0.14705944	0.19335242	0.03835627	0.14333892	-0.01941018	0.01149832	0.21492899	0.13626352	0.13469487	0.02383717	0.08519647	0.07504006	-0.08834740	-0.05734729	-0.00908405	-0.10692382	-0.02205076	0.10678679	0.08072602	-0.04001438	0.07169788	0.05095747	0.06220976	0.02448946	-0.00020470	0.19903355	-0.01237044	0.06442462	0.00414904	0.16254066	0.13510597	0.03415957	0.00090783	0.06952257	0.14925303	0.04783911	-0.02947205	0.10830268	0.16446238	0.23703782	0.19527843	0.04766847	0.21110063	0.27475989	0.31640092	0.12767212	0.18156574	0.32137947	0.32785334	0.30567054	0.09951018	0.27867327	0.32495456	0.25274906	0.31876284	0.27539966	0.01243211	0.26326300	0.38068775	0.24227327	0.25161410	0.27363028	0.25262741	0.22970082	0.22361897	0.06313544	0.10535131	0.07771506	0.12206887	0.08278675	0.07709388	0.12381878	0.07559052	0.11810426	0.01748667	0.06599484	0.08753522	-0.02276011	0.00883055	0.01065042	0.00884032	0.09334939	0.13402467	0.10466547	0.01344527	-0.05790705	0.18305348	0.26038325	0.33425591	0.29557606	0.19328306	0.21234554	0.03887870	0.11454654	-0.00381078	0.09231602	0.00521986	-0.01024583	0.13205478	0.02821942	-0.01485539	-0.01296662	0.07577400	0.05721086	-0.07614057	0.12126621	-0.15495727	-0.00839782	-0.07981752	0.06628584	0.02322073	0.01031469	0.03684449	0.07134679	0.11148542	0.03234679	0.10492477	0.03699071	0.00575870	0.07741016	0.09920424	0.05342990	-0.06941295	-0.02830314	-0.05775537	-0.01691471	-0.05342753	0.07473192	-0.03080403	0.01551570	-0.05021156	0.00310571	0.00179835	-0.04445311	0.02923765	0.12184212	0.08302089	0.09471051	-0.02310182	0.04345475	-0.02418299	0.03274548	0.05697537	0.02405835	-0.03733922	-0.12007527	-0.02074547	0.01503988	-0.17648176	0.00156176	-0.02472189	-0.07031361	0.00164536	-0.07588328	-0.06161457	-0.06838684	-0.06646952	0.03005599	-0.00708577	-0.00080455	0.00395952	0.24236086	-0.01352726	0.01523769	-0.03948655	0.11171236	0.05909862	0.06884303	-0.07749411	-0.00192482	-0.07265644	-0.13598000	-0.02792858	-0.15348407	-0.08073647	-0.16453724	-0.03603970	0.00795011	0.05008433	0.10892204	0.07407525	0.05716716	0.03100945	-0.10512571	-0.11281435	-0.18884411	0.03138270	0.08017924	-0.13308031	-0.00084739	-0.16335220	-0.21123742	-0.18255022	-0.04996476	-0.14103888	0.00999467	0.02357300	0.01322302	-0.06550181	-0.03946922	-0.02729123	-0.03817006	-0.01955507	-0.14227257	0.13457587	0.11407673	0.10102238	0.06887749	0.00520172	0.18563511	0.12829097	-0.02559465	-0.04959126	0.06373012	0.00104787	0.13795160	0.10748693	0.00036718	0.01805007	0.03038676	0.05247917	0.02366637	0.13474983	-0.01206281	0.01040950	0.02992093	-0.06074050	0.35597176	0.13205762	0.12882331	0.13953006	-0.10478809	0.05850812	0.05523361	0.19647567	0.03489789	0.16326372	0.09800006	-0.01966309	-0.02733630	0.28561833	0.21213664	0.18001139	0.24233172	0.16436269	0.11954749	0.06914532	0.34290725	0.18632874	0.24775802	0.19321801	0.35897128	0.71059316	0.19892664	0.19739802	0.21049554	0.25894939	0.29194871	0.23002022	0.22862643	0.24085149	0.30732454	0.25551943	0.31780272	0.17104668	0.32723643	0.32479723	0.29554043	0.22690379	0.29409526	0.10534515	0.21895011	0.12636121	0.16950291	0.12854216	0.19739241	0.10406130	0.16008090	0.07596751	0.04940579	0.06843341	0.08198027	-0.08974896	0.26637558	0.17115439	0.19204798	0.26173539	0.10396253	0.10777812	0.06299794	0.15249002	0.00876230	0.00960271	0.10728758	0.10730822	0.25071025	0.11275225	0.20921251	0.04190360	0.07697880	0.14205640	0.05974598	0.01694084	0.06898728	0.02990266	0.11545753	-0.03465945	0.07400912	0.03405581	-0.06187681	0.01601177	0.00439746	-0.05703341	0.00262752	-0.02445554	0.14278388	0.12079788	0.02928921	0.11935836	0.04704284	-0.06451345	0.08213043	0.02776661	-0.00287244	-0.06149067	-0.07704034	-0.00497930	-0.03841928	-0.08682245	0.01415962	0.02810293	0.18878197	0.05896274	0.00274104	-0.04111836	0.10361899	0.04965482	0.06414527	0.08934397	0.14997108	0.25543329	0.16769734	0.21833462	0.12513785	0.16065666	0.13164693	0.20645035	0.01197790	0.02630713	-0.00778381	0.09723614	0.08399902	0.12559128	0.02119327	0.12950169	0.09427111	0.01386433	0.08611582	0.00573825	0.04674915	0.01358611	-0.02291987	0.04511252
17Networks_RH_ContC_pCun_5	0.06211497	0.13864580	0.08284567	0.17061207	0.09916974	-0.05583181	0.14650027	0.11857716	0.03746462	0.05663584	0.08103057	0.05135694	0.07846814	0.19137376	0.18975775	0.16145836	0.06961301	0.11693655	0.09447332	0.09522954	0.11376494	0.07818876	0.06652458	0.03441178	0.16321100	0.04172917	0.03817554	0.04677855	0.16460919	0.26549877	0.13818258	0.05691950	0.14401530	0.02127949	0.06631604	0.29356006	0.23018425	0.22879722	0.19318839	0.10494633	0.23483506	0.14723659	0.28859428	-0.04552677	0.01459850	0.04307403	-0.12101937	-0.04311178	-0.05733740	-0.07501560	0.06687733	0.02630073	0.14585993	0.11238171	-0.04779310	0.02659442	-0.03597933	0.09309984	-0.01782443	0.08752403	0.08518378	0.06528280	0.02104508	0.12683209	0.08008365	0.11203754	0.30188975	0.29915790	0.28068632	0.22060359	0.32237286	0.30450817	0.04257352	0.20096773	0.21560971	0.19612252	0.17197367	0.20555304	0.14159657	0.28690858	0.15878426	0.08414637	0.37813658	0.18566945	0.11929242	0.09371539	0.03512334	0.04917417	-0.02444998	-0.02716197	0.00628129	-0.00913377	0.05834079	0.04638215	0.10181868	0.31857081	0.20146195	0.21180123	0.13237099	0.11829555	0.05149539	0.12515166	0.23509579	-0.03969790	-0.11687111	0.05701133	-0.14837856	-0.03379738	0.04246503	0.04318757	-0.03573116	0.00243695	-0.11637645	0.07242562	0.06899379	-0.00351884	0.04905320	0.09489168	0.09058024	-0.07620951	0.28879071	0.16741221	0.10765339	0.20152623	0.18536597	0.20748669	0.15419492	-0.04104882	-0.01307691	0.12191773	0.03756544	-0.02755432	0.13192761	-0.09023043	0.07038943	0.09823569	0.09110209	0.18712772	-0.01239765	0.00025679	-0.03720640	-0.00119580	-0.09876945	0.04953144	0.20527460	0.33091403	0.11529690	-0.00938203	-0.01060508	0.21680681	0.06020146	-0.00964755	-0.03805568	0.07705340	0.05332971	-0.00346620	0.03145404	0.00815086	0.09658799	0.13098691	-0.04481732	-0.09714177	0.04551531	-0.05422071	-0.00811156	-0.14429922	-0.02716253	0.04396685	0.02033025	0.03786482	-0.02595135	-0.12533075	0.05834195	-0.01091449	-0.04883597	-0.06163906	-0.05470947	0.02499762	-0.12514740	-0.00244869	-0.02687610	0.00568969	-0.05553950	-0.10536551	-0.05668425	-0.09097042	-0.09432602	0.27553253	0.12343402	0.06516983	0.08985248	0.09519239	0.00631326	-0.03518975	-0.05304050	-0.15287799	-0.04319015	-0.12032685	0.05935604	0.02437413	0.06593617	-0.03351243	-0.02229319	-0.07436719	0.08602237	-0.02647147	-0.00790093	-0.03555694	-0.07042415	0.04386338	0.00566281	0.03329939	-0.04548409	-0.04994055	0.21916073	0.14304811	0.04879496	0.15680285	0.03610787	0.03755994	0.11899471	0.09054576	0.05843975	0.11583671	0.08143009	0.16304781	0.08534304	0.15313213	0.05809670	0.11720877	0.15455203	0.14017839	0.07625605	0.08051118	0.33120184	0.12934495	0.27196050	0.14176742	0.11623246	0.17237995	0.21310110	0.18021803	0.04422553	0.17095411	0.06050055	0.00372908	-0.10329367	-0.03516015	0.13835442	-0.14113547	0.15982053	-0.01534287	0.10076756	0.24578007	0.07297341	0.17654362	0.18317190	0.26642197	0.14346783	0.05776221	0.07150541	0.17246503	0.08315663	0.00972890	0.10748716	0.09524867	0.37896039	0.30300716	0.41464722	0.38816548	0.36450572	0.38694156	0.28601039	-0.06410156	0.18160133	0.41326807	0.24695207	0.12587066	0.41042802	0.26755388	0.06385527	0.38385850	0.48940450	0.33212914	0.15981515	0.16576453	0.15885172	0.08007793	-0.06519772	-0.02157570	0.00094540	-0.12165350	-0.07734538	0.06103280	0.09619741	0.12403345	0.07351744	0.37908454	0.26223133	0.38752174	0.24243278	0.12715306	-0.08607360	0.12140678	0.05562139	0.14110399	-0.08267831	0.21967706	-0.13027278	-0.09767589	-0.14549306	0.02164366	0.02896850	0.01827483	0.01911766	0.10573956	0.05643913	0.06814343	0.11099400	0.09395854	0.15449349	0.05777752	0.03372796	0.09650051	0.33594540	0.29972237	0.20674864	0.27130843	0.07723083	0.01907747	-0.07341293	0.06358411	0.00767889	-0.11674493	0.04129692	0.01949320	0.07228241	0.09685530	0.04030855	0.19081959	0.18248042	0.31153950	-0.00870473	-0.03766206	0.00240887	-0.04269723	0.05957584	0.07166994	-0.00893199	-0.03612778	0.08858239	0.12308816	0.16115533	0.19892664	0.85472090	0.00176146	0.14390475	0.04521808	-0.01512597	0.13410897	0.00118473	0.00598516	0.08195726	0.05518487	0.02255332	-0.00861052	-0.05492315	-0.02368246	0.04530723	-0.13536093	0.03434595	0.00683026	-0.08735127	-0.02394111	-0.11518637	0.01216395	0.07538874	-0.08155043	-0.03890423	-0.08690554	-0.03476762	-0.08788839	-0.14907040	-0.13203179	0.08635248	0.16755879	0.08146801	0.11313014	0.06772608	0.17828382	0.06363754	-0.10893551	-0.07231498	-0.02687662	-0.19764766	-0.02514354	-0.12117664	-0.06607040	-0.07036209	-0.08281349	0.07086032	0.08712488	0.04914953	-0.05590854	0.09880682	-0.01501868	-0.08109865	-0.04520623	-0.07543075	-0.20241089	-0.13735357	0.00418062	0.01713273	0.00256142	-0.10984856	-0.07645027	0.11169219	0.06813373	-0.00431525	0.06163521	-0.01343944	-0.06553341	0.01965542	-0.00950838	-0.11382290	-0.06439347	0.02423696	0.01433744	-0.08691307	0.02049655	0.01849343	-0.01433887	0.22124801	0.18938066	0.07407202	0.06133771	0.22725255	0.16521598	0.20628715	0.27647599	0.17607543	0.25583895	0.19857553	0.16978243	0.06935457	0.05391395	-0.00469151	0.16127439	0.15164420	0.16211545	0.10273704	0.12384389	0.21545364	0.18055771	0.08908443	0.19212938	0.17033206	-0.00562811	0.08033116	0.01061378	0.08342792	-0.03673352	-0.01651030	0.07129289
17Networks_RH_ContC_Cingp_1	0.04416362	-0.02768003	-0.04750628	-0.04484235	-0.07578084	0.08032247	-0.00460249	0.11110430	0.15979169	0.02897173	-0.02567882	0.10251302	0.12553568	0.02657417	0.03308276	0.03972536	-0.04444666	0.03937598	-0.00642497	0.07749230	0.02545644	0.14074551	-0.01383433	0.00158737	0.11842436	-0.00835942	0.05124038	0.10213706	0.18656534	0.04468500	0.07340065	0.01422541	0.10339977	0.04379468	0.09354408	0.01115371	-0.00255763	0.05101138	0.10844715	-0.03540130	0.14978901	0.09140737	0.04997365	-0.00549192	0.00703421	0.02794832	0.03112603	0.07063879	0.03507242	0.02156861	-0.00550975	0.14296861	0.06750419	-0.14961815	-0.02269353	-0.08662283	-0.15659402	0.10618147	-0.01219329	0.18953564	0.11756666	0.10751761	0.00021891	0.02274053	0.09743598	0.10874831	-0.01372418	-0.01937604	0.06147612	-0.05339339	-0.11996827	-0.01757259	-0.11001602	0.01572953	-0.05514390	-0.07119062	0.00253955	0.00346335	-0.00029225	-0.05621226	0.02619829	-0.11234898	-0.03548642	-0.18032924	-0.05785149	-0.03005756	0.12484773	-0.02705028	-0.09247839	-0.02361834	0.04263027	-0.02561626	-0.09794168	-0.11431908	-0.01958134	-0.14171190	0.09911002	-0.02540931	0.08430275	0.14100336	-0.12752719	0.00137778	-0.04870134	0.17848745	0.24547155	0.00475920	-0.11041587	0.26428020	0.05695632	0.22365136	0.11610377	0.16956748	0.02540140	-0.07914409	-0.01843399	-0.08316981	-0.07922760	0.02558967	-0.03250951	0.06024302	-0.06885030	0.11433290	-0.08337483	-0.04506864	-0.00982773	-0.12412188	0.02883076	-0.17735314	-0.16098244	-0.09560067	-0.01365912	0.00638019	0.07174261	0.03728318	0.00406167	0.01657709	-0.04538997	-0.13224047	0.22968686	0.00006569	0.05573861	0.04935417	0.06063710	0.18705491	0.08285004	0.03945446	0.16354313	0.13470165	0.26159083	0.09892327	0.19042197	0.10452420	0.21299464	0.27853868	0.25095197	0.25905959	0.19642795	0.15252768	0.18603018	0.27506048	0.23273745	0.22877289	0.18217321	0.23665618	0.05034090	0.27131641	0.10000188	0.08432609	0.11246571	0.13203643	-0.01312886	0.11217325	0.23635798	0.06632246	0.13808528	0.02749810	0.05089567	0.17316199	0.14143611	0.00665748	0.09620221	0.01989232	0.24493987	0.05905952	0.12900998	0.08598838	0.02946558	0.06520020	0.11784632	0.24700101	0.19818703	0.03884406	0.11694393	0.03981035	0.05028572	0.06939164	0.08755465	-0.10718147	0.05709928	0.08713969	0.06395983	0.01334421	0.04396220	0.10542996	0.01016672	-0.01889293	0.10457857	-0.00581014	0.05551859	0.04155594	0.00957946	0.06041478	0.05766226	0.01491076	0.11939396	0.10853936	-0.00793244	0.12151085	0.09156388	-0.02465197	0.01876642	0.04086027	0.04821085	0.02314162	-0.10740803	-0.12906912	0.09824800	0.02939247	0.08960186	0.13437732	0.18313090	0.05263845	0.13922773	0.08065478	-0.02503735	0.02151631	0.11335691	0.11955867	0.06940318	0.11957505	0.12426120	-0.01247130	0.01939247	-0.10014409	-0.06470855	-0.05778562	-0.20931637	0.06734397	-0.16778789	-0.10286838	-0.00461987	0.04364524	0.00324695	-0.01773863	-0.04281057	-0.09065151	-0.07335848	-0.03387338	0.13634547	0.07452543	0.01720378	0.04012349	0.20557843	0.02769344	0.05730899	0.11569484	0.04274306	-0.03476832	-0.03938472	-0.11436047	-0.09349053	-0.12207621	-0.09362181	-0.08795727	-0.13134315	-0.03640301	-0.07821533	0.03201308	-0.11964580	0.03739804	0.06565720	-0.08389428	-0.08596852	-0.11563708	-0.05809158	-0.07778692	-0.12521777	-0.01664072	0.07465535	-0.03567495	0.00455094	-0.12456800	-0.02364482	-0.06697973	-0.12263917	-0.06469316	0.02054308	-0.08173273	-0.13564658	-0.13585274	0.07368561	0.00145066	0.14499499	-0.10468914	-0.11178751	-0.08092244	0.00603590	0.00699292	0.29548192	0.13408164	0.25639068	0.20686521	0.02800918	0.05936440	0.07566851	0.09574593	0.09940839	0.05920670	-0.17436552	0.02486591	0.03413282	-0.00515210	-0.13732549	0.09803885	-0.05350977	-0.02523488	-0.02771264	-0.08024262	0.16845612	-0.07198485	0.02969973	-0.03873048	-0.05826684	0.06282985	0.05725040	0.02723028	0.04503240	0.00786131	-0.09406920	-0.16414425	-0.05945638	0.00646014	-0.01599368	0.05577058	0.07152276	0.14363100	0.21193144	0.00517572	0.12927992	0.02599551	0.14382695	0.14908703	0.22828866	0.19739802	0.00176146	0.89447172	0.28329280	0.22570711	0.14375772	0.03260991	0.28412120	0.23722130	0.39001058	0.24297322	0.23658317	0.17773775	0.18468430	0.23855300	0.16407753	0.19885292	0.23045358	-0.00672106	0.14583507	0.10200897	0.11116013	0.13469469	0.11675853	0.12566678	0.09506024	0.20757211	0.03532922	0.27045617	0.19579879	0.00893461	0.13364075	-0.09717231	0.05144344	0.15232254	0.06878844	0.04778797	0.04020065	0.19547412	0.01214604	0.06570062	0.16619132	0.10050304	0.22721407	0.03564333	0.16890106	0.00098363	-0.03380908	0.22618618	-0.02674118	-0.03675451	0.05081851	0.00556029	0.14280209	0.02187110	0.09164298	0.09121311	0.04529853	0.03676335	-0.00582519	-0.09190871	0.02177452	0.01305153	-0.04189738	0.11069433	-0.17493925	-0.03957003	0.20701779	0.09172895	0.14610766	0.03614962	0.28101571	0.01083118	-0.03757482	0.07388084	-0.01855876	-0.01381763	0.02848262	0.00378846	0.17830102	0.08745733	0.14531106	0.10407940	0.14125162	0.15057195	0.09772788	0.13674010	0.07963967	0.15407261	0.08136738	0.08191352	0.04861580	0.11501509	0.12019178	0.15229054	0.13052010	0.11319504	0.14580722	0.12671669	0.09434316	0.18873197	0.04076689	0.17038269	0.00971541	-0.00277798	0.08012450	-0.01492653	0.02587778	-0.01525207	-0.01690649	0.11644809
17Networks_RH_ContC_Cingp_2	0.07973324	0.08686762	-0.08851117	0.01813066	-0.00461062	-0.04720854	0.00676256	-0.03256231	-0.03825400	-0.08052590	-0.01414594	0.11159918	0.10546369	0.11835567	0.06760288	0.04352482	0.15786837	0.13255580	0.24180102	0.25621057	0.19157712	0.23703497	0.10100160	0.13870822	0.10550740	0.08243230	0.01229118	0.23500857	0.12844204	0.16815239	0.12955216	0.08402017	0.07230929	0.12625916	0.22490446	0.06828342	0.04193373	0.02246859	0.09176439	0.09396071	0.09983473	0.15995851	0.10230925	-0.04388788	0.02424684	0.04761204	-0.03733061	0.03072788	0.01733951	-0.05973355	0.04798527	0.09424092	0.17148898	0.01314684	-0.09577837	-0.06750899	-0.05818830	0.11704882	0.01786619	0.25990565	0.23008268	0.05234943	-0.00701241	-0.03127186	0.12660763	0.04204439	0.14126517	0.09420324	0.17680384	0.04835658	0.11100329	0.07905381	0.10811076	0.19144751	0.14484638	0.07920988	0.08669422	0.13446577	0.05770056	0.11307052	-0.01863188	-0.13953495	0.11741752	0.04524189	0.04220832	-0.07971061	0.00531338	0.01538145	0.11378885	-0.10485842	0.09762884	-0.06524358	-0.03424703	-0.08709343	0.19901169	0.17395268	0.16652307	0.12209173	0.09342133	0.05928023	0.28338406	0.16364012	0.15757909	0.05935833	0.17419346	0.07655273	0.17467780	0.32763267	0.12133549	0.28559908	0.06969659	0.06551304	-0.21110534	-0.14791331	-0.00461064	-0.09040704	-0.20307005	-0.11441944	0.07975230	0.04918880	-0.03256980	0.21010146	0.24759057	0.26402011	0.13368374	0.22217694	0.08879954	-0.04720608	0.04446009	0.08189641	-0.03956577	0.08257279	0.25307923	0.03864585	0.11728014	0.18468678	0.22480079	0.12030305	-0.00385885	0.08679111	-0.01072715	0.18850720	-0.08510241	0.37341936	0.32888140	0.04883406	0.40268825	0.43113112	0.06238789	0.18889101	0.20254003	0.06964257	0.11936519	0.09763318	-0.03027637	0.31582179	0.47491468	0.24420185	-0.05511264	0.23138365	0.11714484	0.16794245	0.05838574	0.09762094	0.21151708	0.27443987	0.02373366	-0.08882117	-0.07412542	-0.12961652	0.00654364	0.04629835	-0.00465239	-0.06582400	-0.06561857	-0.16403129	-0.06510353	0.03559958	0.02268716	0.01095089	-0.13122276	-0.06047069	0.12298836	0.05035292	-0.13824486	-0.08205010	-0.10385799	0.14199242	0.24949393	0.23049862	0.18992878	0.14977839	0.02576493	0.02130721	0.15479952	0.01430089	0.09357293	0.03342029	-0.01837542	-0.00685120	0.02024322	0.07954464	0.00169787	-0.01276772	-0.09902752	-0.02920037	-0.05435670	-0.08844865	-0.04309122	-0.03947560	0.05897668	-0.05536034	0.09723580	0.21847892	0.20059679	0.27445541	0.18263450	0.25871201	0.09505878	0.12944532	0.15091056	0.37936537	0.08395744	0.07674871	-0.04862910	-0.00802095	0.13329990	0.02921114	0.07372208	0.06664328	0.19259910	0.08495405	0.08852085	0.09897001	0.03799524	-0.05409486	0.19835978	0.11607435	0.04322579	0.06592919	0.08093755	0.00364989	0.06532736	0.18686661	0.15991278	0.02908366	-0.09835439	0.02823978	0.11596911	-0.03481343	0.10911810	0.05336031	-0.12168250	0.08815955	0.06664929	0.19623436	0.03748071	0.03676233	0.34938854	0.18062627	0.01474863	0.09149703	0.06480241	0.00915287	0.08825946	0.20831438	0.22766160	0.02526084	0.07233380	0.10908202	-0.03077553	0.04300856	0.01797481	-0.07868430	0.16388451	0.20914259	-0.01429299	0.09361663	0.02465895	0.08097509	0.03079859	0.00823638	0.10148067	0.00287491	-0.05464881	-0.01421270	0.11275147	0.23510125	0.05794082	0.09495465	-0.00399111	-0.06816431	-0.01015834	-0.08572751	0.08643145	0.02283520	0.06609517	0.26492945	0.13303596	0.15248690	0.17783915	0.04537653	-0.00272841	0.07785821	0.16689460	0.14956884	-0.00467299	0.10938712	0.20075674	0.26351726	0.23190465	0.27592211	0.12427028	0.24885595	0.00761447	0.12781794	0.13031982	-0.18007759	-0.09328599	-0.13357077	0.19721578	-0.13859723	0.10701065	-0.04855410	0.17463892	0.31312685	0.27576286	0.11812412	0.12314664	0.14471034	0.06693463	0.09705836	0.08727893	-0.06109732	0.22122353	0.08294791	0.18757852	0.09606934	0.13182298	0.14872842	0.23678382	0.23521460	0.12014150	0.17047891	0.11654885	0.12433255	0.15823103	0.17509315	0.19027159	0.16353369	0.28189457	0.53690788	0.09317852	0.21049554	0.14390475	0.28329280	1.07301570	0.10095297	0.15921116	0.31336772	0.09274592	0.09871875	0.14737727	0.06769253	0.55677597	0.43465458	0.19055792	0.26445564	0.08492476	0.32535251	0.09431682	-0.09451672	0.22499043	0.19502648	-0.00903399	0.10884654	0.12922216	0.08352346	0.06522322	0.12588929	0.04367773	0.17995923	0.02756142	-0.07508693	0.14330931	0.07535232	0.14038803	0.13608090	0.17136105	0.18685096	0.14344255	-0.06251266	-0.07239821	0.03153743	-0.03326700	0.18831655	0.09791461	0.05478387	0.09420196	-0.01581223	-0.09613773	0.09761464	0.01575365	-0.02276064	0.11869317	-0.08074351	0.18434292	0.17870495	0.11960935	0.16644485	-0.08250966	0.01957432	0.02699467	-0.03682407	0.13945716	0.00885485	-0.05045209	0.13780225	-0.13091651	0.11164289	0.10007114	-0.07926326	0.14060380	0.10648869	0.29380633	0.18151675	0.03232142	0.01449572	0.08541714	0.04285281	0.04940112	0.00247026	0.20574160	0.10504074	0.10288688	-0.06787149	0.17001695	0.08855335	0.15740426	0.05951429	0.13637981	0.14804255	0.14446809	0.16625847	0.02337463	0.01400369	-0.12457815	0.03086589	0.07372968	0.08465502	0.12033881	0.11398824	0.10559210	0.19436182	0.19370749	0.22726630	0.11416429	0.04973450	0.06939252	-0.18229497	-0.03382466	-0.21673432	-0.19376160	-0.05765466
17Networks_RH_DefaultA_Temp_1	0.16182573	0.18838631	0.26530321	0.22209787	-0.07844565	0.24252756	0.14843033	0.23519515	0.30159888	0.17594988	0.25388005	0.22116355	0.19447869	0.23461103	0.30671748	-0.06584872	-0.09732959	0.24460985	-0.15541898	-0.00965960	0.03135817	0.06807346	0.03544078	-0.06417376	0.10118677	-0.06439682	0.18416256	0.12959556	0.23626213	-0.05252369	0.17137171	0.08279929	0.02528051	0.16934339	0.18678577	0.04798958	-0.06271542	0.26609612	0.21964419	-0.01457250	0.13852926	0.16398086	0.00748790	0.16723354	0.14137386	0.25655275	0.08913509	0.02116152	0.12743775	0.20057539	-0.00885362	0.08171514	-0.00739582	-0.30610752	0.07200636	0.06634094	0.22976522	0.01396087	0.27999867	0.23582937	0.25040227	0.15368725	0.00081452	0.06132098	0.15125931	0.15617700	-0.03280058	0.04404452	0.05680634	0.01160172	-0.11756251	0.05876038	-0.27149405	0.15126125	-0.11690931	0.07050067	0.01919392	0.05389113	0.00556221	-0.06619637	0.14616307	0.07949106	0.10839265	-0.02315005	0.15303345	-0.03558012	0.20683130	-0.29686168	-0.15599743	0.04568133	0.04923293	-0.04042294	-0.07836476	-0.01224901	-0.01155750	-0.21105462	-0.04687029	-0.04114658	0.29275426	0.17913193	-0.07579951	0.11166206	-0.13855674	-0.01815595	0.39071378	0.01990227	-0.03238164	0.32136172	0.10804965	0.26581477	0.01718375	0.16047525	0.39445057	-0.00085720	-0.07165591	0.02704929	-0.05946820	0.13503377	-0.07308296	0.02687133	0.02137069	0.17721786	-0.12498900	0.01086005	0.10920767	-0.07058603	0.20410062	0.00550538	-0.03239892	-0.03557959	0.20373554	0.25174525	0.02991095	0.11948847	0.07883189	0.32043247	0.08893767	0.01454792	0.23172149	0.34109559	0.36191605	0.22215932	0.39791541	0.08910377	0.12062989	0.12260913	-0.06639767	0.10949180	0.51153205	0.27671140	0.20189282	0.33674917	0.40360159	0.33415927	0.43920041	0.25067331	0.16805868	0.04537521	0.40989727	0.29330914	0.34553522	0.13833201	0.34990594	0.39001786	0.32595837	0.30383416	0.14618499	0.32641100	0.30265605	0.40714614	0.28026387	0.41816097	0.36917878	0.38498531	0.38036154	0.32400497	0.26813700	0.28254225	0.11943949	0.15739859	0.26714523	0.28643721	0.30456564	0.10356936	0.37963153	0.30365630	0.17726779	-0.16107998	0.06377799	0.12908737	0.01419541	0.14000728	0.20365351	0.01491473	0.14136712	0.20605800	0.20568218	0.00048000	0.07141129	0.26655010	0.29564452	0.20853819	0.21010456	0.34173102	0.30228437	0.09227668	0.41145823	0.07564841	0.26610685	0.21861625	0.19058230	0.24273838	0.25798139	0.10218227	0.10990982	0.11587899	0.06506343	0.07389304	0.09489824	-0.02248676	0.03986858	0.00872528	-0.01147262	0.14135919	0.01114104	-0.02818948	0.12816344	-0.10325955	0.24572513	0.05868290	0.13815034	0.10638822	0.18248682	0.16380008	0.00671927	0.09776920	0.11707768	0.08421002	0.11661457	0.06408569	0.18145146	0.13380590	0.09112437	0.01633648	-0.00696437	0.05856068	0.03300472	0.19087362	-0.14836581	0.04135226	0.12268979	-0.02230070	0.00747425	-0.02474389	0.05255250	-0.20032951	0.04138458	-0.01129650	0.12436254	0.19427775	0.24321644	0.20964139	0.41366575	0.14481183	0.09183880	0.07444459	-0.00756671	0.11269660	0.01217789	-0.04462564	-0.02416953	-0.04425614	-0.10694518	0.14153246	-0.15102292	-0.10901490	-0.07848130	-0.03347960	-0.12793372	0.05517967	0.21814833	-0.00236256	-0.04812550	-0.00264328	-0.18843168	-0.19221782	-0.27552550	0.07870778	0.21294011	-0.26618785	-0.00143137	-0.12818170	-0.25956007	-0.11112161	-0.04233452	-0.11194309	0.16356501	-0.18743892	-0.07836438	-0.23661404	-0.21206640	0.18226697	0.11543444	-0.05055564	-0.15564486	0.03048871	0.22001836	0.11054769	0.23780355	0.08692951	0.36423314	0.20701290	0.05813282	0.04484415	0.19626433	0.09694163	0.07787746	0.42006934	0.04462897	0.21144059	0.07911740	0.22572928	0.05745145	0.12617790	-0.02951023	-0.20400215	-0.01837336	0.04081646	0.48087902	0.28808361	0.34491578	0.21330246	-0.13300539	0.29148238	-0.03779860	0.43302982	0.23598048	0.37414439	0.28869175	-0.14218186	-0.13407016	0.08365510	0.30914281	0.37698960	0.42671910	0.25041299	0.33600161	0.06095785	0.25856698	0.38959093	0.01585370	0.11483528	0.47299338	0.25894939	0.04521808	0.22570711	0.10095297	1.07058767	0.57174627	0.36264823	0.42823651	0.48370922	0.40259346	0.45953005	0.28364508	0.22264357	0.34257449	0.38776696	0.36601849	0.32634539	0.44799847	0.38070668	0.23357426	0.28350975	0.35531424	0.35883218	0.37420263	0.36066442	0.47506124	0.30114678	0.19723319	0.32949281	0.37927252	0.18527851	0.21033962	-0.01630422	0.11280123	0.00260309	0.10041012	-0.10870145	0.07983410	0.21436724	0.07197182	0.24235219	0.26523596	0.11757112	0.25155313	0.14522541	0.42705776	0.17332426	0.18930680	0.16768787	0.01342176	-0.01218393	0.15754390	0.08313419	0.20494765	-0.01527844	0.25917703	0.15641323	0.07960377	0.06036130	0.09538105	0.06189313	0.18350966	0.20557556	0.26229688	-0.02925484	0.04409685	0.09860929	0.11178484	-0.02599689	0.24634412	0.20069360	0.16073593	0.07630372	0.09310886	0.12797559	0.07141083	0.06877791	0.26729966	0.19283340	0.34816905	0.23185586	0.12023333	0.35879861	0.24032373	0.28041277	0.24770483	0.32283271	0.24801834	0.38116885	0.28630301	0.20529958	0.28803687	0.41968894	0.44114504	0.49337235	0.27723681	0.22294926	0.23378199	0.13394577	0.21551288	0.29797937	0.16432783	0.27200611	0.08731808	0.23132736	0.32872444	0.24589192	0.26298044	0.23548951	0.27986227	0.34468975
17Networks_RH_DefaultA_IPL_1	0.26627027	0.19775232	0.27943075	0.35906069	0.02713442	0.09694540	0.24520144	0.04691224	0.29589792	0.05322352	0.23297702	0.15419174	0.09418208	0.20905286	0.33512357	-0.08598645	-0.10921319	0.29363861	-0.04891296	0.00194341	0.10682366	0.11376787	0.06981971	-0.03198874	0.01507361	0.03688981	0.04249825	0.01513666	0.14453117	-0.01192365	0.08478825	0.09669199	-0.05945893	0.13177488	0.17911133	0.06147844	-0.10602971	0.23715830	0.21503428	0.03561524	0.01683611	0.13055385	-0.06127316	0.15610624	0.11025801	0.06248541	0.07230119	-0.09012809	0.13534559	0.13432204	-0.03660083	0.12412105	-0.12488160	-0.22112452	-0.07480398	-0.14756830	0.15689546	-0.07059262	0.21085530	0.36634668	0.14957580	0.16360653	0.01658922	-0.02971260	0.10123181	0.05768864	-0.09297457	-0.00581919	0.00758535	-0.05178040	-0.04554999	0.04275464	-0.22378510	-0.03536408	-0.14919033	0.00214064	-0.03484964	-0.01934544	0.00962415	-0.07343695	0.18107750	0.07744104	0.16775439	-0.08056507	0.06399921	-0.11528240	0.15073531	-0.29512997	-0.15441546	-0.05987278	0.01184198	-0.10760148	-0.12274951	0.06818424	-0.12810025	-0.17237509	-0.03549780	-0.14264931	0.30291402	0.19543513	0.02290763	0.11924173	-0.08051387	0.08559068	0.35787398	-0.01994198	0.12718612	0.37586052	0.12128080	0.28433470	0.01844670	0.20290235	0.40504045	-0.07344052	-0.10230605	-0.00655261	-0.10912370	0.13220057	0.07318788	0.08227899	-0.09903848	0.08122621	-0.03546222	0.13510834	0.08456633	-0.03440954	0.37052105	0.11394377	0.11320652	0.05153723	0.32880683	0.27725800	-0.05908187	0.30953812	0.21149027	0.48810053	0.22130643	-0.03177902	0.31712015	0.45667611	0.50863444	0.30422173	0.36205440	0.18493030	0.23721889	0.18167931	-0.03082038	0.23961572	0.59471360	0.42905943	0.18973436	0.45881178	0.54861783	0.38146554	0.39364426	0.31940855	0.28899914	0.02785789	0.41167546	0.28312580	0.47659061	0.28236757	0.34051055	0.36645352	0.48981562	0.33011943	0.22506315	0.31313318	0.29038631	0.34777687	0.24330880	0.41972355	0.29990596	0.47647869	0.34281202	0.30194040	0.25833835	0.40866783	0.30408403	0.31051767	0.26193915	0.30271936	0.29114569	0.27840402	0.37004119	0.23455313	0.16387111	-0.14182988	0.14932414	0.17896200	0.05719962	0.19691521	0.23960929	0.02703744	0.30253161	0.22401893	0.15878709	-0.00416953	0.04520659	0.27182409	0.14505389	0.21003527	0.15314356	0.36232146	0.30037225	0.10912524	0.39717608	-0.01385401	0.23131807	0.04672985	0.18116461	0.17705871	0.13346898	0.02858175	0.12353568	0.22421171	0.03415099	0.14480856	0.08389655	0.03769311	0.11379398	0.05118770	0.03222687	0.08419053	-0.04122483	-0.08352512	0.06098407	-0.12972113	0.17304437	-0.00848856	0.15265605	0.03967147	0.07585452	0.15156058	-0.06624085	0.18557921	0.10728435	0.10195531	0.15593719	-0.04865792	0.21235595	0.13097053	0.23801088	-0.00436496	0.02447440	0.04589497	-0.01413014	0.03659249	-0.12358830	-0.06484410	-0.02057051	0.01108452	-0.06711305	-0.09318122	-0.02238776	-0.08181603	-0.05004515	-0.18002807	0.07909341	0.20792985	0.19410137	0.12582718	0.46588842	0.02340705	-0.00255056	-0.06269358	0.02610397	-0.03788219	-0.07703096	-0.11773593	-0.12233464	-0.15499192	-0.20382236	0.08732213	-0.21236122	-0.21431238	-0.16685890	-0.02892791	-0.18215391	0.02037751	0.26982908	-0.01623815	-0.03969427	0.01740769	-0.24231011	-0.24673077	-0.29916064	0.16309139	0.08656499	-0.20793246	-0.02225612	-0.15624282	-0.24765430	-0.19208219	-0.00083779	-0.21043703	0.03785675	-0.21606784	0.05223246	-0.23431560	-0.16137693	0.24394226	0.22195672	0.00714493	-0.07232857	0.15711504	0.27289802	0.08988555	0.24611908	0.11309947	0.34885082	0.15761715	0.21365322	0.09517878	0.23642031	0.03101317	0.09069463	0.31591745	0.05070311	-0.04441545	0.11767562	0.04846841	0.10571986	0.07150433	-0.11096995	-0.15139119	0.04692369	-0.05149395	0.56197438	0.48820918	0.50246168	0.45241112	-0.05579012	0.32031285	0.06065417	0.48742455	0.33553305	0.52408943	0.41866444	-0.10149249	-0.11278014	0.13059571	0.50290619	0.58975992	0.66013456	0.36336008	0.31837917	0.16599411	0.49308725	0.48734595	0.04695255	0.23067475	0.56534335	0.29194871	-0.01512597	0.14375772	0.15921116	0.57174627	0.99310389	0.57153729	0.38671286	0.52270451	0.37705098	0.48164636	0.42441983	0.27166802	0.49007454	0.55128629	0.48538366	0.37649779	0.45611352	0.47726345	0.24272754	0.39529883	0.44827674	0.30219565	0.52457193	0.46480813	0.57088328	0.46013911	0.37289920	0.29235198	0.42616334	0.17097226	0.29701950	0.02665724	0.12748550	0.05992388	0.14634311	-0.04724767	0.01516189	0.14032504	0.12332187	0.20138045	0.31603312	0.14904150	0.31562032	0.12040365	0.57430116	0.17990666	0.05575251	0.14524079	0.05905655	0.01307076	0.10919724	0.08652747	0.13884160	-0.01183656	0.21212551	0.12194880	0.05059235	-0.01858688	0.04587013	0.03714898	0.16809958	0.20051924	0.07890586	0.12301209	0.12295297	0.26286940	0.09145674	-0.04102748	0.22210874	0.26439268	0.09881501	-0.03057993	-0.11409239	0.10575664	0.11038363	-0.01524106	0.22480286	0.20513684	0.31451524	0.23858332	0.07713313	0.13337205	0.03222020	0.19556713	0.23124038	0.07685743	0.35809494	0.35817312	0.35824074	0.28507840	0.37328595	0.43618742	0.37361680	0.40395940	0.15415244	0.13127265	0.07931269	0.01611171	0.09560758	0.23411603	0.18494514	0.11967007	0.07643962	0.38696442	0.33736189	0.31625977	0.22754297	0.26474162	0.21457245	0.23306001
17Networks_RH_DefaultA_IPL_2	0.22289443	0.18821919	0.25208624	0.33999486	-0.03481224	0.06836069	0.21824641	-0.02230382	0.19351474	0.02371882	0.18296017	0.11128946	0.08077418	0.15661873	0.32229991	-0.08788131	-0.02197951	0.20553135	0.05312177	0.07888705	0.16004267	0.08105587	0.10156166	0.01765146	0.04883297	0.02595588	0.06165948	0.08270813	0.13468457	0.12339229	0.12628719	0.06997133	-0.04372554	0.09225949	0.17168570	0.10948179	-0.04107421	0.16589729	0.16860726	0.01156867	0.00404780	0.15043846	0.01166203	0.10667375	0.05371236	0.02980282	0.05141451	-0.18685997	0.07168926	0.00973799	-0.01722637	0.10903693	-0.02925269	-0.02921398	-0.00670063	-0.04287715	0.13940129	-0.08533710	0.17195838	0.29291932	0.12791201	0.11691931	0.03587885	-0.07071594	0.04375989	0.04060322	-0.00234565	0.01771191	0.00789140	0.01922605	0.05675028	0.06303857	-0.00314620	0.08309941	0.04964068	0.08234042	0.00133246	0.00142100	-0.00649230	0.03964703	0.15165731	0.10409568	0.17127577	-0.06162362	0.12112573	-0.13957403	0.08197658	-0.09451295	-0.02534800	-0.11140394	0.05287214	0.00027440	-0.00415401	0.16782061	0.00203943	-0.00783022	0.00825133	-0.03029692	0.22948690	0.11913631	0.15286511	0.07613089	0.04630295	0.02058205	0.23413511	-0.03091197	0.13616187	0.25390741	0.12376840	0.22203675	0.00534468	0.05731601	0.17914774	-0.02597458	-0.00010411	0.00378765	-0.06942376	0.06997789	0.09122668	0.00870789	-0.03087059	0.07010131	0.13955086	0.29699277	0.13413061	0.16575949	0.33874254	0.23421998	0.17119224	0.19656822	0.30683845	0.21231316	0.09849097	0.27350381	0.24585501	0.44181142	0.34913033	0.09107417	0.12402548	0.46529140	0.37026136	0.18940289	0.20268260	0.17603437	0.26216124	0.10100963	0.04563550	0.23663155	0.33446340	0.42077793	0.08078119	0.26133740	0.33145733	0.21881733	0.18386141	0.18506589	0.35712193	-0.00931027	0.14748380	0.18918783	0.23621024	0.13174387	0.13497359	0.15166993	0.43046161	0.20971396	0.07487192	0.17215428	0.21958215	0.15912754	0.26696507	0.29260650	0.09999162	0.26014871	0.11163124	0.10546889	0.03680636	0.19947060	0.20967156	0.18176987	0.08636999	0.19503253	0.12453571	0.21692156	0.20934537	0.09174035	0.10863750	0.02873518	0.14687319	0.10608862	0.06235636	0.23306253	0.16015175	0.07238397	0.29149215	0.16914194	0.18166118	0.07197100	-0.03854474	0.19843867	0.04939030	0.16564734	0.10548118	0.24464554	0.25774820	0.10460027	0.26020138	-0.01220762	0.14405438	0.00914620	0.17801192	0.11459527	0.09456262	0.12912776	0.16186209	0.17197498	0.05633612	0.17115746	0.05109408	0.07590387	0.16355765	0.15643013	0.04623171	0.16353442	-0.00496457	0.01036006	0.04512923	-0.07427601	0.11435982	-0.03694839	0.16204100	-0.01071364	0.03061031	0.08285055	-0.01903408	0.15142795	0.14895272	0.09081626	0.13924455	-0.02013029	0.19588789	0.11102288	0.13882118	0.07966789	0.04943820	0.07689732	0.03431878	-0.01011035	-0.03781473	-0.06373612	-0.02895768	0.02604161	-0.07047711	-0.03013276	0.01969794	0.16320724	0.05094126	-0.08218875	0.07060379	0.16373608	0.18289339	0.08097304	0.27354558	0.05300053	-0.02693346	-0.00939654	0.15891516	-0.00709747	-0.01858309	0.04640205	-0.09072309	-0.09385705	-0.04107715	0.07697938	0.01522177	0.02008140	-0.03670644	-0.02439855	-0.08490775	-0.00177780	0.14315834	0.03699965	0.21444415	0.13213572	-0.12675127	-0.12790293	-0.06199192	0.32618284	0.02888779	-0.13684135	-0.03459161	-0.08265868	-0.15801740	-0.11938045	0.18045878	-0.13650015	-0.02348862	-0.02745961	0.23786074	-0.05920097	-0.05031461	0.22788334	0.01795553	0.20260287	0.20806528	0.24746001	0.13407834	0.02872419	0.10448161	0.09122586	0.11549718	0.11463899	0.22084037	0.11271961	0.15516076	0.09675376	0.04051547	0.14540242	0.12803037	-0.03219131	0.14145810	0.03936804	0.21327574	0.08709560	0.09635350	0.11255707	0.30127002	0.06964359	0.42707282	0.61286723	0.47772462	0.44897596	0.10457996	0.22418299	0.12633511	0.49199775	0.41257517	0.44803638	0.54151708	0.17789418	0.20745588	0.20393356	0.46793448	0.57041380	0.54433956	0.29959311	0.31501238	0.26935793	0.36562136	0.51468818	0.16524329	0.38328379	0.36832200	0.23002022	0.13410897	0.03260991	0.31336772	0.36264823	0.57153729	0.92073804	0.14728413	0.26518211	0.20520140	0.25792169	0.44513684	0.18607903	0.28166554	0.38028858	0.38183726	0.24463615	0.21452342	0.29305575	0.13532620	0.39939730	0.35082059	0.15818201	0.35799483	0.37952638	0.36758581	0.32974020	0.26823338	0.07540096	0.23887200	0.10394543	0.26349630	0.14974384	0.17714236	0.12673114	0.19129694	0.03115945	0.07884354	-0.00702423	0.03668571	0.08840203	0.12483062	0.20372790	0.18687493	0.06858380	0.38414230	0.05467787	0.04539420	0.11281648	0.07451146	0.04496310	0.02941867	0.11723292	0.06110490	-0.00654609	0.15478714	0.09963422	-0.05058168	-0.05570415	0.07624585	0.06781327	0.18467670	0.12003611	0.16723242	0.07785246	0.17434052	0.26521267	0.08107542	-0.07980117	0.19655554	0.16504014	0.09333781	0.06935438	-0.12351383	0.01421141	0.14324621	0.04685411	0.23927100	0.16729164	0.20743025	0.17005811	0.03294957	0.07451748	0.16826189	0.10706794	0.14148892	0.07090166	0.31772616	0.33272107	0.31489711	0.28181582	0.30900232	0.33746568	0.24459875	0.37049363	0.15340993	0.09659158	0.02969195	0.07183174	0.11094561	0.17525630	0.20527459	0.11433029	0.12885001	0.22961131	0.22711906	0.19231249	0.16697682	0.09159487	0.12304925	0.14093990
17Networks_RH_DefaultA_PFCd_1	0.26492504	0.29215932	0.21919156	0.36581327	0.11431487	-0.01650460	0.24259478	0.19377654	0.23332655	0.15851878	0.16346123	0.20239039	0.22031222	0.25522875	0.32476893	0.01271319	0.03408689	0.25713684	-0.02402272	0.03241413	0.14555481	0.20140364	0.10733261	0.05969471	0.11074607	0.10707533	0.20265006	0.18534685	0.24958785	-0.01116980	0.14373264	0.09107018	0.15629712	0.24426807	0.28780017	0.19171346	0.00723519	0.43615643	0.43646987	0.16345060	0.18960432	0.34201795	0.12112936	0.24615522	0.19751241	0.04092138	0.01412984	0.09010508	0.21940083	0.12627017	0.10817208	0.18652980	-0.06772038	-0.26015501	-0.00379633	-0.14353404	0.12781420	0.14377100	0.22784496	0.42711335	0.33511557	0.34118822	0.18715038	0.06613402	0.27167591	0.11937284	0.07278328	0.08681350	0.16309472	-0.02635044	-0.07477839	0.11697601	-0.27345893	0.01347220	-0.10437734	0.04800455	0.11095526	0.19748870	0.15784868	0.08390857	0.34713499	0.20687105	0.18336008	0.03802110	0.16116477	0.07381764	0.32463835	-0.30625543	-0.22136271	-0.14801412	0.01826583	-0.09637086	0.01058902	0.03430170	-0.04670988	-0.17539194	0.19619600	0.01370299	0.34963520	0.39849096	-0.21849156	0.17066434	-0.13077520	-0.04606037	0.33418027	-0.15900874	0.00570922	0.42208906	-0.08473749	0.38208076	-0.05590169	0.12471144	0.37507616	-0.21365372	-0.26272021	-0.21977135	-0.18478407	-0.00556849	-0.12343536	0.12170009	-0.05053147	0.22132211	-0.22664361	0.05045709	0.04866820	-0.13124859	0.31580392	0.04030704	-0.16780884	0.01567756	0.32535513	0.16818027	-0.03376690	0.31629409	0.13492455	0.24931206	0.04772858	-0.06761671	0.51687833	0.26484882	0.39352579	0.23104427	0.49940341	-0.01837672	0.05985106	0.22975970	-0.04069381	0.10197912	0.55622121	0.20665765	0.41295381	0.42276700	0.57346824	0.53132777	0.59744150	0.35586893	0.10876741	0.33338771	0.56630691	0.41186436	0.58439861	0.37734819	0.58264330	0.49954927	0.24683780	0.32336593	0.24722919	0.18562700	0.10502248	0.48939305	0.15636890	0.43051925	0.53388883	0.44310307	0.63989839	0.51853262	0.43537173	0.54084283	0.34994596	0.40038600	0.37503069	0.39356717	0.51063496	0.28802553	0.50521393	0.44423411	0.36477194	0.02525192	0.31425805	0.36664591	0.23517590	0.19639425	0.28739282	-0.06043028	0.37209351	0.30958976	0.28870740	-0.05600349	0.14284126	0.34862733	0.43031760	0.25866007	0.26303242	0.40567945	0.17321483	0.18622357	0.36006670	0.01321705	0.10229371	0.20241786	0.07756255	0.23245115	0.24951026	0.02595842	0.31986698	0.29830223	0.12707864	0.16210417	0.18082883	0.11419105	0.14138251	-0.01024001	0.12098781	0.17237167	0.09161105	0.09190096	0.19662428	-0.02950798	0.31671793	0.18163612	0.21859055	0.22883768	0.23483121	0.20343545	0.09073331	0.30197532	0.18661566	0.22022034	0.29878113	0.17365972	0.33495005	0.26255424	0.38700703	0.04474791	0.01433589	0.06444731	-0.00768666	0.24641771	-0.05396381	-0.00335559	0.15014361	0.05911333	-0.00202743	0.05084449	0.14246550	-0.11739048	0.04735423	0.08254038	0.28067665	0.33507363	0.22394914	0.26243585	0.53500029	0.14402935	0.14587050	0.14618190	-0.00695948	0.10831493	0.08678435	-0.05186283	0.01566187	-0.01543432	-0.14256371	0.07195049	-0.19096650	-0.13736332	-0.01119571	0.07850716	0.04344593	0.23096934	0.42350919	0.07328206	-0.05798836	-0.04428071	-0.12734712	-0.10660323	-0.28794513	0.03778562	0.14147804	-0.24008563	-0.07034265	-0.18903157	-0.06563097	-0.11382151	-0.24095322	-0.01376406	0.17899597	-0.16782460	-0.20654864	-0.19538286	0.06456561	0.21604299	0.39705173	-0.20427030	-0.23125235	-0.14616412	0.11304619	0.16026622	0.17225125	-0.02866695	0.40913172	0.15724932	-0.06699561	0.09530443	-0.02811053	-0.07150889	0.11699559	0.20926308	-0.20982087	-0.11477795	0.02632017	0.02083850	-0.17378774	0.05072381	0.00359569	-0.35389700	-0.21956229	0.01120424	0.47100327	0.17193876	0.31355361	0.06966565	-0.04350979	0.39971771	0.02156919	0.15566845	0.22788641	0.21819449	-0.03651254	-0.34907747	-0.29328724	0.06872767	0.13098906	0.18119436	0.47485904	0.35062999	0.18539278	-0.09705073	0.29027070	0.09798284	-0.04687539	-0.09116174	0.51602025	0.22862643	0.00118473	0.28412120	0.09274592	0.42823651	0.38671286	0.14728413	0.99277481	0.65251132	0.60155776	0.61938831	0.11498355	0.30167311	0.33147248	0.50798110	0.47462277	0.41578681	0.69016627	0.44567150	0.29312463	0.29255850	0.31688505	0.27046043	0.52449730	0.36674502	0.50126228	0.44392865	0.30848852	0.45851493	0.46701392	0.15342236	0.30040042	-0.03612457	0.28781166	0.23138808	0.21949537	0.08072729	0.10696519	0.32532033	0.09783353	0.34401634	0.37682604	-0.05584612	0.31453571	0.19016321	0.46622284	0.14691373	-0.06536491	0.08259686	0.01227984	-0.07315794	0.17021203	-0.04487191	0.26137848	0.09358821	0.23200608	0.10554448	0.09797335	0.02038108	0.10579349	-0.00109093	0.16122954	0.21266901	-0.06821771	0.02399146	-0.08696896	0.12561937	0.09652010	-0.00214237	0.20872180	0.12794087	0.21736055	-0.07472720	0.00796034	0.10390904	0.06516369	0.04592370	0.19000110	0.16845740	0.52317117	0.27602179	0.24398875	0.24917705	0.03833672	0.35797168	0.30169780	0.16916682	0.30263020	0.39900223	0.35867814	0.33375713	0.43762978	0.46704718	0.30922252	0.39346831	0.23347985	0.20379268	0.26331872	0.21529089	0.14603296	0.32122141	0.25027243	0.20874038	0.23793397	0.40645049	0.45381546	0.34441927	0.39301322	0.36008377	0.25755996	0.26842964
17Networks_RH_DefaultA_PFCd_2	0.33433986	0.30956369	0.22819490	0.35906186	0.11026090	0.05338404	0.25174370	0.20844805	0.31240868	0.19042805	0.26676805	0.27385588	0.30020167	0.29429676	0.36963329	0.04767992	-0.02936162	0.32646698	-0.06955651	0.00190625	0.10723431	0.16440931	0.14827472	0.05805028	0.10157111	0.17111246	0.19764709	0.15123751	0.27258527	0.01706618	0.13421381	0.04134306	0.13893623	0.18858663	0.28167698	0.15913677	0.03231272	0.40747917	0.39886990	0.13532899	0.25261226	0.31792238	0.15744975	0.18418535	0.16554850	0.05081248	0.00554120	0.07205639	0.09190207	0.19213367	0.05272040	0.16519137	-0.05922507	-0.29432452	0.00825042	-0.11393245	0.15856463	0.06500234	0.24090891	0.48099351	0.40392074	0.32986035	0.17075211	0.01380047	0.26211818	0.13121376	0.07355076	0.06271283	0.17446885	-0.02586413	-0.05718619	0.14267841	-0.33660550	0.03920629	-0.15694525	0.04543375	0.09059486	0.20234785	0.12084241	0.07048951	0.36450928	0.17079322	0.15163436	0.03265823	0.12846707	-0.00068595	0.24902308	-0.40438811	-0.26009774	-0.09102895	-0.06348295	-0.14367670	-0.05039493	-0.02692770	-0.07334093	-0.19955436	0.10794738	-0.04366316	0.25582874	0.39700889	-0.21221721	0.09988298	-0.19656895	-0.10590131	0.27840912	-0.14902399	-0.01064524	0.31829963	-0.09725922	0.34929617	-0.05696771	0.11748924	0.36560557	-0.19338471	-0.20221457	-0.16624094	-0.17451656	0.04949926	-0.11661395	0.10461735	-0.06093280	0.23134462	-0.20585019	0.07122844	0.04868325	-0.14752938	0.32134163	-0.08308914	-0.15659953	-0.06615269	0.28250707	0.16195195	-0.10551019	0.29768991	0.08129788	0.26995975	0.02351433	-0.06692726	0.50913192	0.23436492	0.36180688	0.22778875	0.40858852	0.05127489	0.12988775	0.21803428	-0.04025570	0.09499802	0.59155736	0.25171173	0.27790514	0.44390768	0.57884497	0.49055924	0.57256032	0.32283107	0.14739857	0.23736800	0.58311399	0.32709545	0.56268786	0.32592420	0.51161877	0.45401079	0.29646525	0.25177905	0.22866363	0.20747307	0.11597710	0.43278048	0.13070677	0.40827174	0.45537022	0.44405902	0.56048532	0.51660510	0.37385026	0.52356283	0.32767789	0.36508903	0.36163088	0.38626698	0.45750882	0.25416736	0.41352857	0.33936939	0.28451904	-0.07341664	0.22516382	0.27921372	0.14229871	0.19053736	0.30257430	-0.01277126	0.37648216	0.28106457	0.21907532	-0.10173459	0.12912480	0.29991770	0.34605821	0.25361144	0.27482384	0.40156600	0.26471709	0.22634314	0.41688694	0.03385033	0.17204251	0.19167248	0.14001563	0.25977691	0.29567445	0.04482085	0.27400311	0.30639719	0.12748526	0.15219706	0.13893705	0.06738398	0.10462524	0.00301675	0.09272378	0.12934552	0.13232802	0.07252357	0.19786465	-0.08526034	0.28385139	0.17602226	0.26129639	0.23256646	0.21308563	0.17806852	0.08638182	0.32073129	0.19769776	0.26556837	0.34449907	0.18888542	0.34183475	0.30166127	0.35054289	0.00455014	0.05271196	0.15381791	0.02627239	0.16483666	-0.02259220	-0.05748930	0.17270822	0.04818137	0.00052189	0.02807960	0.14759631	-0.11986041	0.03834446	0.04392641	0.25634536	0.36393542	0.26646293	0.27530389	0.59630068	0.13640074	0.12786249	0.12318277	0.05475775	0.11428971	0.05173612	-0.08292084	0.02372423	-0.00138680	-0.15557504	0.12051124	-0.21051648	-0.15496561	-0.04634721	0.05357505	-0.00755942	0.21606336	0.42874866	0.08411081	-0.03671413	0.00471663	-0.13758863	-0.14195946	-0.32334856	0.06140267	0.11109326	-0.27237301	-0.03825153	-0.19929065	-0.10807048	-0.12290433	-0.18594780	-0.04772868	0.17808998	-0.18384493	-0.15039622	-0.20545411	0.02333897	0.21607065	0.41829165	-0.17244425	-0.23624602	-0.09891026	0.11456062	0.10864796	0.22068411	0.04377195	0.34151417	0.16112864	0.01738790	0.11161162	0.06143136	-0.00495182	0.10143955	0.26643695	-0.14244076	-0.06246042	0.11145455	0.01703325	-0.05299910	0.05986303	0.03581637	-0.31289401	-0.12206135	0.00736777	0.56910703	0.26848449	0.36815155	0.18720297	-0.07545953	0.40633152	0.02932358	0.23352844	0.23726339	0.28940482	0.02029651	-0.33145183	-0.24560438	0.01803419	0.21286799	0.35650906	0.60160787	0.32953721	0.25684569	-0.04781429	0.36520528	0.14968225	-0.05199960	0.03882829	0.58034173	0.24085149	0.00598516	0.23722130	0.09871875	0.48370922	0.52270451	0.26518211	0.65251132	0.96283621	0.57131268	0.64721990	0.19142916	0.24715217	0.46617540	0.53547410	0.52974113	0.37621377	0.64877287	0.48372477	0.27089814	0.33650690	0.31738558	0.32609310	0.59730537	0.42037576	0.51627717	0.53061113	0.31863380	0.47203257	0.47183032	0.14355222	0.32319979	-0.06838485	0.20591843	0.14806469	0.12550585	0.06398101	0.02755668	0.29618417	0.10769688	0.34249553	0.36611945	-0.08505483	0.33164829	0.16103803	0.51185118	0.18751899	-0.01258890	0.11584801	0.03413206	-0.02860255	0.20487155	-0.06160630	0.15299342	0.00569158	0.16339889	0.08105296	0.08169018	0.02032977	0.04528528	0.02901314	0.12411876	0.17893249	-0.02574268	0.04666699	-0.00983970	0.17490741	0.11199964	-0.01522829	0.20268190	0.20171014	0.15992280	-0.10603116	0.07767912	0.05301636	0.04725866	0.08763086	0.19786823	0.14904352	0.54657059	0.28152686	0.25800178	0.26085793	0.05957363	0.39619926	0.32826990	0.19632869	0.38571784	0.36967685	0.41104496	0.36056425	0.49866025	0.49207058	0.34748503	0.44574784	0.21366571	0.23554860	0.24352031	0.23431739	0.12058833	0.38687972	0.23853339	0.23185646	0.25441692	0.36999330	0.47869179	0.38118723	0.34508560	0.29831773	0.26089151	0.25889601
17Networks_RH_DefaultA_pCunPCC_1	0.25256240	0.18395844	0.17990010	0.24148088	0.02076553	0.03138064	0.17233560	0.08933720	0.23198460	0.10477123	0.13804290	0.17385330	0.20967182	0.17130643	0.24622306	0.02841831	-0.13039415	0.24268563	-0.06115919	-0.00318569	0.10970035	0.16945835	0.06575169	-0.00964977	0.06167980	0.04740698	0.18217364	0.09186457	0.24846090	0.01743823	0.07864293	0.03141559	0.06825822	0.09818506	0.17333535	0.15400226	0.08817258	0.32358945	0.31315886	0.06060016	0.21353006	0.25070016	0.14082865	0.18446348	0.09709998	0.05346172	-0.07192148	0.02687982	0.07899301	0.06238243	-0.02568660	0.15378830	-0.05060838	-0.24707173	-0.01879357	-0.13270588	0.06109603	0.04687055	0.23051262	0.43222629	0.27642846	0.29090703	0.13690362	0.04029558	0.19529164	0.10198052	0.01112490	0.05980811	0.13380681	-0.02647662	-0.05877272	0.09402333	-0.30926250	0.03975010	-0.14761927	-0.01387584	0.06722121	0.13930371	0.05848834	-0.02431954	0.24924121	0.10520584	0.16339293	-0.07411994	0.04020875	-0.02490939	0.31422643	-0.29162108	-0.25773539	-0.15782882	-0.10846790	-0.17935842	-0.11125267	0.03577025	-0.04860494	-0.17076690	0.16680455	-0.03678280	0.24160341	0.31820942	-0.25756445	0.01413904	-0.17041483	-0.00332985	0.38176126	-0.16358596	-0.13816955	0.31260849	0.07258928	0.35080243	0.00390990	0.18529670	0.27915655	-0.09613702	-0.03411563	-0.11572417	-0.11629456	0.06882413	-0.02211694	0.08314070	-0.07788076	0.15043490	-0.19793707	0.09274176	0.02943943	-0.04398060	0.23267046	-0.02887647	-0.18016813	-0.05848064	0.32181478	0.18632545	-0.08180512	0.27706080	0.09663300	0.22274393	0.06489820	-0.01711549	0.40265118	0.23421393	0.30161875	0.09786203	0.35107124	0.08985774	0.15185536	0.21560437	0.00192842	0.12515264	0.58964172	0.26616920	0.39778856	0.29693660	0.58929490	0.61715270	0.63926731	0.42248039	0.19447630	0.24571637	0.55179310	0.53827997	0.57393893	0.43820458	0.56084727	0.44411324	0.18540479	0.29720570	0.23708605	0.23036928	0.12773068	0.45537192	0.19890345	0.40671849	0.51998583	0.37283332	0.49003981	0.34761816	0.21166180	0.37247817	0.18226725	0.18867516	0.23509864	0.28484006	0.41164996	0.25506832	0.41865944	0.31785966	0.26306349	0.09105854	0.29500158	0.45466914	0.33840934	0.17819613	0.22344098	-0.06563374	0.30586033	0.19735984	0.27341689	-0.06319797	0.14346276	0.33844560	0.24994297	0.16662745	0.17572109	0.37090946	0.17956550	0.14884447	0.32670135	-0.05193483	0.05763111	0.14954644	0.08114528	0.21163533	0.17529222	0.00541032	0.22199614	0.18816671	0.06284876	0.13406442	0.12848151	0.03827431	0.10486611	-0.00008591	0.08924061	0.09622899	0.04955464	-0.00142840	0.15722075	-0.05553119	0.25313955	0.10467721	0.20781578	0.15604071	0.17608118	0.10072322	0.05906538	0.24936431	0.20643688	0.21556030	0.26849236	0.11140602	0.25482050	0.17053919	0.21702462	-0.00195464	-0.02184780	0.03414613	-0.05494969	0.16685161	-0.04026407	-0.14061377	0.11046808	-0.01343870	-0.00900213	0.00272694	0.05131476	-0.18358983	-0.00897070	0.01456911	0.20174202	0.28602790	0.20796452	0.20609739	0.48741285	0.13146205	0.13749072	0.06840257	0.07043036	0.14897914	0.11178711	-0.06360291	0.01129790	-0.08844136	-0.13987189	0.03232740	-0.21640403	-0.09535956	-0.05114995	0.07183475	-0.03518674	0.15137877	0.29346558	0.00145318	-0.03302920	-0.08635618	-0.15710593	-0.17420653	-0.38501576	0.00975396	0.15722342	-0.26982306	-0.05350022	-0.25109905	-0.17478408	-0.11923563	-0.20874575	-0.10212670	0.12580393	-0.08430887	-0.20246581	-0.18536445	0.03856051	0.05065723	0.18593768	-0.22041493	-0.24765181	-0.10463492	-0.04283313	0.03100175	0.11702293	-0.05597206	0.27437259	0.04054427	0.01973818	0.06468296	0.10035340	-0.01132900	0.15394410	0.20395014	-0.04879801	-0.02322092	0.11987180	0.11969885	0.01478190	0.17134030	0.02408653	-0.24443480	-0.09449774	-0.03526738	0.38051075	0.11057228	0.19985650	0.08320053	-0.14714221	0.23674402	0.00885473	0.18731717	0.11406213	0.19265129	-0.02141701	-0.32401118	-0.19370280	0.02332128	0.10350731	0.17376449	0.37842527	0.34225523	0.21751197	-0.04219907	0.28843646	0.10346591	0.00940403	0.00862526	0.55031134	0.30732454	0.08195726	0.39001058	0.14737727	0.40259346	0.37705098	0.20520140	0.60155776	0.57131268	0.95674538	0.62713048	0.22269865	0.20565681	0.42533109	0.52533086	0.51212769	0.33394590	0.61195754	0.25852531	0.23073769	0.26185522	0.29979909	0.22305573	0.41754437	0.28104744	0.33542144	0.32521318	0.09775134	0.40993007	0.31205446	-0.01479045	0.32630562	-0.01977651	0.35411695	0.31195168	0.06238596	0.13297338	0.07720015	0.21022055	-0.00384327	0.20170031	0.20987680	-0.04988584	0.25101524	0.05468570	0.36675555	-0.02528151	0.13544894	0.12159998	0.13372101	0.02534445	0.15668001	0.03528460	0.21120491	-0.05624658	0.14627180	0.00008489	-0.00887924	0.05506139	0.07427802	-0.02253132	0.07504042	0.10291557	0.11460342	0.09726751	-0.00053252	0.16808309	0.10906953	0.04323337	0.13956726	0.09453642	0.20433888	-0.16773740	0.03285039	0.01511786	0.04558711	0.07784727	0.12620773	0.06532458	0.41041526	0.23199828	0.21299669	0.19846163	0.13178518	0.29271166	0.22352839	0.18930341	0.32232095	0.33449657	0.33497623	0.29524721	0.31735490	0.35432272	0.28024838	0.39667766	0.21148201	0.26360075	0.15435611	0.20348884	0.16908152	0.25479423	0.13757122	0.15320324	0.18135930	0.18476671	0.32692592	0.22912628	0.28674678	0.20303632	0.20856254	0.21306534
17Networks_RH_DefaultA_pCunPCC_2	0.27093269	0.23409810	0.23803323	0.30874095	0.03037127	0.07209903	0.22549430	0.14857632	0.29890518	0.16384341	0.27377394	0.19755224	0.18614439	0.13894303	0.31829083	0.01481011	-0.12154137	0.29710753	-0.10576864	-0.02266267	0.12860592	0.16299400	0.05904936	-0.00848851	0.07887705	0.07679164	0.15311050	0.04967075	0.18533757	-0.03003314	0.04551395	-0.02100690	0.01720461	0.08028633	0.15281318	0.13892931	0.02709911	0.38972826	0.32125267	0.04896954	0.20057307	0.26443970	0.08963134	0.18757149	0.12043746	0.05041443	-0.00969729	0.01105193	0.16037231	0.16764587	-0.01866819	0.10933092	-0.07209042	-0.27555999	-0.01538525	-0.11625098	0.14799354	-0.01581138	0.24685936	0.43764178	0.29053425	0.28543929	0.12937827	0.01915391	0.20465440	0.11579190	-0.03897277	0.01454634	0.07844540	-0.05297473	-0.08682444	0.02090100	-0.30888787	0.04155118	-0.18362786	-0.03766238	-0.01097687	0.07457422	0.09606002	-0.00874890	0.26226362	0.16370749	0.12059460	-0.02528258	0.13012185	0.03229322	0.37039987	-0.36212003	-0.24562609	-0.10264996	-0.10897841	-0.19961483	-0.05330752	0.01632167	-0.09627834	-0.16471169	0.11040682	-0.04760137	0.29970342	0.29576542	-0.26239179	0.04015688	-0.23342318	-0.03538027	0.32794785	-0.15851211	-0.11984902	0.32501356	-0.04234777	0.35963961	-0.04487033	0.12034435	0.45642920	-0.09559529	-0.09987752	-0.13538403	-0.12572086	0.12633308	-0.08819872	0.07765421	-0.05256652	0.14685465	-0.27503835	0.04095850	0.01950534	-0.14882889	0.25815503	-0.02154273	-0.22343259	-0.05185873	0.36903734	0.20069751	-0.12604721	0.27359098	0.04139367	0.27923339	-0.00080516	-0.10065737	0.44563325	0.27399238	0.41105058	0.14516563	0.48116524	0.12036402	0.15164777	0.25480877	-0.02567261	0.14906755	0.64288745	0.23699761	0.36383456	0.43409986	0.58652074	0.53169010	0.68303825	0.42808130	0.14716710	0.30641714	0.68249952	0.46826803	0.58798923	0.31991946	0.53211544	0.49320887	0.24753354	0.24758973	0.24155154	0.21401088	0.19839081	0.52615470	0.18015605	0.49468907	0.47136856	0.49762010	0.56298093	0.49637506	0.34954501	0.46885032	0.24236940	0.28947468	0.36302828	0.44310379	0.46032394	0.23571684	0.50571934	0.39285409	0.32027187	-0.02396958	0.22427719	0.29970503	0.17087178	0.13302236	0.28620551	-0.05347661	0.32519711	0.29638020	0.31640370	-0.04353275	0.13622541	0.41283079	0.28259860	0.22951873	0.24348347	0.39409616	0.31223606	0.23107291	0.40663379	0.02560809	0.14514265	0.19031896	0.13506175	0.24842891	0.21753613	0.02077136	0.22867385	0.19126798	0.03813319	0.14733345	0.15482010	0.03524283	0.12291449	-0.01556664	0.08356956	0.11479357	0.01086907	0.01499194	0.05063168	-0.10789479	0.16878651	0.02470930	0.16851741	0.09487841	0.10433647	0.10095910	-0.00335286	0.26865560	0.18168365	0.24658358	0.31601437	0.04777085	0.30184711	0.18732785	0.29082828	-0.00565436	-0.02514336	0.16910431	-0.00079096	0.12652602	-0.03582912	-0.12261790	0.07590263	0.03278291	-0.05146986	-0.04195011	0.05651105	-0.17702577	-0.00096931	-0.00781680	0.22507038	0.32572246	0.26510119	0.22637581	0.56239637	0.17027130	0.09150761	0.09674611	0.02673889	0.09103918	0.01725971	-0.09619031	-0.09028961	-0.07333228	-0.12030877	0.09699180	-0.21156669	-0.19811442	-0.06171647	-0.00671219	-0.03340161	0.14317425	0.36847740	-0.02851145	-0.06717758	-0.09615378	-0.13435314	-0.15611956	-0.33945950	0.06538910	0.14109468	-0.26407758	-0.03645563	-0.17895874	-0.17037544	-0.13035146	-0.15266366	-0.09341602	0.08723803	-0.15635618	-0.18689994	-0.23032909	-0.00864289	0.11507926	0.31602977	-0.18164647	-0.24032688	-0.15026769	0.01266320	-0.01639681	0.14189924	-0.01116871	0.28226130	0.07708651	0.03992974	0.04966483	0.06973380	0.00974770	0.06128784	0.29119742	-0.08019630	-0.03387823	0.07278596	0.03477830	-0.01896070	0.05846984	0.00096545	-0.36031306	-0.13030209	-0.03725184	0.46183196	0.24472263	0.37410377	0.12161223	-0.07196695	0.35373449	0.00450966	0.22480792	0.20467035	0.28717661	0.04548503	-0.37164025	-0.24458286	-0.07781726	0.15571709	0.30942212	0.48870708	0.32604125	0.24949271	-0.05316266	0.27803384	0.16828730	-0.01687064	0.06679780	0.64008386	0.25551943	0.05518487	0.24297322	0.06769253	0.45953005	0.48164636	0.25792169	0.61938831	0.64721990	0.62713048	0.97969301	0.18724375	0.23419644	0.40432399	0.48969464	0.51776669	0.33814767	0.62931230	0.42667471	0.16272905	0.35689812	0.39247073	0.25127763	0.48175601	0.35364538	0.46472901	0.39777975	0.21245727	0.44234451	0.43769822	0.14905140	0.32160365	-0.01116111	0.22608516	0.16081940	0.06032651	-0.00161390	0.07814878	0.19828937	0.05002546	0.32189718	0.33549448	-0.04208072	0.34958584	0.15947939	0.47715437	0.10904091	0.10788430	0.11791353	0.09974134	-0.02872334	0.18223401	0.02010910	0.20573429	-0.07110411	0.12929270	-0.00486867	0.10610442	0.05855966	0.11596226	0.02660905	0.09743410	0.11736550	0.06761186	0.04403151	0.03488726	0.22369954	0.06647685	-0.00434813	0.19172148	0.15898150	0.12019124	-0.13978509	0.06855330	0.05917870	0.06598387	0.12871152	0.15439503	0.05640310	0.41848313	0.23333879	0.14703551	0.29992375	0.08674003	0.29519676	0.25900193	0.17073269	0.31326597	0.32002411	0.32244047	0.25757963	0.40272159	0.41629904	0.31619156	0.39283856	0.12001687	0.19899777	0.13164905	0.18995852	0.05209323	0.25531504	0.22523663	0.15377253	0.19231056	0.27739546	0.39317910	0.32235729	0.28956082	0.25131228	0.25785478	0.27756138
17Networks_RH_DefaultA_pCunPCC_3	0.00710783	-0.05677186	-0.06084489	-0.04865212	-0.17112410	0.04179754	-0.03293842	-0.09405210	0.11032623	-0.05747662	-0.00700572	0.08742418	0.01568510	-0.06463058	-0.02006529	-0.09000084	-0.04513235	0.08391097	0.03732687	0.08786558	0.07066672	0.19574032	-0.03409121	-0.04782211	-0.00364385	-0.03932684	-0.05141291	0.03971446	0.06461896	0.01712478	0.04548628	0.06466174	-0.10252528	-0.00114568	0.04356512	-0.11095437	-0.01811707	-0.08579164	-0.10972840	-0.10573899	-0.01405172	-0.04262051	-0.08794692	-0.05451915	-0.02496929	0.02962969	0.02859851	-0.05787980	0.08643666	-0.07471942	-0.10806832	0.03233884	0.00655419	-0.12123712	-0.08068469	-0.09867642	0.00599548	0.00896031	0.02099434	0.20594040	0.09332336	-0.07502353	-0.11463105	-0.06815425	0.06637270	0.09014587	-0.04953172	-0.01174357	0.03933879	-0.03154122	-0.07120904	-0.08426618	-0.05353552	0.01929099	0.01807198	-0.04108684	-0.06664332	-0.07503610	-0.16384574	-0.14976762	-0.14683375	-0.17393779	0.08914483	-0.12023276	-0.02516484	-0.24256915	0.07971328	-0.06290205	-0.01709043	-0.07349919	0.04097204	-0.21288127	-0.21027146	-0.13043529	-0.01954150	-0.00804606	0.01411012	-0.08468794	0.09393050	-0.11339425	0.24603751	0.08366000	0.13156788	0.10425956	0.26762221	0.02249380	0.09125983	0.30595032	0.20024839	0.20078530	0.06373995	0.15817009	-0.01794447	-0.11881773	0.00133360	-0.00168735	-0.23509367	0.00288671	0.14771752	0.14586327	-0.14667690	0.10173104	0.17228633	0.13633274	0.06335907	0.08841538	0.08394129	-0.00570943	0.15920259	0.01695186	0.10121115	0.21821083	0.10847419	0.05262210	0.07809539	0.27093742	0.19841041	0.00586814	-0.03153096	0.21281835	0.17181616	0.20763852	-0.04101243	0.44088835	0.29781607	0.06327529	0.35616847	0.35917084	0.30634475	0.32530132	0.24108938	0.13766775	0.30191717	0.24488271	0.12183136	0.42203199	0.52200539	0.06492576	0.00945325	0.30976236	0.27055977	0.28589534	0.13088268	0.22222833	0.34843370	0.34236942	0.09651411	0.09181348	0.07702743	0.08291440	0.06204348	0.16906446	0.01386976	0.05506526	-0.02668238	-0.13184625	-0.08327150	0.00939121	-0.01010270	-0.09445570	-0.10791926	-0.08649467	0.11686360	0.15235483	0.02792398	-0.08066352	-0.14366706	0.02006537	0.19974530	0.22078308	0.18304279	0.15495005	0.15586487	0.04809718	0.19993100	0.00966693	0.09456784	0.00312541	-0.07871276	0.11117661	-0.08965444	-0.01159924	-0.05756376	-0.02009263	-0.03290386	-0.09478714	-0.00214825	-0.11341376	0.02559260	-0.13234753	0.05916746	-0.08513449	0.02348579	0.07170464	-0.03465228	0.02238128	0.05501665	0.10085255	-0.00362326	-0.03622001	0.04520811	0.22445030	0.01185517	-0.06770797	-0.13269956	-0.08070000	0.01340199	-0.07651357	-0.00492796	-0.06542092	0.02366236	-0.10506217	-0.03479607	0.01829517	-0.16647302	-0.14270588	0.13549610	-0.00076901	-0.04711461	-0.10577757	-0.11489829	-0.17198266	-0.07156974	0.02739312	-0.03436828	-0.07036861	-0.11800601	-0.02631191	-0.10663734	-0.09798931	-0.09205947	0.00122100	-0.20760157	-0.09948324	-0.08814298	0.02707441	-0.10549796	-0.16589880	0.12718600	0.01867421	-0.06571574	-0.00916337	0.18141796	-0.03801152	-0.05806415	-0.00133092	0.10648911	-0.06889644	-0.05263748	-0.08821140	-0.15049861	-0.16921336	-0.18718167	-0.03595945	-0.10387740	-0.06853284	-0.22592313	-0.07535660	-0.21988503	-0.13946018	-0.06854122	-0.08583190	-0.07362114	-0.08474362	-0.17933453	-0.23720174	-0.12782882	0.22155866	0.03491735	-0.04099106	-0.10535023	-0.14413692	-0.22107109	-0.23776036	0.12671368	-0.17619049	-0.06301355	-0.00850593	0.08627234	-0.10431096	-0.02459192	-0.02047128	-0.04938282	0.10971264	0.06584048	0.20087206	0.14271218	0.01250394	0.21488126	0.25295841	0.32517927	0.20821450	0.19674228	0.06350886	0.19799880	0.09202343	0.14502184	0.05445520	0.01190251	-0.11568719	0.11768680	-0.06878416	0.24754615	0.03072166	-0.01317524	0.16695642	0.19283687	-0.05009990	0.28043426	0.28448120	0.28666573	0.19730294	0.01871574	0.15622251	0.10643908	0.21047336	0.13651428	0.26733779	0.27712179	0.10858814	0.12576188	0.17733754	0.31198211	0.37903448	0.25467038	0.26060409	0.23316422	0.22091706	0.36512417	0.39151158	0.29850966	0.49726214	0.25685597	0.31780272	0.02255332	0.23658317	0.55677597	0.28364508	0.42441983	0.44513684	0.11498355	0.19142916	0.22269865	0.18724375	0.96171399	0.33944621	0.42254904	0.44778802	0.33416197	0.39915012	0.20340915	0.01569331	0.23480897	0.29132893	0.22684055	0.20551409	0.19309260	0.24986227	0.22323039	0.21663586	0.06952140	0.16549600	0.21557762	0.07272893	0.21405129	0.08806485	0.11072226	0.11948679	0.11846820	0.05823911	0.13731860	0.10396580	-0.05427373	0.03159671	0.16326203	0.25190203	0.28640123	0.12122971	0.28555795	0.10374684	0.04879983	0.08729378	0.02716210	0.02754096	-0.00957664	0.06225624	0.11243073	0.01114112	0.10588979	0.16316091	-0.10846776	-0.01296456	0.04008841	-0.10811270	0.09070384	-0.04634620	0.05567562	0.19165816	0.01035790	0.16896686	0.01196001	-0.02580076	0.14394189	0.17984086	0.16337014	0.06299485	-0.07352046	-0.03945988	0.05692403	-0.03098223	0.05770014	0.01475336	0.05114760	0.02956162	-0.03905434	-0.10581604	0.12809826	-0.04066316	0.03907654	-0.04112389	0.15167783	0.10107126	0.09903884	0.10143047	0.02767632	0.02625448	-0.02443019	0.07159280	-0.04665756	-0.05611528	-0.05809642	0.06334542	0.02925555	0.04791477	0.08537955	0.08071441	-0.00329685	0.02587397	-0.04046514	-0.12799047	-0.13992710	-0.21679146	-0.22628114	-0.07181349
17Networks_RH_DefaultA_pCunPCC_4	0.10406462	0.13971785	-0.03629385	0.08419919	0.10018575	-0.06842447	-0.00284506	0.01562263	-0.01579385	-0.00487874	0.07876058	0.10404989	0.13551358	0.16442835	0.15721451	0.07703981	0.15284411	0.16677604	0.22499990	0.19037868	0.21235875	0.17023908	0.18653795	0.10413890	0.08924506	0.11094907	-0.01305865	0.21667314	0.09314373	0.05328466	0.14225981	0.08061561	0.10301326	0.19854341	0.25608668	0.10727781	0.03560228	0.11532397	0.17452921	0.13093871	0.13198330	0.22925383	0.07927565	0.09969408	-0.00029416	0.02316122	-0.01561494	0.07670179	0.11731751	-0.04460624	0.04736764	0.06280530	0.03638757	-0.15976305	-0.11973690	-0.12657642	0.04004474	0.00518311	-0.01207470	0.20953127	0.30083450	0.02210068	-0.02167506	-0.05348913	0.16081894	-0.01698943	0.05207629	0.07386340	0.10633473	0.00525346	0.08501080	0.08953576	-0.04554641	-0.02483292	-0.03127028	0.05355234	0.08523209	0.14729583	0.14765360	0.09613086	0.09965502	-0.00961724	0.11837803	0.10328947	0.03054022	-0.03837522	0.24948675	0.00101767	-0.02756252	-0.16069106	-0.02831910	-0.08164333	0.01986444	-0.10206274	0.07760657	0.08744784	0.17724489	0.08733115	0.18313487	0.18404441	0.14692276	0.29625762	0.12797457	-0.02437783	0.17205684	-0.05319956	0.24083511	0.36835586	0.10813245	0.32121780	0.02942275	0.08285026	0.00923773	-0.15898515	-0.04097002	-0.22294051	-0.18793613	-0.15065301	-0.00792657	0.21293485	-0.12629026	0.15839948	0.09788990	0.13186645	0.04663669	0.01394443	0.16641043	0.03023760	0.07069870	-0.08838771	-0.00683862	0.10474277	0.14270285	0.08952030	0.13942592	0.27114389	0.19903682	-0.01355368	0.15223455	0.17658431	0.13813842	0.29935853	0.19227791	0.26601844	0.20780462	0.12104110	0.24598397	0.31798123	0.20360316	0.23051410	0.26463427	0.25622563	0.18986656	0.18555151	0.13754935	0.25802507	0.26285355	0.38284321	0.12618366	0.20524526	0.27346028	0.28576232	0.20601410	0.30920512	0.27675159	0.29378218	0.18559426	0.07958895	-0.01085745	0.11956091	0.09809006	0.18679618	0.12320888	0.23236838	0.19076214	0.11441304	0.24655420	0.26469733	0.07395038	0.19839987	0.15054226	0.15789717	0.33819481	0.13012059	0.11349328	0.15301308	0.08582001	0.00247963	0.20575609	0.12832143	0.11485118	0.16329808	0.08333496	0.10708873	0.22057336	0.09007347	0.16157109	0.02163934	0.01505329	0.12005951	0.14160415	0.12486365	0.11505319	0.05140687	-0.07501873	-0.06524960	0.01201387	-0.13897841	-0.08530463	-0.01068312	0.03162639	0.04408484	0.21123107	0.10148582	0.19239117	0.30178445	0.19150384	0.28914648	0.14159495	0.19515641	0.17292531	0.29046253	0.12824662	0.04710527	-0.10292173	0.02618611	0.20924090	0.05539600	0.14543668	0.10052108	0.19460048	0.10661493	0.11029816	0.17538309	0.09651710	0.02892895	0.18985861	0.13773919	0.13832207	0.16945994	0.08612628	0.10238777	0.05607018	0.22195221	0.20053228	0.12281418	0.02121516	0.12014496	-0.03947200	0.07369497	0.09597875	0.02443829	-0.11513731	0.03615642	0.06489688	-0.01917351	-0.08794115	-0.02129854	0.35094574	0.21688655	0.12312468	0.08374451	0.20866365	0.11666033	0.10773306	0.16038962	0.03197577	0.04625431	0.05410241	0.07295356	0.09235532	0.11291851	-0.14440766	-0.13701336	0.00237181	0.03037261	-0.05408107	0.15142343	0.06999368	0.22227509	0.15277782	0.07159446	0.01762051	0.04721625	-0.05659798	-0.10304805	-0.01993163	0.09079651	0.21602192	-0.03368558	-0.02745682	-0.07891118	0.00162325	-0.04550032	-0.04411052	0.06367503	0.16115141	0.05094354	-0.00232160	-0.01985902	0.11101619	0.18842661	0.21485067	0.00306337	0.02342134	0.12367260	0.26981417	0.22339658	0.22833772	0.21482450	0.38886949	0.29617917	0.07968909	0.13777110	-0.04840582	0.01673450	0.02995397	0.03628115	-0.17132832	-0.14468959	0.13812339	-0.21104576	-0.00893897	0.05091154	0.00414460	-0.02876730	0.02429341	0.04919247	0.24536058	0.12932598	0.16795322	0.07284642	-0.10161785	0.20029621	0.11999090	0.10669507	0.24129197	0.23223439	0.12185921	-0.02759542	-0.03234728	0.19378706	0.19312407	0.20095290	0.25343451	0.17854526	0.24438091	0.20147164	0.23528925	0.13916785	0.12166651	0.26283819	0.18264430	0.17104668	-0.00861052	0.17773775	0.43465458	0.22264357	0.27166802	0.18607903	0.30167311	0.24715217	0.20565681	0.23419644	0.33944621	0.95588920	0.20975723	0.32522818	0.17424319	0.37384156	0.24512353	0.21502342	0.28274864	0.31227961	0.13304983	0.27959950	0.25997145	0.34132995	0.24816435	0.33515402	0.25700458	0.32823161	0.25436489	0.15864514	0.08664259	-0.01361783	0.08753424	0.05621398	0.14645447	0.06222443	0.18013370	0.13079967	0.09039325	0.23246977	0.17984021	0.10491439	0.19894458	0.09972189	0.32952606	0.20165586	-0.17632828	0.11817282	-0.08661280	-0.10889482	0.21628335	-0.09590133	0.13433141	0.14318511	0.14282013	0.07632126	-0.09865072	-0.00914174	-0.01878050	-0.13490847	0.16624438	0.05762974	-0.02346286	0.11043512	-0.19366751	0.12686874	0.09233177	-0.08995344	0.11024032	0.22353717	0.12131209	0.01188565	0.03629726	0.09315095	-0.05586674	0.02839809	0.09381493	0.10635673	0.23411210	0.16492213	0.15320542	0.08360288	0.06322224	0.16523628	0.17699576	-0.00609855	0.17302086	0.13997999	0.16886311	0.12095632	0.14321926	0.12859486	-0.01999239	0.09733878	0.09615127	0.14663300	0.08913916	0.09027529	0.02770282	0.12172728	0.20643730	0.11776859	0.07317529	0.16161955	0.13113681	-0.07799872	0.06487269	-0.00421643	-0.10527710	-0.01101254
17Networks_RH_DefaultA_pCunPCC_5	0.08165381	0.12094281	0.00142891	0.13216200	0.00725869	0.02376373	0.05878687	-0.05890385	0.18605998	-0.00615572	0.10333659	0.12400725	0.18953931	0.07884751	0.16672166	0.09575551	-0.05974590	0.22020806	0.01206303	0.02687021	0.11387710	0.22820158	0.09686724	0.05805806	-0.02014469	0.06446127	0.00983773	0.00435314	0.07177288	-0.07746353	0.03000595	0.03264658	-0.08836327	0.00791494	0.10363763	-0.08545479	0.01040653	0.08543766	0.02841669	-0.04457602	0.10014063	0.07816218	-0.06772105	0.13827008	0.17794223	0.09224935	-0.05141344	0.08652426	0.07826611	0.07890965	-0.09017588	0.05411905	-0.06075191	-0.23700503	-0.10656418	-0.12409742	0.13029957	-0.03197424	0.12671586	0.30125512	0.19052083	0.06679326	-0.00736459	-0.10475583	0.10296370	0.04261832	-0.11683886	-0.07904497	0.02472087	-0.05211978	-0.15452582	-0.02886915	-0.30312744	-0.05670646	-0.21080090	-0.10311956	-0.06021682	0.07172954	-0.11053060	-0.08934173	0.07654217	-0.07517787	0.09173062	-0.05015144	-0.06882644	-0.10964965	0.09658228	-0.33488951	-0.19571541	-0.06189565	-0.12390183	-0.26041888	-0.26737132	-0.09844241	-0.14161695	-0.22113702	0.02145861	-0.17800373	0.05310482	0.04275938	-0.04018825	0.05113985	-0.12922451	-0.00486673	0.21602665	-0.02386263	0.04624778	0.28646531	0.08337123	0.16974151	-0.01784607	0.09052577	0.19546742	-0.11664195	-0.06587766	-0.02315826	-0.17553919	-0.00787396	0.06767882	0.14124163	-0.15914219	0.02386928	-0.09393038	-0.00570223	-0.03563183	-0.15885245	0.12981322	-0.13870035	0.00819404	-0.09708858	0.19108493	0.20827057	-0.15219110	0.09672118	0.02427651	0.21274518	0.04845171	-0.09846276	0.21013249	0.18845276	0.25192180	0.18583978	0.16111938	0.23937605	0.20207041	0.23487206	0.13424736	0.25393423	0.49488332	0.26878097	0.30958582	0.30817151	0.50181871	0.39996001	0.38772229	0.44640352	0.36202684	0.04358515	0.31665868	0.34481764	0.41428891	0.38641856	0.35371660	0.37469818	0.28489697	0.31651003	0.15851909	0.16937503	0.09770680	0.25766619	0.03179415	0.27181103	0.20445684	0.26608170	0.19511796	0.14864718	0.14530257	0.21294428	0.08319653	0.04606541	0.12901678	0.08630375	0.23736112	0.17427487	0.16881928	0.05444875	0.01908096	-0.10798420	0.20639511	0.29832577	0.19428496	0.15892563	0.20227016	0.03045901	0.25192196	0.07898163	0.11224849	-0.14106334	0.04592812	0.18642091	-0.04426013	0.01135272	0.07365208	0.09715466	0.05025714	0.00574653	0.17866941	-0.08348702	0.07981985	-0.06364813	0.04128057	0.02754637	0.15064103	0.00066479	0.04797552	0.15512585	0.13804625	0.13007239	0.11355419	0.07636519	0.09828053	0.10907264	0.06918040	0.00217107	-0.00509959	-0.09480680	0.07033732	-0.11823150	0.07869163	-0.01678985	0.09821160	0.07981241	0.06259102	0.06212833	-0.10273229	0.10869201	0.16190869	0.14800138	0.14198603	-0.06330520	-0.01100625	-0.01419128	0.07561225	-0.01637846	0.06055647	0.05743609	-0.06536713	0.05473326	-0.07115265	-0.08584094	0.00049187	-0.05137780	-0.10773690	-0.03629722	-0.01631896	-0.19058464	-0.13105433	-0.17563448	0.04341698	0.07986848	0.03170872	0.05902482	0.32746507	0.01896649	0.00806492	-0.07251459	0.04684257	-0.00937063	-0.06603181	-0.14120550	-0.02855749	-0.16021156	-0.23668789	0.04314816	-0.29373364	-0.23672140	-0.18197953	0.04412176	-0.15065855	0.06806569	0.16968497	-0.02787137	-0.16047760	-0.15557058	-0.19497969	-0.24660150	-0.34498702	0.02115197	0.07951404	-0.22669801	-0.05407741	-0.18204442	-0.20095383	-0.16871788	-0.03760271	-0.14984086	0.08046286	-0.13852271	-0.08006705	-0.23274460	-0.08072314	0.00940581	0.09505265	-0.12325969	-0.19103608	0.03696814	0.17295772	-0.01326613	0.13175673	0.06920798	0.35982689	0.08423438	0.07185111	0.02105518	0.15990410	0.03857285	0.10606352	0.19872578	-0.04341873	-0.04045443	0.08216836	0.07807818	0.15752204	0.09117276	-0.12198260	-0.16384016	-0.06047805	-0.10293742	0.40118119	0.17414667	0.25755792	0.20121331	-0.11814998	0.23982454	0.02941384	0.20514331	0.05574109	0.26432135	0.08293064	-0.21516057	-0.16397636	-0.01082511	0.27035018	0.33117197	0.38504130	0.23171479	0.20702281	0.05229215	0.42745501	0.22938372	0.14454668	0.17296894	0.45021480	0.32723643	-0.05492315	0.18468430	0.19055792	0.34257449	0.49007454	0.28166554	0.33147248	0.46617540	0.42533109	0.40432399	0.42254904	0.20975723	0.91809274	0.50337323	0.40290943	0.40973554	0.40653988	0.22655357	0.23025309	0.25687662	0.22029908	0.27478136	0.36480172	0.33004689	0.27901058	0.32296938	0.14151724	0.30957322	0.28434367	0.04441973	0.27066411	-0.01159953	0.18011957	0.17681698	-0.00094623	0.09757036	0.04565838	0.19774709	0.00321192	0.11289280	0.26649041	0.00058408	0.33351059	0.12849789	0.39939831	0.10027505	0.09666223	0.12534026	0.03942516	0.06423942	0.08434457	0.01168468	0.06071513	-0.04804511	0.05678006	0.00771092	0.02751932	0.06536213	-0.08317478	-0.10631011	-0.06287109	-0.04219725	0.11297883	0.15450869	0.07981211	0.11582952	0.03546461	0.02408252	0.08129805	0.16462011	0.00340024	-0.17635510	-0.07995210	-0.01210014	-0.04260860	-0.07965774	-0.03237754	-0.04019521	0.23098897	0.13612809	0.10658944	0.02671943	0.06756004	0.12227918	0.16684491	0.09505093	0.27110690	0.19551096	0.23951879	0.22297878	0.25121352	0.24416989	0.16040064	0.21579314	0.03299502	0.04779303	0.05379964	0.16268882	0.08385101	0.20905744	0.14254325	0.08754017	0.12754753	0.12170552	0.18688078	0.10788248	0.08457063	0.04216634	-0.01150767	0.04751367
17Networks_RH_DefaultA_PFCm_1	0.32735696	0.21027060	0.19580780	0.28819406	0.00255388	0.02315343	0.19662048	0.00218570	0.26392519	0.04431563	0.17193914	0.17569532	0.09991133	0.19983483	0.23548600	-0.04903100	-0.00945608	0.24407402	-0.00253459	0.04715231	0.11527371	0.13069741	0.04890202	0.01344357	0.04639616	0.09483559	0.08581287	0.10770166	0.25324344	0.13141462	0.12029800	0.17807599	0.08142502	0.13563442	0.20115200	0.13316485	-0.00965190	0.31408114	0.31850743	0.12424626	0.14201782	0.17074610	0.11270452	0.14636726	0.10498648	-0.07168784	0.00481437	-0.03720473	0.14319562	0.00974859	0.00639474	0.21461695	-0.06816790	-0.15319917	-0.07088463	-0.20944637	0.10170784	0.13398642	0.15064496	0.41834459	0.21836604	0.26909235	0.05962209	0.03221307	0.22741588	0.14559275	0.01974439	0.05529926	0.14569007	0.03244927	0.03721944	0.10111317	-0.16668901	-0.03274887	-0.04803021	-0.00047250	0.08316272	0.06010415	0.10005806	-0.00678086	0.24049862	0.11659982	0.15541021	0.01625798	0.04673369	-0.08844171	0.16766946	-0.15518837	-0.13924363	-0.20226464	-0.02609231	-0.21550813	-0.06640197	-0.00759620	0.01338329	-0.06882325	0.16565409	-0.01315819	0.22525188	0.23988396	0.02714396	0.08760917	0.01443352	-0.00283159	0.30914806	-0.11876925	0.10763581	0.31026994	0.17913611	0.41625206	0.13914093	0.24897262	0.18741724	-0.20600609	-0.15059214	-0.06191528	-0.27580008	-0.04045093	0.05280971	0.19585674	-0.07663999	0.22623088	0.04540877	0.21362599	0.07693924	0.01862716	0.26811427	0.13576740	0.09497887	0.05143152	0.24339297	0.18672933	0.00981811	0.30925099	0.25077147	0.42403537	0.24126901	0.03553901	0.34824950	0.32590198	0.30913323	0.16155781	0.26199130	0.09317339	0.16879967	0.22545249	0.07132047	0.19363762	0.49925401	0.34513442	0.37098939	0.35152804	0.52161134	0.48765257	0.42433087	0.44496413	0.35453420	0.14638808	0.35705368	0.42949822	0.62750254	0.53262167	0.49113319	0.40279948	0.40630756	0.37712087	0.28824166	0.20377874	0.10983421	0.37839911	0.20457073	0.33731624	0.34279016	0.33202549	0.43677304	0.24882397	0.15484073	0.35172035	0.27062053	0.23912866	0.13575235	0.15613471	0.33166198	0.36613391	0.32056825	0.21438157	0.15194087	0.09144381	0.37700054	0.40298488	0.22724164	0.24154821	0.19960068	0.00328918	0.41605236	0.23903590	0.20861060	0.04756112	0.15577269	0.29456574	0.19156859	0.18867916	0.11201390	0.33585713	0.13753115	0.11140541	0.26848283	-0.11985849	0.11561499	0.00679832	0.15859881	0.11301984	0.14082912	0.01755933	0.17049610	0.16171349	0.08426409	0.13291398	0.15298394	0.06074352	0.14976298	0.06868281	0.04942926	0.10474196	-0.02339737	0.02151378	0.14303844	0.01084021	0.20390759	0.09372432	0.15943887	0.09014039	0.14182018	0.13284161	0.04468666	0.24513515	0.15329585	0.13848359	0.16184897	0.03153696	0.23570189	0.13015846	0.22720010	0.02959660	0.06618514	-0.03624099	-0.07914616	0.09698892	0.03473274	-0.11167316	0.04497358	0.02645343	0.01071462	-0.02437699	0.04955910	-0.05266994	0.03775330	-0.00761443	0.14586382	0.28424482	0.15826315	0.16088790	0.54281883	0.02460811	0.07461012	0.02271938	0.09440474	0.07204141	0.06641448	-0.06395024	-0.03133895	-0.09708228	-0.20036851	0.02584620	-0.19717363	-0.12319428	-0.09820909	0.06497240	-0.05369145	0.06757107	0.29198068	0.07987213	-0.03356725	0.03434447	-0.06434243	-0.18389772	-0.26238908	0.10134759	0.07506524	-0.20724380	-0.08894341	-0.22315383	-0.16594600	-0.14178507	-0.10019168	-0.12759912	0.10400844	-0.10924669	-0.07091406	-0.11854032	0.01040666	0.17696800	0.15060377	-0.05676816	-0.09288074	0.08358550	0.16054556	0.13999919	0.15070771	0.04277011	0.34243865	0.12299554	0.24400084	0.15795629	0.19280514	-0.01476569	0.23146119	0.19969171	-0.06699536	-0.07965543	0.18965645	0.01538146	0.12189148	0.08713575	0.01269976	-0.07287278	-0.01340981	-0.01893375	0.48270340	0.31574954	0.32632634	0.22041741	-0.05786787	0.27682155	0.17291689	0.30083573	0.29457190	0.33245541	0.21540405	-0.13208399	-0.16474015	0.16214015	0.27333826	0.34225362	0.54464683	0.44601025	0.23875645	0.10727994	0.45611803	0.28014943	0.02386466	0.09376361	0.47470650	0.32479723	-0.02368246	0.23855300	0.26445564	0.38776696	0.55128629	0.38028858	0.50798110	0.53547410	0.52533086	0.48969464	0.44778802	0.32522818	0.50337323	1.03466116	0.64384869	0.52272934	0.62974472	0.34839022	0.30042451	0.41634565	0.41702050	0.22911304	0.56859587	0.43966030	0.49577668	0.37643149	0.25911791	0.31846447	0.34419125	0.06054576	0.40770889	0.05448075	0.23738320	0.23220147	0.17239311	0.08070613	0.09170276	0.23506365	0.10318580	0.28814304	0.34676663	0.08711393	0.33156485	0.22382993	0.49506549	0.14864879	0.02234806	0.06359348	0.06228030	0.00855286	0.07943980	-0.00487279	0.19845621	0.00677807	0.23205451	0.14650688	-0.04119116	0.01577310	0.15361113	-0.02169879	0.13454609	0.23559035	-0.02751124	0.18402947	0.01257634	0.27228096	0.08760673	0.02630485	0.15018043	0.14102512	0.13098752	-0.04645336	-0.18611604	0.05509212	0.14871708	0.06751878	0.12851979	0.21442672	0.35827887	0.17061089	0.11204304	-0.04865653	0.03507289	0.17946296	0.13530930	0.06238623	0.37096051	0.31623440	0.35218490	0.33286415	0.36909052	0.32883111	0.24094384	0.29031184	0.18113770	0.11349456	0.05273142	0.00774822	0.04761751	0.22104870	0.20608141	0.07616346	0.14249069	0.33705676	0.29905444	0.23434302	0.22765100	0.16801094	0.12450431	0.14380791
17Networks_RH_DefaultA_PFCm_2	0.25341432	0.12981802	0.25380748	0.26504650	-0.03414445	0.05546470	0.23050774	0.01883683	0.25854861	0.09002981	0.19724023	0.16267234	0.09654153	0.15275547	0.23081957	-0.06600518	-0.10798453	0.19876488	-0.11643526	-0.06634352	0.04549227	0.04078827	-0.03684301	-0.03722505	0.03659438	0.07803030	0.07389350	0.02404635	0.25301249	0.13584498	0.11354653	0.05561246	0.00895080	0.03140981	0.12313958	0.08838949	-0.03143220	0.30837248	0.26844833	0.00014051	0.11188031	0.15912320	0.05139754	0.19863888	0.10779919	-0.00739470	0.10471231	0.01257546	0.12263460	0.06595861	0.04441118	0.18275040	-0.07942372	-0.13916433	0.02070576	-0.18198922	0.07201935	0.00029844	0.11956541	0.32232486	0.20506251	0.20467650	0.06282458	0.06162384	0.13474854	0.05512361	-0.03372215	-0.03508209	0.05132558	-0.01730621	-0.01895215	0.02301637	-0.19193181	-0.03481782	-0.09084012	0.00733781	0.07260315	0.04864182	0.04971915	-0.01758921	0.24459919	0.09664024	0.17538570	-0.04451735	0.02695640	-0.04753021	0.13765881	-0.21129840	-0.09708814	-0.08537115	-0.03198621	-0.16648144	0.02305027	-0.05057091	-0.01420090	-0.05782740	0.15778720	0.03553750	0.19248346	0.14676280	-0.08053302	-0.00575167	-0.04751323	-0.01898690	0.20908305	-0.20711630	0.00117227	0.13553328	0.15772361	0.30942325	0.08183351	0.21771995	0.31653783	-0.10027506	-0.13380577	0.01500963	-0.16139521	0.11832784	0.06137090	0.11743716	-0.03642305	0.11384828	-0.11640118	0.09149709	0.03457444	0.01421919	0.21157881	0.05291594	0.00397668	0.00010431	0.27633638	0.10742633	0.02828908	0.30517791	0.18378717	0.26246126	0.09150538	-0.04507663	0.28367590	0.29085142	0.33192714	0.05668808	0.23948173	0.08671752	0.15608347	0.20872292	-0.01200252	0.12386304	0.49433592	0.32966286	0.24052096	0.20972136	0.49679370	0.46656319	0.45833025	0.35855353	0.24861817	0.11765212	0.36237401	0.39009658	0.56323888	0.42799369	0.44514930	0.32466424	0.31983926	0.19795407	0.25777581	0.31735751	0.21109082	0.38566933	0.22986796	0.31283646	0.31708527	0.27840670	0.42071008	0.30119006	0.07825198	0.25381014	0.13761132	0.12006622	0.09022364	0.10193744	0.27451885	0.35833221	0.37558170	0.15974033	0.09850016	0.13049407	0.28394263	0.33417607	0.26467877	0.15219536	0.23119802	0.08256152	0.33462584	0.19979816	0.17612801	0.03753568	0.06561214	0.30459346	0.12849738	0.13302253	0.05949305	0.30366730	0.22703225	0.13930127	0.28115336	-0.13817502	0.08596916	-0.00534453	0.09953408	0.11663128	0.08768573	-0.03241559	0.14487594	0.05331707	0.00171724	0.04240862	0.03871885	-0.04253613	0.07577242	-0.02263291	-0.00173399	0.01970017	0.00225206	0.03339672	0.03957509	-0.02239551	0.15718425	0.03396112	0.09412845	0.06466096	0.10447750	0.11432246	0.01762233	0.22670620	0.20824720	0.19987725	0.18721320	-0.01739313	0.22623079	0.18618783	0.23145650	0.01035289	-0.00337604	0.08678296	-0.00895844	0.09899960	-0.02369585	-0.12449322	0.06956238	0.06133261	0.07596992	0.00097669	0.00424330	-0.11535219	0.01519681	-0.05431111	0.03524248	0.17725757	0.13693424	0.12166488	0.58152601	0.04604105	0.00984094	-0.04917161	0.09052665	0.00903658	0.00906059	-0.09629627	-0.07611076	-0.10266998	-0.15987900	-0.02453448	-0.25833146	-0.15598761	-0.10383126	0.01123550	-0.02338899	0.03773791	0.25828396	0.11616207	0.07641557	0.06132684	-0.03076723	-0.15736479	-0.32398041	0.03822231	0.06197736	-0.19610759	-0.06301238	-0.14122660	-0.19141356	-0.13697431	-0.17607604	-0.08126814	0.10985093	-0.05969988	-0.09936729	-0.06100464	0.00013512	0.09828626	0.10708382	-0.08574448	-0.14624872	-0.03670848	0.09263475	0.08749776	-0.00069037	-0.03652793	0.15441385	0.02265761	0.18587942	0.13469614	0.21687744	-0.02985543	0.22193108	0.28839286	0.06872173	-0.01733085	0.10967455	0.09764649	0.08931108	0.04176870	-0.00083034	-0.19235966	-0.06414052	-0.07594106	0.43257139	0.32140467	0.34274872	0.14238020	-0.07116856	0.26241092	0.10193004	0.31638229	0.25767387	0.24005712	0.11436332	-0.17381057	-0.18402840	0.07590132	0.19813080	0.29930756	0.50049934	0.46771645	0.15109708	-0.01084151	0.38285166	0.21016259	0.04610452	0.07110781	0.49790248	0.29554043	0.04530723	0.16407753	0.08492476	0.36601849	0.48538366	0.38183726	0.47462277	0.52974113	0.51212769	0.51776669	0.33416197	0.17424319	0.40290943	0.64384869	0.98667447	0.36121473	0.60984878	0.32582083	0.20900162	0.31700711	0.41308047	0.14871838	0.46482579	0.38165515	0.37622357	0.25826334	0.11570810	0.15426971	0.33280357	0.06048514	0.46493187	0.14139735	0.20890296	0.27319236	0.15656449	-0.00013055	0.06778963	0.25607194	0.02268549	0.22958747	0.26629613	0.04126319	0.33926630	0.22054812	0.43140831	0.07473991	0.10560750	0.08632078	0.07751686	-0.00389245	0.06384283	0.02155767	0.08036672	-0.06162259	0.21526615	0.07861937	-0.05193474	-0.07260337	0.20352873	0.12147570	0.07454408	0.10508118	0.06652281	0.22223712	0.05154585	0.31546826	0.03610143	0.00568584	0.11752509	0.11199427	0.09337710	-0.05700910	-0.20935807	0.02008567	0.13842857	0.09489220	0.06582729	0.14233095	0.31803863	0.14223491	0.11229996	0.08100477	0.06235616	0.16904755	0.12843799	0.02604262	0.32353782	0.31379135	0.30151847	0.30066024	0.36236075	0.33212657	0.31633400	0.34844662	0.11628160	0.10793112	-0.02475758	-0.00828955	0.02187000	0.16896966	0.11991767	0.04139747	0.04613215	0.23643503	0.18983148	0.24648591	0.14601670	0.12698561	0.15881248	0.18236504
17Networks_RH_DefaultA_PFCm_3	0.07366029	0.13519284	0.02566609	0.06699006	-0.06110918	-0.01781268	-0.01359698	0.01732560	0.05346903	0.03630820	0.09081589	0.08557129	0.13806447	0.12331474	0.12294748	0.08260225	0.11892138	0.17771206	0.14925000	0.07641295	0.19982100	0.22791499	0.10616325	0.09055093	0.00691513	0.00947676	-0.00227134	0.07786000	0.07301213	-0.03758587	0.00974417	0.04587325	-0.00539054	0.05906472	0.14859636	-0.02583160	-0.11508077	0.12925230	0.12189628	-0.00212041	0.03652385	0.19443939	-0.03017058	0.11748194	0.15509798	0.00581720	0.02927977	0.03335155	0.28955177	0.03215427	-0.03316524	0.10134804	-0.06809313	-0.13232022	-0.08459088	-0.09245715	0.06996883	-0.00968562	0.04086729	0.27401325	0.27677580	0.14111292	-0.06663622	-0.05881354	0.16370411	0.02416763	-0.04657722	0.00573639	0.08335219	-0.06658127	-0.09147302	-0.08466815	-0.13756724	-0.08842327	-0.10326790	-0.15508438	-0.05835061	0.04593063	-0.01597185	-0.01488773	0.10679690	0.00286028	0.05942287	-0.03446851	0.02873876	-0.06552453	0.22461875	-0.14873917	0.01314055	-0.04493426	0.03400760	-0.13563547	-0.07241715	-0.08571964	-0.05518198	-0.04412002	0.12293894	-0.07944175	0.17386199	0.07391187	0.08195417	0.16399893	-0.02354110	0.05251166	0.31556226	-0.04826085	0.19043599	0.46098795	0.05912639	0.37281915	0.06350583	0.05464541	0.20692064	-0.22830961	-0.17856618	-0.14349292	-0.19903436	-0.09564139	0.00605718	0.16659613	-0.12903798	0.14654132	0.01034179	0.04487004	-0.08104424	-0.04326853	0.07685984	0.03666783	0.03473336	-0.01926246	0.15058656	0.19915920	0.14002484	0.11915047	0.09073297	0.20075961	0.10297463	-0.05446216	0.22973983	0.22885539	0.21203379	0.25573045	0.31025034	0.20635353	0.11313491	0.06256681	0.16155803	0.25375126	0.31879590	0.18470421	0.35927963	0.32857185	0.37395503	0.30428184	0.27783172	0.40720890	0.36669200	0.22342975	0.21974729	0.33474411	0.46653065	0.45779657	0.41792655	0.51948455	0.29242683	0.55196131	0.15004687	0.13098022	0.06512250	0.27536025	0.19088932	0.26432182	0.20509976	0.26385880	0.35181841	0.23552193	0.27953692	0.29929749	0.18224301	0.16310532	0.15037643	0.11806794	0.34773420	0.22904485	0.23423508	0.22842890	0.14044903	0.01917537	0.25671930	0.28111804	0.14858534	0.15576768	0.25044517	0.06978226	0.31275603	0.21683184	0.27265985	0.14305567	0.07928959	0.23433608	0.17447101	0.17686297	0.17419708	0.15464689	0.03454953	0.03723932	0.14934177	-0.06790683	0.11488474	-0.01267286	0.19054117	0.09840240	0.21098259	0.11649553	0.19465181	0.20999744	0.15343232	0.23957230	0.13860876	0.12036471	0.18399556	0.14083636	0.11401504	0.06839381	-0.02995341	-0.05135997	0.02814540	-0.11453957	0.07892195	-0.02466427	0.09710078	-0.00169273	0.05859062	0.04240979	-0.08609336	0.03446274	0.13538054	0.08707465	0.10912159	-0.00157953	0.02867917	-0.00042386	0.04940391	0.04005935	0.08645545	-0.00351865	0.02954648	0.10699159	-0.06202259	0.01074335	0.01868716	0.04055005	-0.12605449	-0.01982204	0.01701238	-0.07137698	-0.11010917	-0.06810525	0.18688109	0.21441807	0.12831884	0.06955192	0.29080788	0.02992359	0.06300662	0.08544916	-0.06562413	-0.07779794	-0.11829301	-0.11208258	-0.16211829	-0.20765201	-0.15045503	-0.00558850	-0.17500054	-0.18165031	-0.21311066	-0.03486947	-0.10531055	0.07085772	0.16272108	-0.08117801	-0.13798072	-0.10893745	-0.14119590	-0.18514538	-0.21396862	0.15650671	0.16038646	-0.18661721	-0.03066697	-0.09813522	-0.11463995	-0.13567237	-0.08266961	-0.06224367	0.15887677	-0.14052015	-0.05614645	-0.19203493	-0.04117019	0.09714675	0.15335739	-0.03892554	-0.04288277	0.02996238	0.29420038	0.11958169	0.27323972	0.16769655	0.58731466	0.30253522	0.04544904	0.12238039	0.07134410	0.02859412	0.04665120	0.19871348	-0.14429561	-0.07862595	-0.04681090	-0.01831976	0.05180585	0.03781754	-0.09375532	-0.18271678	-0.02010179	-0.04349134	0.33810492	0.15205320	0.24490019	0.09228024	0.00191572	0.24232426	0.15246018	0.12661146	0.20767703	0.30035138	0.12045632	-0.11682544	-0.01720161	0.11899381	0.20279265	0.23296898	0.30650494	0.25749959	0.20938676	0.09121748	0.33836593	0.25445434	0.13018049	0.20455207	0.25921892	0.22690379	-0.13536093	0.19885292	0.32535251	0.32634539	0.37649779	0.24463615	0.41578681	0.37621377	0.33394590	0.33814767	0.39915012	0.37384156	0.40973554	0.52272934	0.36121473	0.89482976	0.49828764	0.28919887	0.31538227	0.36658871	0.28069749	0.20202368	0.34374562	0.38660846	0.38411904	0.28040533	0.24391717	0.39944961	0.36744100	0.14543215	0.25232265	0.09809222	0.17713527	0.15868961	0.16484230	0.02706078	0.09195262	0.17659456	0.08477021	0.22667980	0.30980303	0.06376364	0.36318707	0.23347812	0.42674565	0.18389847	-0.06251626	0.15812555	0.03668682	-0.06502308	0.19986477	0.00397936	0.19537540	0.02933453	0.20109457	0.23179559	0.06897733	0.05766031	0.04397962	-0.05930749	0.15456038	0.16583525	-0.07577304	0.13913501	-0.05424194	0.09330874	0.12248473	-0.06238176	0.14620487	0.10395844	0.23806320	0.07636398	-0.07850284	0.06172290	0.05159780	-0.02402486	0.14356614	0.11489046	0.18111460	0.05261840	0.03630015	-0.04397897	0.04283823	0.07176907	0.08153066	-0.00222257	0.09153101	0.14885661	0.11256646	0.19133681	0.18338973	0.18511070	0.09865411	0.15981360	0.08754877	0.04444991	-0.00257005	0.05941184	-0.01534049	0.16445230	0.07230481	0.11307805	0.01022852	0.19542939	0.16752020	0.04448038	0.06301304	0.08805589	-0.00983737	0.10275438
17Networks_RH_DefaultA_PFCm_4	0.28982238	0.26301697	0.27122440	0.33312732	0.07034881	0.02218809	0.22743949	0.12975125	0.28355349	0.17340660	0.21923703	0.19416073	0.13964847	0.21165247	0.29643537	0.00247517	-0.06691841	0.31082615	-0.07363713	-0.04448315	0.10553289	0.08694146	0.05885768	-0.03421073	0.05471729	0.05672665	0.12305868	0.03104478	0.25235381	-0.01025900	0.07946936	0.08979309	0.08664713	0.13292035	0.17949284	0.16542000	-0.01480573	0.41314473	0.38243116	0.09604123	0.16901635	0.25274435	0.11484354	0.20748572	0.21001911	-0.01541279	-0.01383035	0.03297283	0.21896670	0.11220348	0.03990312	0.20059196	-0.07063355	-0.24588172	-0.04240521	-0.16486029	0.13047275	0.06940906	0.23273635	0.40585561	0.32189026	0.35567857	0.11262242	0.06427090	0.28273446	0.13711817	0.02279634	0.07656167	0.15173476	-0.02002435	-0.03118432	0.07487364	-0.30108441	0.00930407	-0.13531902	-0.02420406	0.07283414	0.12752329	0.09656865	0.01278203	0.27338010	0.15661234	0.20585585	0.02626895	0.11887157	0.00068228	0.29897885	-0.34810526	-0.22203744	-0.13537632	-0.04320424	-0.18494049	-0.03835521	-0.00667846	-0.07260272	-0.12950543	0.16064799	-0.03999850	0.29249709	0.31435072	-0.20398328	0.06505877	-0.17443493	-0.03527048	0.28270545	-0.12492799	-0.02583553	0.34374579	0.00510839	0.39985106	0.03390374	0.18563625	0.36815028	-0.16690941	-0.22182583	-0.12852985	-0.16843345	0.05166500	-0.01446539	0.13239146	-0.03912326	0.23277595	-0.18673139	0.06706239	0.01043824	-0.07371414	0.22238987	0.02309396	-0.13851008	-0.02104469	0.32498390	0.16628649	-0.05890599	0.28704533	0.15944628	0.23434332	0.02268304	-0.05713111	0.42670976	0.27420197	0.32156167	0.14600712	0.43335406	0.00456428	0.05888520	0.23021099	-0.06051045	0.09690995	0.55327318	0.24648699	0.38115192	0.38048848	0.56592024	0.51403448	0.58217820	0.37439629	0.16748259	0.21527850	0.55617219	0.47367800	0.65407645	0.43529661	0.63526164	0.54340427	0.25207995	0.35682494	0.29578137	0.27759326	0.15655051	0.49598007	0.19882129	0.40974383	0.48142237	0.41078326	0.64747109	0.48578445	0.33667726	0.46030858	0.24211987	0.30866442	0.26106991	0.30805839	0.45406571	0.30276831	0.46994954	0.36961737	0.30485214	0.08622390	0.30089051	0.38753382	0.24336991	0.16364736	0.29416432	-0.00037082	0.37234796	0.26643059	0.30869696	0.03499572	0.16641321	0.37867791	0.35377558	0.25892278	0.23390892	0.41273137	0.27822936	0.16678556	0.36350234	-0.02622207	0.15897265	0.12971073	0.13231477	0.22021351	0.21931405	0.02333972	0.28304570	0.24953428	0.05881049	0.13787470	0.13216141	0.02405888	0.11917898	-0.05497594	0.06466869	0.14088078	0.04256669	0.00499524	0.08868817	-0.03622656	0.23095976	0.09477060	0.15580509	0.14814520	0.16500514	0.15554658	0.07241223	0.26904743	0.18152759	0.18853292	0.26856046	0.10165706	0.29682274	0.21792475	0.27535584	-0.01518237	-0.02228815	0.03297994	-0.02065146	0.13157561	-0.04137835	-0.06748058	0.09598139	0.03508190	0.00220885	0.01395095	0.08626017	-0.16635418	0.02925298	0.04387924	0.19247890	0.32337070	0.27514653	0.22091712	0.60107122	0.10954357	0.12072015	0.06538009	0.01612433	0.10634077	0.08150590	-0.10427628	-0.02251477	-0.06482626	-0.14671962	0.06419480	-0.24629324	-0.17119764	-0.08529604	0.05562241	0.00981231	0.17976341	0.37264829	0.07404889	-0.01205736	-0.03460352	-0.13423727	-0.18055352	-0.36518583	0.03997301	0.12348409	-0.32481747	-0.09192326	-0.27268661	-0.17732978	-0.16913681	-0.23801802	-0.09657264	0.15543638	-0.16371209	-0.19772241	-0.17969654	-0.00237890	0.15502046	0.26541008	-0.19775472	-0.26268355	-0.11560274	0.10456252	0.10953407	0.11809635	-0.04156450	0.40351159	0.09153271	0.02717573	0.08761347	0.13300871	-0.06031958	0.16944218	0.35052699	-0.07676134	-0.02083293	0.02640107	0.08984591	-0.03167649	0.08500635	-0.00716959	-0.35095452	-0.13725943	-0.02066427	0.49431070	0.18961049	0.30567685	0.11025853	-0.08244806	0.33437824	0.04231403	0.22118050	0.23307089	0.28798898	0.02041371	-0.31703935	-0.24664431	0.07747731	0.13351874	0.21672855	0.47844198	0.41777209	0.17903823	-0.07263130	0.33425914	0.14806271	-0.01866736	-0.03434483	0.53038389	0.29409526	0.03434595	0.23045358	0.09431682	0.44799847	0.45611352	0.21452342	0.69016627	0.64877287	0.61195754	0.62931230	0.20340915	0.24512353	0.40653988	0.62974472	0.60984878	0.49828764	0.97843744	0.44217470	0.28553152	0.33651988	0.34900250	0.22918534	0.55310590	0.34738492	0.52244134	0.32910478	0.20762119	0.38666081	0.42640304	0.08908697	0.38539364	0.05364761	0.26376930	0.24593451	0.13884930	0.06886936	0.06499887	0.30403883	0.05650529	0.32146074	0.36222427	-0.03020311	0.36731516	0.21761199	0.48859919	0.12198968	0.05478523	0.11593198	0.07743829	-0.04511010	0.15594006	0.02540857	0.22813392	-0.02238376	0.22172199	0.10565007	0.06739939	0.09326493	0.14577285	0.02826907	0.14747361	0.24050846	-0.01580817	0.10606316	0.01014064	0.20422756	0.06714589	0.02172255	0.21885418	0.13884036	0.17954590	-0.08679185	-0.06114820	0.09655283	0.11808057	0.03170533	0.16653704	0.15765093	0.44251147	0.20745495	0.17811080	0.15816087	0.03414231	0.28076022	0.23872801	0.16934472	0.30573825	0.36576157	0.32951740	0.32922821	0.41706883	0.41746322	0.34381770	0.38619455	0.19295153	0.17864270	0.14319050	0.11128573	0.08613618	0.28161880	0.16562035	0.14934844	0.15530393	0.31886860	0.38671652	0.31255653	0.31334784	0.32011462	0.25368032	0.28195160
17Networks_RH_DefaultA_PFCm_5	0.37267423	0.38931147	0.34639279	0.44877090	0.15583732	0.10695948	0.34871834	0.25667485	0.28937509	0.24722435	0.29926518	0.21153562	0.29817843	0.36696930	0.44227687	-0.01967771	0.10895597	0.26800685	0.03570506	0.10625670	0.16475481	0.03791840	0.17420196	0.10339190	0.10137509	0.15946222	0.12067787	0.14710396	0.16464508	0.07078911	0.08206504	0.17745105	0.15414544	0.20826959	0.24719819	0.31781384	0.01959420	0.29042130	0.34876804	0.25526398	0.03264384	0.17888524	0.07226894	0.24781875	0.15201734	0.01272948	0.10077325	-0.02647591	0.20664068	0.12281886	0.17661565	0.22483934	-0.11211004	-0.15577080	0.03017346	-0.11950639	0.26652960	-0.01041913	0.24049119	0.36559543	0.31719370	0.38703309	0.24644492	0.05972452	0.25206963	0.19988983	0.14961721	0.16377281	0.22967791	0.04699508	0.12517842	0.16556509	-0.13732455	-0.01550625	-0.07054923	0.12284997	0.12385351	0.13284692	0.07193042	0.07795315	0.26224854	0.37531993	0.25947477	0.12669834	0.27715537	-0.01308654	0.28556579	-0.18363192	-0.15461974	-0.03643370	0.01534192	-0.05190538	0.04990310	0.20516723	-0.03207636	-0.03736724	0.06200557	0.03324717	0.40654663	0.43386933	-0.08826624	0.29322569	-0.06792701	-0.11076978	0.15491198	-0.06162173	0.14956691	0.34224011	-0.14292544	0.21608901	-0.06182351	0.04022071	0.47119102	-0.04381187	-0.18390428	-0.13607607	-0.05946808	0.09653158	-0.13591663	0.08973074	0.05825998	0.22962875	-0.05044286	0.19000709	0.16901251	-0.02623395	0.39771110	0.15755364	0.02881259	0.14596624	0.31294230	0.22572209	-0.04567029	0.35933485	0.22634120	0.41853110	0.19941234	0.07833599	0.37550995	0.32357410	0.42372445	0.31015729	0.56984907	-0.03717015	0.08834977	0.19042513	-0.08651487	0.01681064	0.38203004	0.23906014	0.16671566	0.52935253	0.34282518	0.23158933	0.32226217	0.08311068	0.00947408	0.14420070	0.43520060	0.11700928	0.41611626	0.12323649	0.37695908	0.36374438	0.33719668	0.19196642	0.14731578	0.21178837	0.23502983	0.31003228	0.28020983	0.35066542	0.32413242	0.50004714	0.54125817	0.54766857	0.51874273	0.60013133	0.32807452	0.54661785	0.44320504	0.48680393	0.30207037	0.09794745	0.39978041	0.35538679	0.34770380	-0.03525738	0.13890411	0.01718774	-0.07307173	0.12269065	0.26789715	0.06444183	0.37263430	0.37149052	0.27309139	0.07995761	0.13577325	0.24413655	0.41248731	0.35077487	0.36778282	0.40480948	0.37139702	0.23292214	0.47735293	0.23095628	0.32785314	0.32375061	0.22192220	0.32967491	0.35515129	0.01924259	0.32221853	0.24463933	0.11008192	0.18282457	0.21609029	0.16515194	0.16114070	0.02655276	0.06592615	0.29843207	0.13892920	0.12944929	0.16591754	-0.02830917	0.24213163	0.09757364	0.20087415	0.15040070	0.14473305	0.16635776	0.17952968	0.21409321	0.10597106	0.03785303	0.14184902	0.14418343	0.30126206	0.32199462	0.23865771	0.07861630	0.09971745	0.09531369	0.14045623	0.00841478	-0.00867163	-0.06722796	0.00829456	0.05012880	-0.02354811	-0.04592833	0.15246432	0.03300758	0.12644868	0.13601039	0.18535018	0.40432373	0.45386927	0.29379790	0.37825636	0.17843866	0.20943930	0.24947158	0.01890074	0.14695552	0.09512836	0.05334841	0.03057934	0.00636713	0.03419773	0.22150862	-0.01431472	-0.04523728	0.06162402	0.04509677	0.00902382	0.12111508	0.25472618	0.09243251	0.17130398	0.20079622	-0.06397137	-0.07511402	-0.10710781	0.21544838	0.12118928	-0.25081527	-0.00688400	-0.09221878	-0.14760827	-0.10164186	-0.02003492	-0.01487769	0.00351350	-0.18816187	0.01265762	-0.12754225	-0.02652925	0.46560591	0.37179601	0.00885976	-0.02313303	0.14135477	0.34632093	0.24771340	0.19307139	0.01944805	0.34575299	0.22905343	0.11063309	0.08700140	0.04653270	-0.01053140	-0.01534806	0.35061050	-0.00319707	0.00905575	0.05415674	0.07209589	-0.01675514	0.05112666	0.09084356	-0.23080134	-0.03060170	0.17717136	0.46293905	0.36634694	0.38012147	0.33110106	0.06945153	0.39464238	0.03502250	0.35516549	0.41151435	0.49091128	0.30057076	-0.09766637	-0.11179329	0.11627105	0.38089619	0.38340211	0.59389661	0.21659057	0.33734255	0.14406342	0.38416273	0.32257336	-0.07226194	0.02928259	0.39368483	0.10534515	0.00683026	-0.00672106	-0.09451672	0.38070668	0.47726345	0.29305575	0.44567150	0.48372477	0.25852531	0.42667471	0.01569331	0.21502342	0.22655357	0.34839022	0.32582083	0.28919887	0.44217470	0.94928145	0.14818536	0.35966499	0.31098133	0.32171085	0.53083134	0.47176173	0.60933959	0.45978926	0.53555678	0.30151303	0.39595896	0.23303715	0.16250893	0.06219523	0.08939394	-0.03092389	0.15769580	-0.06208106	0.06456408	0.16340455	0.21259898	0.35280811	0.27370289	0.07302667	0.20440262	0.17557905	0.54314996	0.26699387	-0.02136982	0.08687471	-0.00164207	-0.08230183	0.20746669	-0.00822072	0.07802555	-0.00787338	0.16885326	0.10617873	0.06044618	0.05929259	0.05719364	-0.04212649	0.25126917	0.27750525	-0.04153681	-0.07999767	0.06803858	0.11312358	0.07217096	-0.08826508	0.16817561	0.18585279	0.05052608	0.00118275	0.01064294	0.13670773	0.07550599	-0.01378221	0.36209318	0.27616528	0.35392264	0.27463765	0.21170752	0.21563158	0.04945590	0.29165579	0.22515422	0.08689067	0.33581085	0.36472114	0.37343170	0.35295702	0.52608061	0.53202896	0.45167858	0.42080135	0.25127222	0.29651891	0.21338854	-0.00440581	0.07381461	0.29020546	0.25559294	0.11989199	0.23579679	0.48748420	0.49817264	0.47648103	0.41013848	0.48127362	0.39970604	0.39738231
17Networks_RH_DefaultA_PFCm_6	0.09368866	0.04575227	0.08193775	0.08929468	0.09144877	-0.10723289	0.02631273	-0.06192131	0.01830191	-0.05721541	-0.00162475	0.05728399	0.09816008	0.16902880	0.12668296	-0.04106935	0.05873034	0.08500358	0.07904488	0.04861496	0.08080702	0.06207158	0.05880344	0.07648540	0.00799633	0.01027278	0.14575616	0.12508085	0.09711508	0.02228234	0.09637012	-0.01813976	0.02143653	0.04140473	0.16170094	0.01445825	-0.05441598	0.09038560	0.19177327	0.05337635	0.05590127	0.23609378	0.04027212	0.07595039	0.07025472	0.07763226	0.02822690	0.08276156	0.06881317	0.00708986	-0.03857219	0.01140917	-0.06406770	-0.14925184	-0.07621611	-0.03778634	0.01719326	0.01987453	0.11561038	0.18101497	0.15736358	0.07856881	-0.00563770	-0.13314057	0.15661882	-0.03488529	-0.02002580	0.05085033	0.03008765	-0.09800388	-0.02213855	0.05315984	-0.13969707	0.02321804	-0.10054560	-0.05797400	-0.04758526	0.07736423	0.05124958	0.06583648	0.12300213	-0.03846709	0.06950160	0.01620341	-0.02878004	-0.01628715	0.08653123	-0.12827604	-0.07936822	-0.04243348	0.06854589	-0.03420514	-0.05212306	0.00423898	0.00456632	-0.06208979	0.13978552	-0.05818604	0.16337161	0.16939587	0.08300928	0.10544150	0.03112983	0.05980023	0.30454910	-0.09715838	0.14361710	0.31373973	0.07716784	0.22051720	0.04226964	0.07138419	0.08981955	-0.20322305	-0.21600705	-0.13854045	-0.23400721	-0.15173999	-0.06338034	0.07593490	-0.12261868	0.07746039	-0.01379298	0.03855266	-0.11206652	-0.02975535	0.12193147	0.02967620	0.03049298	-0.07777635	0.09495158	0.13545194	0.14264747	0.07708515	0.01489664	0.08370892	0.00726915	-0.02677820	0.08482956	0.23696959	0.22477790	0.21694712	0.12239869	0.11201594	0.12263614	0.05342380	0.13180013	0.19280471	0.28055603	0.14978284	0.20440843	0.13301276	0.26645858	0.24345969	0.16486131	0.20483725	0.15121617	0.07484140	0.10427137	0.18900054	0.25358075	0.32707753	0.20689464	0.24107091	0.19890855	0.30354970	0.05621711	0.02723627	-0.07378272	0.08883762	0.05125059	0.16541707	0.04003811	0.06233646	0.21428579	0.13635405	0.13891149	0.12706765	0.00362536	0.15228259	-0.01065186	0.05209195	0.27156030	0.23492714	0.14052328	0.14324226	0.07527323	-0.01007328	0.19162701	0.28329556	0.24876516	0.16059159	0.18175117	0.00946013	0.17432751	0.14059572	0.05162269	-0.07164933	-0.06359111	0.00201605	0.18856088	0.14318497	0.13978472	0.15812360	-0.05899477	-0.03320657	0.08441285	-0.08199054	-0.02931341	-0.03449851	0.06171509	0.04403720	0.18933432	0.03568061	0.12478011	0.23123468	0.09380862	0.12714736	0.02776563	0.03397453	0.10772406	0.12770996	0.06917081	0.09803278	0.04442153	-0.00816695	0.07712015	-0.03867827	0.15018515	0.04102380	0.09534494	0.11764701	0.07392805	0.03042522	-0.03639655	0.03742179	0.14691252	0.16944806	0.18721795	0.11197954	0.12244342	0.06931304	0.04685254	0.02220822	0.09383340	0.11013484	0.16204504	0.16535787	0.04536828	0.06855490	0.09089033	0.04367762	-0.02646162	0.11513727	0.05029853	-0.10210399	-0.07613304	0.00515612	0.18118308	0.13601559	0.03554571	0.01414715	0.12988275	-0.00887583	0.02642579	0.01311063	0.02695268	0.02648451	-0.01840829	-0.06176939	-0.03162516	-0.07392580	-0.16451911	0.04876026	-0.11070091	-0.15946941	-0.13069027	-0.00386085	-0.02369081	0.07435928	0.18247320	0.01245157	-0.05355404	-0.03474794	-0.10928594	-0.06578476	-0.16470695	0.07521535	0.10126302	-0.03206475	-0.06227657	-0.10060990	0.05920787	-0.12598271	-0.10427973	0.00105652	0.10516464	-0.04927722	-0.01699852	-0.08811314	-0.03069392	0.03788447	0.05710826	-0.06064647	-0.10733193	0.05385294	0.15227005	0.14899972	0.20892549	0.13545379	0.35659814	0.26901167	-0.02983874	-0.02366652	-0.01363591	0.07697428	0.17395272	-0.00046085	-0.16328773	-0.08556155	0.06707222	-0.07726096	-0.06968538	-0.06013403	-0.02272974	-0.13184186	-0.05004957	-0.12588597	0.31333967	0.15949932	0.15383159	0.18420305	-0.08134171	0.18443622	0.21631408	0.07428798	0.04882170	0.10505051	0.04298649	-0.09994533	-0.05854697	0.17170791	0.22149482	0.20703507	0.21254695	0.22662492	0.13072415	0.05891670	0.30842254	0.16622732	0.12740433	0.14607149	0.16505782	0.21895011	-0.08735127	0.14583507	0.22499043	0.23357426	0.24272754	0.13532620	0.29312463	0.27089814	0.23073769	0.16272905	0.23480897	0.28274864	0.23025309	0.30042451	0.20900162	0.31538227	0.28553152	0.14818536	0.89380466	0.11509673	0.09598099	0.14624513	0.19808607	0.11301415	0.19054864	0.14028638	0.05988995	0.19693340	0.18789984	0.02875353	0.09688062	0.00315455	0.18528289	0.15560397	0.17824155	0.05454818	-0.01910453	0.08863146	0.13381322	0.02944857	0.10150103	0.10648302	0.14349678	0.12362353	0.20487579	0.04566582	-0.13256109	0.07531705	-0.02623960	-0.03340011	0.06615063	-0.11179680	0.18942549	0.02908097	0.17912471	0.23785365	-0.02002536	-0.00820490	-0.03411436	-0.00160713	0.19074313	0.06683186	-0.05088010	-0.04472991	-0.08988133	0.07409895	0.05207563	-0.08836448	0.16704226	0.05992586	0.20695715	0.04108327	0.01559705	0.20670958	-0.00932336	-0.05541208	0.08458777	0.16533363	0.18134252	0.05760839	0.09100159	-0.03728221	-0.00176994	0.10363793	0.05582680	-0.06672020	0.01372792	0.11958837	0.10882767	0.19132959	0.10178113	0.16157368	0.04222147	0.15849496	0.11303395	0.03212624	0.06582102	0.07728137	0.03641530	0.18705238	0.04676773	0.18792297	0.07645542	0.17560860	0.16667483	0.06676640	0.12427492	0.03080884	0.03552871	-0.01841997
17Networks_RH_DefaultB_Temp_1	0.25566428	0.22036624	0.21788171	0.30564419	-0.14000531	0.07886060	0.19225102	0.06868618	0.25631542	0.28162376	0.20303422	0.20456159	0.24216892	0.25846002	0.31209403	0.07347397	0.15665955	0.16061751	0.09737052	0.22041635	0.18419392	0.15937881	0.11653276	0.18488999	0.22310303	0.14551558	0.14568604	0.14217219	0.17382247	0.11016692	0.14302475	0.11136410	0.16092258	0.16138544	0.19615130	0.23266794	0.00175647	0.16955746	0.24751688	0.09561704	0.13476023	0.24732061	0.16427256	0.26243971	0.20240271	-0.02659840	0.09412776	-0.10278726	0.24500524	0.03415220	0.03760134	0.19538603	0.04889955	-0.05070039	-0.01841098	-0.03574468	0.06029675	0.05832589	0.15009974	0.31867172	0.31246803	0.21120097	0.04691568	-0.02885256	0.23574051	0.13405933	0.05538576	0.07999385	0.15620804	-0.04846206	0.09824647	0.04881063	-0.03847471	-0.04511240	-0.07707383	-0.08397669	-0.01605680	0.15193718	0.09847156	0.04565131	0.19182620	0.35758234	0.07602089	0.06255606	0.05347849	-0.00773437	0.35545811	0.02930451	0.01040849	-0.06175118	-0.01335954	0.06049401	0.15802161	0.14232920	0.12074716	0.13787526	0.22202183	0.09125366	0.38411434	0.24468817	-0.03468398	0.10401188	-0.05615491	-0.00203304	0.20147068	-0.05513459	0.04282282	0.28786219	-0.03363173	0.34332470	0.15614196	0.05925409	0.25337961	-0.03864001	0.00562228	-0.15680389	-0.21869801	-0.07183657	-0.02483898	0.14276055	-0.04937083	0.23580096	0.09992768	0.20708237	0.00718229	0.01323917	0.21054636	0.31432045	0.06375986	-0.02312213	0.36300550	0.12026841	0.05475639	0.31157142	0.31004928	0.38610659	0.31791394	-0.09074635	0.18050676	0.36579969	0.23132187	0.12734438	0.43823649	0.08437315	0.15774729	0.15144574	0.03997129	0.08784328	0.29128974	0.28001879	0.12160090	0.26173650	0.27969180	0.17350110	0.24153424	0.17150946	0.23773142	0.26747147	0.24091702	0.26122263	0.30587703	0.22673885	0.20268852	0.33424087	0.32304542	0.33337540	0.22398747	0.11619498	0.18566280	0.27964944	0.37712496	0.41505088	0.15084053	0.37806760	0.31536511	0.21014450	0.19497744	0.29029452	0.19186073	0.29466285	0.28911649	0.40737842	0.33032018	0.16975212	0.40482488	0.39386558	0.41083494	0.10123399	0.19510360	0.12645216	0.02412648	0.19341538	0.27971180	0.09993122	0.50323917	0.48882113	0.46458794	0.31117150	0.17048171	0.36488305	0.18776589	0.20711066	0.26998952	0.33264964	0.16949354	0.19480176	0.27305878	0.12455694	0.15901292	0.13373486	0.20568448	0.17581391	0.34685995	0.18495174	0.32131564	0.18142662	0.14277980	0.25045820	0.24044939	0.19679279	0.18993062	0.18364141	0.14275610	0.08019629	0.01748539	0.18435328	0.12267844	0.05656774	0.16762134	0.10272954	0.27170883	0.09909688	0.10999644	0.13719330	0.09846023	0.20395636	0.23439390	0.09759936	0.22140575	0.09999137	0.25141160	0.16552925	0.08338972	0.32466867	0.27525218	0.16863013	0.15771466	0.14196291	0.03046602	0.02344907	0.13028479	0.04568940	0.01657293	0.00094781	0.11829435	0.04986673	-0.06496668	0.05885103	0.26817590	0.35223733	0.30316293	0.15220684	0.29520376	0.21187259	0.17848586	0.24456142	0.15473673	0.06780165	0.01098522	-0.02916611	-0.02942061	-0.08333814	-0.04397320	0.02645263	-0.09566440	0.00678977	-0.09238899	0.02909383	0.02762872	0.10696380	0.13966073	0.13858663	0.05762276	0.09772691	0.04499714	-0.07431725	-0.04641632	0.26735576	0.32382720	0.00844152	0.12137050	-0.06187809	0.02696032	0.12740736	0.10218524	0.06063373	0.04686820	-0.03099042	0.06350701	-0.09775117	0.12364731	0.30926973	0.15085899	0.14186057	0.16161084	0.14172753	0.21750039	0.11368281	0.21209762	0.09270374	0.29063129	0.27872736	0.21772584	0.26341512	0.12465228	0.07818971	0.06138399	0.08545552	-0.02397270	-0.00167259	0.09286272	0.01027903	0.13856956	0.12883495	0.16235828	-0.11818625	0.09499612	0.05001447	0.35763786	0.51608269	0.48172736	0.25277726	0.10324056	0.42940261	0.14013996	0.29678936	0.57185714	0.39335748	0.33030281	-0.02179517	-0.01369133	0.01020744	0.20758246	0.46524722	0.44186281	0.25990257	0.41288105	0.28635662	0.29938907	0.33953550	0.05651185	0.19946175	0.26701837	0.12636121	-0.02394111	0.10200897	0.19502648	0.28350975	0.39529883	0.39939730	0.29255850	0.33650690	0.26185522	0.35689812	0.29132893	0.31227961	0.25687662	0.41634565	0.31700711	0.36658871	0.33651988	0.35966499	0.11509673	1.04706306	0.44372913	0.34546749	0.32382301	0.42977139	0.41119395	0.46113207	0.24681137	0.37258858	0.51822823	0.35605872	0.16555505	0.02521160	0.15190962	0.05048035	0.24854238	0.15285661	0.24424857	0.28237854	0.25515560	0.54295235	0.39083429	0.21120943	0.40346192	0.30092686	0.51248097	0.23899675	-0.08055162	0.06971133	0.00342738	-0.05658978	0.16920593	-0.09884557	0.20085658	0.04520917	0.17324131	0.13466549	-0.01389854	0.02006678	0.11669592	-0.00150415	0.33508058	0.27290839	0.02849473	0.04404160	0.09669088	0.27950878	0.14818478	-0.03681243	0.21805917	0.22060459	0.19429195	0.08943637	0.04240535	-0.01877738	0.24066297	0.27753206	0.36970232	0.32073475	0.27493959	0.10607258	0.14271109	0.08913173	0.17487151	0.17218590	0.10219134	0.12866305	0.31786138	0.29866679	0.30754366	0.26772718	0.44251149	0.33364353	0.19680617	0.30676491	0.26421510	0.21426699	0.17792707	0.17246354	0.05613500	0.29797130	0.18151338	0.14547909	0.26647058	0.28653278	0.40074571	0.25163947	0.37123314	0.25796238	0.20978076	0.21108082
17Networks_RH_DefaultB_Temp_2	0.17187769	0.02374167	0.26189867	0.22202939	-0.22512268	0.22591174	0.20491602	0.02138537	0.34701802	0.12741843	0.11032375	-0.00177430	0.00891831	0.01767474	0.16470340	-0.22526951	-0.14027669	0.09337527	-0.21853001	-0.09862843	-0.06281688	-0.01730502	-0.16509842	-0.11919372	0.00839630	-0.02785164	0.03867861	-0.10101694	0.06675374	0.10883309	0.09174162	0.10524582	-0.09434727	0.05721719	0.07753121	-0.00916345	-0.10934480	0.18764599	0.14398078	-0.05681022	-0.03312523	0.06453943	-0.14851618	0.22132166	-0.00827289	-0.01300575	0.08070745	-0.10891871	0.34832363	0.09806812	-0.09138253	0.04505231	-0.16811517	-0.15683865	-0.06438548	-0.05277341	0.08349620	-0.04285272	0.17602338	0.26057739	0.10346569	0.13973620	-0.00123420	0.02347333	0.04716753	0.04336699	-0.20340863	-0.17292964	-0.10117526	-0.06816427	-0.18436704	-0.10031767	-0.18185079	-0.10329543	-0.12089166	-0.09787851	-0.08785729	-0.11522434	-0.02452511	-0.12725073	0.07977862	0.22676686	-0.01268488	-0.09276728	-0.00238007	-0.08482853	0.40594492	-0.08130404	-0.04522849	-0.01949106	0.04032701	-0.12849689	0.02477545	0.21190563	-0.03177199	-0.14140230	0.00811787	-0.13241644	0.35112510	0.13058274	-0.15070621	0.02786702	-0.09945337	0.10784803	0.36061390	-0.12492040	0.06765570	0.23937024	0.08912676	0.28728722	0.17935902	0.18495716	0.50088536	0.10460935	-0.02686373	0.14027099	-0.05409213	0.23436949	0.08593059	0.21222655	-0.12336196	0.05914159	-0.04120290	0.06360506	-0.02740103	-0.11068159	0.18529569	0.29010153	-0.00939217	0.02850559	0.39538447	0.13768114	0.02388762	0.31738222	0.19503039	0.34052036	0.25240622	-0.11304361	0.30823991	0.39959998	0.34389939	0.09094481	0.53588856	0.03647634	0.06478104	0.08444591	-0.07669017	0.08776416	0.44596762	0.28048837	0.16846958	0.30412874	0.39525288	0.28106433	0.30147142	0.31216905	0.29454004	0.17036789	0.35120726	0.31800382	0.40251160	0.25532546	0.22839598	0.32653135	0.34554143	0.30399868	0.34812371	0.40051295	0.30522213	0.43893294	0.49115520	0.62252169	0.30845532	0.49814063	0.41621346	0.30112266	0.22415095	0.29748480	0.23206732	0.26963676	0.30943810	0.36896573	0.40999292	0.35571637	0.65523166	0.52531434	0.47546750	0.04348246	0.06111494	0.14811372	0.01346102	0.08817987	0.24380349	-0.03099273	0.44348945	0.45947605	0.44439997	0.29560076	0.15309921	0.51219768	0.06176243	0.08907926	0.00096406	0.28938927	0.19260182	0.15732026	0.37644311	0.06245359	0.30909344	0.04204547	0.15163240	0.08738364	-0.00605056	-0.09041403	0.00491848	-0.00630484	-0.09946380	-0.05648647	0.10508109	-0.04832749	-0.02387765	-0.17584379	-0.07857162	-0.00117355	-0.13180249	-0.10227437	0.00803094	-0.10983336	0.15495498	-0.03642100	0.02103372	-0.11145512	0.06763032	0.08468050	-0.18681632	0.08024373	0.04696159	-0.00538430	0.10994679	-0.09129463	0.06230732	-0.01109560	0.15614596	-0.04087610	-0.12340446	-0.02189202	-0.03132625	0.04743377	-0.21931232	-0.12350491	-0.14677755	0.00393167	-0.06385488	-0.31427148	-0.06574164	-0.08683005	-0.05037401	-0.15053448	-0.11016569	0.14618548	0.09232936	0.06545894	0.37799825	-0.00221403	-0.10251348	0.03401971	-0.15619745	-0.13349637	-0.17768768	-0.20027933	-0.22013339	-0.29354654	-0.10996561	0.04198641	-0.20856040	-0.23265611	-0.20496280	-0.14147638	-0.22879701	-0.10152356	0.13522133	-0.11227387	-0.16023284	-0.12582673	-0.06391208	-0.22053532	-0.25709860	0.16486368	0.20089816	-0.12679827	0.01463731	-0.15176752	-0.16997342	-0.10217678	-0.00236096	-0.19267658	-0.11093573	-0.32924385	-0.11153789	-0.27987513	-0.14888589	0.12595520	0.15031951	0.07038728	-0.04476520	-0.06582224	0.22672379	0.01003046	0.15350029	-0.02495826	0.25062269	0.12953220	0.22885036	0.13243535	0.28785884	-0.04462463	0.10191875	0.35500230	0.08621290	0.07851396	0.06866537	0.13320476	0.04030373	0.00742066	-0.15029059	-0.24105868	-0.09592836	-0.12456291	0.37138387	0.39359699	0.47229885	0.13611415	0.07582722	0.43679077	0.06071822	0.32090217	0.32678076	0.36053507	0.30859968	-0.17685579	-0.18237630	-0.09834328	0.15043645	0.36938822	0.41193212	0.25750536	0.18757547	0.01582293	0.22395550	0.32589230	-0.03568093	-0.05759407	0.38689647	0.16950291	-0.11518637	0.11116013	-0.00903399	0.35531424	0.44827674	0.35082059	0.31688505	0.31738558	0.29979909	0.39247073	0.22684055	0.13304983	0.22029908	0.41702050	0.41308047	0.28069749	0.34900250	0.31098133	0.09598099	0.44372913	1.05584560	0.31070254	0.22645356	0.39951827	0.39966538	0.33983184	0.18857459	0.27442417	0.54250848	0.34658477	0.26978106	0.09903029	0.08749557	0.09405548	0.06573191	-0.15374265	0.14586013	0.27577769	0.23637731	0.36351374	0.54709290	0.23472382	0.46596692	0.30397789	0.56131333	0.36472213	0.14947934	0.10060778	0.13682804	-0.02736901	0.05952882	0.11332267	0.15956182	-0.04878940	0.25829454	0.08625102	0.08471261	-0.06123077	0.11589291	-0.00788264	0.14858589	0.24681976	0.03659502	0.01522245	0.11737718	0.23252948	0.04552543	-0.03398175	0.15496103	0.10443154	0.16803870	0.08229552	-0.11659530	-0.02086544	0.17257075	0.07876505	0.21752219	0.15536477	0.14871727	0.05605049	-0.03002071	0.12422033	0.09362065	0.06440295	0.01239182	0.04220763	0.26616992	0.31742545	0.25009427	0.24223550	0.36308961	0.38209467	0.38150281	0.31557191	0.08780841	0.05424651	-0.08348450	-0.05750212	-0.05753067	0.06192861	0.06618403	0.00093797	0.06465500	0.31283093	0.25072252	0.35265883	0.24309890	0.35963076	0.31571475	0.29164937
17Networks_RH_DefaultB_AntTemp_1	0.12000170	0.04798789	0.09594826	0.14438685	-0.09303507	0.22120149	0.11312582	0.13096907	0.26266043	0.15137058	0.12414344	0.13276771	0.22841437	0.28489236	0.16246067	0.01511831	0.05031907	0.08466011	-0.00967568	0.14301487	0.02788778	0.12500643	0.04077458	0.03505717	0.19940891	0.21105155	0.17563506	0.18159238	0.23516940	0.03573058	0.17331757	0.24798340	0.21512106	0.27695776	0.29886815	0.21351114	0.14751831	0.05504132	0.09750326	0.25484363	0.08437188	0.02831073	-0.00388324	0.10846425	0.07967320	0.09117833	-0.00394253	-0.00564019	0.10883620	0.07036616	0.04680817	0.13717829	0.01354135	-0.29760041	-0.07054162	-0.07453181	0.20676732	0.18027550	0.23336269	0.24905402	0.24959209	0.25806125	0.06269583	0.11753225	0.16462326	0.19737023	0.08763461	0.11669368	0.14401103	0.04942281	0.14342142	0.19063708	-0.18185984	-0.05697337	-0.09585504	0.17216201	0.13197856	0.20824711	-0.07169826	-0.07629790	-0.05349735	0.26633193	0.18438947	0.09245250	0.09991214	-0.10332780	0.20080179	-0.11702815	-0.13127121	-0.03462602	-0.07380812	-0.11557327	-0.08324187	-0.10435257	0.13095885	-0.02121884	0.01315829	-0.01851802	0.22571797	0.22470376	-0.04222253	0.27078655	0.01070403	-0.10761736	0.15205315	0.07920872	0.10388308	0.26128897	0.03264678	0.22919317	0.09773435	0.20164129	0.22651715	0.12224090	0.06401748	0.06365197	-0.11355275	0.21883029	0.13343797	0.27193383	-0.00969622	0.21301481	-0.00327137	0.18626801	0.21176314	-0.02015215	0.20899761	-0.02620259	-0.00304222	-0.07666772	0.09042406	0.10729577	-0.00587056	0.15700461	0.17375478	0.30705166	0.21633812	0.03968034	0.23491264	0.09593812	0.13074562	0.17882072	0.27534978	0.09554728	0.08968294	0.22577656	0.14382649	0.08350240	0.29565078	0.19922202	0.10761003	0.24935489	0.26420991	0.12591708	0.20716528	0.20309916	0.11212495	0.14894879	0.19284034	0.20478725	0.23266052	0.17082714	0.18418713	0.23548909	0.19687923	0.16147863	0.33922543	0.21983946	0.15129519	0.21402064	0.22517358	0.32224698	0.19505819	0.29705111	0.21910588	0.18106760	0.22219263	0.28671011	0.10735206	0.24015268	0.29677251	0.30430506	0.36085346	0.14242334	0.23468956	0.22483391	0.17162527	-0.05355342	0.16890720	0.13135816	0.01659814	0.03604954	0.08868454	0.01082114	0.27222376	0.20069711	0.20379868	-0.01419969	0.10270507	0.19165148	0.18609277	0.09885339	0.14473902	0.12999946	0.08695166	0.09654104	0.22835181	0.14567246	0.21535472	0.18862940	0.18471595	0.07845903	0.19355862	-0.02981790	0.10550014	0.12039720	0.08260522	0.06591108	0.20720159	0.08565768	-0.00977800	0.05252472	0.00818128	0.17254764	0.05371159	0.10385561	0.26661813	-0.03411808	0.26389265	0.23636814	0.29631424	0.16883699	0.21855972	0.22132750	0.16581479	-0.06315930	0.14682716	-0.00502652	-0.03838460	0.03051406	0.03087547	0.10988247	0.06532337	0.17430078	0.05386316	-0.03139671	-0.03160765	0.05037471	-0.16569860	0.01694797	-0.04157687	-0.08765821	-0.11548538	-0.17397649	0.08626540	-0.12511575	0.00990614	0.13922291	0.22827865	0.21185291	0.14943753	0.16751271	0.20728164	0.05339382	0.12407429	0.21751101	0.06092212	0.10946840	0.11519214	-0.01593505	0.14983239	0.05837720	-0.09034615	0.12831001	-0.12087637	-0.03506593	-0.09449713	0.07947108	-0.02483753	0.07220518	0.03269189	0.08452320	0.04235409	0.09113939	-0.08191983	-0.16785826	-0.10119211	0.11796776	0.20568418	-0.13646065	-0.06389108	-0.15368974	-0.10984201	-0.05899023	0.03108969	-0.05593339	-0.03563866	-0.16495812	-0.11139541	-0.16915989	0.05184569	0.25018786	0.26354270	0.06057796	-0.05825079	0.06207617	0.25933328	0.15728083	0.24871373	0.09948623	0.28147443	0.24976588	0.26579496	0.18405843	0.30459075	0.00501936	0.14587547	0.17126770	0.09013853	0.16016731	0.39977505	0.15626387	0.22139353	0.13607283	0.01351655	-0.13742385	-0.03514988	0.06965939	0.29978373	0.21172223	0.26139607	0.18200210	-0.07863754	0.34061711	-0.02523536	0.21765542	0.25640758	0.30857714	0.15751161	-0.06286545	-0.18122946	0.00945336	0.18758713	0.31821249	0.34538562	0.11315547	0.29879507	0.17948682	0.20444897	0.16652534	0.05394466	0.02297602	0.20446153	0.12854216	0.01216395	0.13469469	0.10884654	0.35883218	0.30219565	0.15818201	0.27046043	0.32609310	0.22305573	0.25127763	0.20551409	0.27959950	0.27478136	0.22911304	0.14871838	0.20202368	0.22918534	0.32171085	0.14624513	0.34546749	0.31070254	1.00427530	0.22835091	0.29399565	0.28842646	0.43809084	0.34406059	0.37671193	0.40969728	0.22084392	0.07797290	0.00487538	0.13922834	0.02325148	0.09528286	0.06892869	0.22039082	0.28227189	0.14268534	0.28547834	0.26986549	0.05884840	0.25647196	0.11586816	0.41171740	0.24225092	0.06987223	0.10583364	0.05177974	0.04992207	0.13208721	-0.06067877	0.13372957	0.12299658	0.16408342	0.08493152	0.03343869	-0.00037054	0.02791930	-0.07634617	0.15647934	0.09504612	0.10217810	0.04818383	0.08744290	0.11562256	0.04902499	-0.01366130	0.18581453	0.19444349	0.08296427	0.04811812	0.20978442	0.12397157	0.05093303	0.02564531	0.15245816	0.06744444	0.27872686	0.16129302	0.14093733	0.15948152	0.16754227	0.21221325	0.25264933	0.20282443	0.28954521	0.22362819	0.24383755	0.18509436	0.27882662	0.33938438	0.30574322	0.20258816	0.21808382	0.31996030	0.30388442	0.02949491	0.20461337	0.36005099	0.25474116	0.17056658	0.17789871	0.32424858	0.35525672	0.22126961	0.28955706	0.28035493	0.19253969	0.22382816
17Networks_RH_DefaultB_PFCd_1	0.38934801	0.33586317	0.21870068	0.39027676	0.16725698	-0.02307834	0.26893769	0.17121794	0.23126829	0.10782986	0.24324295	0.21415537	0.20334288	0.30343126	0.33309365	0.03757075	0.05452659	0.25561955	0.01162872	0.06490880	0.10062718	0.07204009	0.16359973	0.05694518	0.17596045	0.22004403	0.16571618	0.19855908	0.27574695	0.13063279	0.18316531	0.23436191	0.23367370	0.30556420	0.32112115	0.26975403	0.10794472	0.39646582	0.45636543	0.28104468	0.19383841	0.27849835	0.21015483	0.12698164	0.13206717	-0.02746346	-0.03354069	-0.00904363	0.10668818	0.10270472	0.14274489	0.25288246	-0.04862077	-0.17135381	0.03057851	-0.11945153	0.23458457	0.12901868	0.25544419	0.44712940	0.34129199	0.33704277	0.16272560	0.08746703	0.21899561	0.15475374	0.16115050	0.21312211	0.29512644	0.08083043	0.12830316	0.23944342	-0.17964868	0.04810647	-0.00990081	0.14414917	0.22052382	0.21919659	0.14605378	0.11827863	0.33963764	0.22082141	0.25781374	0.08152990	0.21585448	-0.04243599	0.11140993	-0.26538961	-0.20596332	-0.17097078	0.00561489	-0.10032217	-0.02029872	0.05940597	0.00910237	-0.07351849	0.14527501	0.09366342	0.27676135	0.39861677	-0.03692108	0.18670306	-0.01497596	-0.12059893	0.14580740	-0.02627617	0.07815884	0.29389183	-0.05339142	0.31583001	-0.03651718	0.14723856	0.20005656	-0.17095240	-0.14898004	-0.13339741	-0.18598059	-0.01688548	-0.01088071	0.03394075	-0.02701874	0.28289966	-0.02057101	0.20823861	0.17926919	0.00849846	0.35850179	0.03360218	0.02226130	0.13804787	0.24692017	0.16679245	-0.07236332	0.30001023	0.17310709	0.39532509	0.14894920	0.09330621	0.43792567	0.25650863	0.33019191	0.24810865	0.30019558	0.02017095	0.16551237	0.25664340	-0.02208859	0.08808747	0.40136370	0.25471921	0.17712907	0.45605447	0.41467699	0.35352754	0.39005086	0.19574451	0.11168624	0.13329102	0.44436686	0.18105726	0.48765563	0.26006328	0.43187188	0.31110207	0.35109804	0.17576187	0.18675702	0.14465232	0.09976451	0.30702923	0.06899156	0.26521011	0.38774795	0.38587199	0.47949388	0.43710005	0.31565091	0.53462222	0.34975042	0.39804961	0.26627199	0.28183325	0.31227794	0.19690259	0.26171594	0.19691589	0.18976426	-0.05473342	0.24455696	0.15937511	0.03026256	0.19186008	0.17193469	-0.02344862	0.34567807	0.18331494	0.11926542	-0.10248634	0.15326583	0.19471532	0.35167193	0.21131171	0.19147582	0.34019329	0.27170416	0.17980555	0.32995884	0.01044536	0.13436553	0.16428365	0.11641100	0.18512944	0.23421189	0.04866404	0.30189628	0.31336455	0.10376765	0.13897081	0.15366177	0.10784237	0.10887072	0.04529336	0.07077386	0.25331486	0.13990167	0.16435370	0.23566023	0.05482145	0.29541380	0.19676278	0.25767175	0.23637300	0.23789252	0.23917868	0.19418519	0.33192820	0.16940609	0.19135740	0.25658578	0.20041116	0.37518044	0.32043972	0.34721914	0.06481254	0.09042978	0.05580163	-0.04708689	0.07504627	0.06128588	-0.05244322	0.09981128	0.05761762	0.06490455	0.06276089	0.17272705	0.04917464	0.17642625	0.14494542	0.23476907	0.33602030	0.27683190	0.29667569	0.55487283	0.08657591	0.11130812	0.10918255	0.11833049	0.15906871	0.12778579	0.02094514	0.09043044	0.06616695	-0.09841647	0.15352666	-0.09035481	-0.02451947	0.03023103	0.16580070	0.04346571	0.17936364	0.37019849	0.14965369	0.11772359	0.16333504	-0.05662125	-0.11524711	-0.17377359	0.13041329	0.00649777	-0.23660880	-0.08368718	-0.18410389	-0.07062158	-0.11827796	-0.04634418	-0.00487573	0.12815567	-0.10258681	0.05313368	-0.02860860	0.09147599	0.36033305	0.34014517	-0.05613046	-0.09066268	0.09705779	0.18205199	0.19225884	0.19863560	0.04919970	0.28492889	0.16141378	0.15726388	0.13142452	0.07929290	-0.02219492	0.08941103	0.20936241	-0.10242472	-0.10070969	0.16897089	0.01577088	0.06663902	0.04843169	0.10817210	-0.09689865	-0.00016751	0.13561149	0.50402467	0.34339505	0.31768070	0.32195470	0.01931249	0.29431985	0.01336161	0.31405017	0.31934553	0.33255321	0.18855267	-0.11984001	-0.12262308	0.22201800	0.34984611	0.36239705	0.63873281	0.34154496	0.25029058	0.09960506	0.40726711	0.22825311	-0.04880443	0.08318596	0.50604732	0.19739241	0.07538874	0.11675853	0.12922216	0.37420263	0.52457193	0.35799483	0.52449730	0.59730537	0.41754437	0.48175601	0.19309260	0.25997145	0.36480172	0.56859587	0.46482579	0.34374562	0.55310590	0.53083134	0.19808607	0.32382301	0.22645356	0.22835091	0.92953276	0.49049697	0.59886240	0.48574009	0.42168337	0.32405306	0.33088085	0.09417888	0.29715114	-0.03182135	0.16104333	0.05745897	0.11140356	-0.00626856	0.08376550	0.16637625	0.14565293	0.26633108	0.28009932	-0.01410939	0.18487079	0.15564946	0.46533910	0.13646937	-0.06219843	0.10802308	0.00857170	0.00583740	0.12964903	0.01422181	0.12527079	0.13500845	0.17590043	0.08761551	0.09023529	0.05011243	0.13850424	0.03996920	0.17188611	0.21309832	-0.05761109	0.05810685	0.04271176	0.20716891	0.11946631	-0.00710379	0.16976137	0.21764624	0.08755837	-0.03547225	-0.04689164	0.11078353	0.09490405	0.09628739	0.22146229	0.20093792	0.43839139	0.30915923	0.28700512	0.17179109	-0.01806608	0.33455841	0.31842152	0.12333646	0.38821158	0.35440115	0.39200057	0.36830051	0.47131959	0.45050990	0.29463169	0.35230874	0.22370781	0.26068155	0.23206932	0.10890151	0.09552891	0.38784763	0.27805287	0.17295562	0.21513617	0.39368906	0.42502950	0.35033802	0.33642440	0.28462478	0.23193433	0.20196481
17Networks_RH_DefaultB_PFCd_2	0.12897983	0.14275466	0.02792977	0.10417342	-0.02048459	0.04209097	0.03842508	0.11928190	0.10868429	0.11597342	0.15284758	0.16954914	0.19393816	0.11812373	0.16800201	0.01367302	0.07622430	0.08470799	-0.01333887	0.04061737	0.07251207	0.07105816	0.08810009	0.04904466	0.13709800	0.13557666	0.10745947	0.07898505	0.10808614	0.10982688	0.16058496	0.11570841	0.08321999	0.15717948	0.12661902	0.03154346	-0.02199702	0.10059468	0.16827442	0.07157729	0.01615006	0.10742033	0.00904495	0.09256777	-0.01444294	-0.07596637	0.00140773	-0.02848572	0.11661356	-0.01079694	0.06237682	0.09115986	-0.09549033	-0.21722083	0.03340430	0.07415350	0.15568484	0.03703859	0.10367837	0.30513223	0.29565518	0.11899770	0.03915644	-0.04000058	0.07573014	0.09978435	0.02609536	-0.01951260	0.10140435	-0.03860680	-0.04926139	-0.02942864	-0.16301066	-0.10512195	-0.04640313	0.00382903	0.03809365	0.04882744	-0.08195202	-0.09149431	0.10997083	0.20150268	0.05253989	-0.13370944	0.12310103	-0.21912959	0.23118099	-0.10277384	-0.09861733	-0.14746679	0.00473793	-0.08041893	-0.07974186	0.01918093	-0.04516502	-0.17061812	0.04427430	0.03404458	0.21816246	0.15468843	-0.01441862	0.15115548	-0.01164031	-0.17215893	0.19125243	-0.16231255	0.08141595	0.27646885	-0.06721418	0.21256527	0.04061730	0.04860588	0.30493462	-0.09492456	-0.11101569	-0.09469760	-0.07506562	0.03966872	-0.03694156	0.07789956	-0.15930763	0.12214609	0.02734702	0.10044458	0.11136496	-0.13124417	0.21723477	0.07772477	0.09343186	0.07898834	0.15127246	0.12997056	-0.00709634	0.26772399	0.11550157	0.36246631	0.23220848	-0.01713313	0.38468680	0.26898189	0.26020801	0.16467548	0.41458085	0.06277802	0.08157341	0.04014323	-0.01767211	0.06442302	0.30921200	0.21895385	0.16765988	0.52132048	0.33966254	0.30537033	0.29308707	0.14852198	0.26650076	0.14618565	0.24607868	0.13791845	0.37387783	0.20711777	0.22440852	0.36802243	0.35116548	0.29956721	0.19132721	0.20882801	0.18039912	0.27537319	0.23961550	0.30707474	0.26055800	0.45583960	0.36310430	0.42327936	0.34102154	0.51117897	0.38226703	0.27998682	0.42511559	0.25866521	0.34028083	0.15319564	0.37657888	0.27183312	0.21508353	-0.11525889	0.11632312	0.05119532	-0.04659124	0.09753562	0.15661592	0.05041008	0.30909655	0.24433188	0.20174300	0.07378212	0.06903986	0.24622714	0.20515811	0.09628574	0.10244943	0.10111554	0.09229910	0.04515139	0.21798730	0.02541409	0.13632418	0.11996598	0.07896337	0.14244529	0.23576231	0.04595625	0.13041989	0.14533268	0.15689224	0.07475953	0.16753762	0.13640205	0.07112567	0.01212288	0.04267533	0.17485295	0.12875890	0.10657627	0.14105132	-0.03438811	0.16893786	0.08632099	0.10728150	0.04318184	0.12336186	0.14591373	-0.00620082	0.16974887	0.08090460	0.03236571	0.08196090	0.10617515	0.10873632	0.11837923	0.19250805	0.04734032	0.04909360	0.03703564	-0.07095787	0.04363249	-0.10979156	-0.04912594	-0.01162927	-0.08089340	-0.11115592	-0.16789139	0.03455012	-0.00278771	0.01523036	0.00185346	0.16577887	0.17765743	0.19928550	0.17622525	0.35498622	0.12236849	0.06556803	0.20081636	-0.01835428	0.02891702	-0.05413635	-0.11543678	-0.10779024	-0.11760059	-0.15285115	0.03854031	-0.15215875	-0.12480998	-0.10386674	0.03542156	-0.10074766	-0.01339493	0.17038162	-0.00158404	-0.03771749	0.06729091	-0.03339897	-0.23148463	-0.10478838	0.13933905	0.11698099	-0.15891269	-0.11035194	-0.14442266	-0.11429434	-0.13179424	0.10129102	-0.05728127	0.01674631	-0.20339757	-0.01274440	-0.19294023	0.01331399	0.28885015	0.30423223	0.12164234	0.01325302	0.09535476	0.39576011	0.09472946	0.26449207	0.13132087	0.34448707	0.18288140	0.20182942	0.10071890	0.12725536	-0.06314900	-0.06640866	0.24659449	-0.16967045	-0.08872200	0.14374419	-0.08756539	0.12448795	-0.03270504	0.03432712	-0.13691862	-0.04876752	0.07964974	0.37727995	0.35172846	0.36629471	0.20575906	0.03160087	0.39558022	-0.02591906	0.26202382	0.36105811	0.40605048	0.32260733	-0.02290680	-0.07526215	0.05588482	0.40215137	0.42603042	0.55546195	0.27452678	0.23563567	0.15308904	0.28330266	0.30492486	-0.00344331	0.12118635	0.27572824	0.10406130	-0.08155043	0.12566678	0.08352346	0.36066442	0.46480813	0.37952638	0.36674502	0.42037576	0.28104744	0.35364538	0.24986227	0.34132995	0.33004689	0.43966030	0.38165515	0.38660846	0.34738492	0.47176173	0.11301415	0.42977139	0.39951827	0.29399565	0.49049697	1.03320491	0.46844909	0.58797074	0.49872145	0.35425319	0.46142574	0.33230863	0.15750329	-0.06423381	0.06785045	0.00546859	0.06704471	-0.10976687	0.17801818	0.20111781	0.25325231	0.38047034	0.37045400	0.05738077	0.29214959	0.16942169	0.51135800	0.34707495	-0.12095641	0.11594382	-0.08070219	-0.13212410	0.17628739	-0.00187110	-0.00644457	0.06514212	0.15680650	0.07990376	0.00812883	-0.08755054	0.07403079	-0.06659502	0.16149410	0.18131548	-0.03391243	0.02415446	-0.00514753	0.05729321	0.09230119	-0.07200526	0.11596179	0.14634702	0.10875309	0.08985285	-0.00699678	0.03234293	0.06276559	0.14856414	0.25340574	0.15642351	0.19363622	0.11699873	0.18506740	0.20939211	0.04246474	0.19674316	0.17051900	-0.07907500	0.24652867	0.20023545	0.19872348	0.16343706	0.34221527	0.34935241	0.22748817	0.25200737	0.11909361	0.09931304	0.05389739	-0.02743815	0.00366345	0.14874840	0.18664554	0.10922207	0.02803575	0.33251812	0.21039896	0.19722441	0.14335846	0.20685905	0.08796443	0.19517495
17Networks_RH_DefaultB_PFCd_3	0.28028525	0.22544111	0.27290374	0.31292780	0.04633749	0.15367418	0.28585390	0.22357537	0.30730557	0.18826999	0.21683189	0.18927096	0.13585146	0.19867095	0.24974375	-0.11557223	-0.01263042	0.19286938	-0.13027247	0.01143802	-0.00352645	-0.01701544	-0.00741674	-0.07936818	0.11516550	0.07909249	0.12080285	0.11986436	0.18220733	-0.01967988	0.09100225	0.29662373	0.19332622	0.30621790	0.18946148	0.23018459	0.10758798	0.26714774	0.29698701	0.19240365	0.08456522	0.13471484	0.08044910	0.17779307	0.17485606	0.00747565	0.12202350	-0.05686809	0.16282424	0.15035907	0.16052217	0.28678722	-0.10439763	-0.22532303	0.06172098	-0.05731662	0.32718358	0.16150134	0.30942066	0.38884708	0.26116932	0.28683355	0.16677727	0.10041284	0.21344857	0.22100576	0.07783138	0.14997332	0.21131240	0.07553652	0.01569293	0.10422899	-0.17184699	0.08610060	-0.02209814	0.15304583	0.15903211	0.07910459	-0.00465112	-0.06422930	0.20351498	0.26588270	0.22337425	0.04030085	0.28731772	-0.07193692	0.19352129	-0.27564696	-0.14805153	-0.06913189	0.11490937	-0.03954915	-0.04930782	0.17819232	-0.04616585	-0.17357487	-0.03705552	-0.00113468	0.39973204	0.34177099	-0.07106962	0.12653162	-0.04808885	-0.02237491	0.29539349	-0.05077692	0.06978128	0.36344837	-0.06064581	0.30458570	0.01382500	0.15353269	0.34359009	-0.07281679	-0.14975454	-0.07890670	-0.14422552	0.04686670	-0.03944936	0.02364550	-0.03349011	0.29752591	-0.05626002	0.14737940	0.18117645	-0.03991809	0.30593811	0.16070193	0.01826879	0.19253560	0.33240632	0.21095818	-0.02320242	0.35987659	0.12103993	0.38985337	0.13595587	0.03068008	0.31259304	0.38505427	0.43412161	0.28726846	0.49516327	-0.03389944	0.05328587	0.11286015	-0.10029928	0.06164929	0.43037583	0.18639398	0.15398844	0.50707285	0.38595847	0.29826988	0.34311384	0.15698547	0.06773933	0.15134330	0.41558722	0.18365902	0.44304714	0.17010426	0.37089255	0.38771103	0.34257491	0.31473799	0.18064549	0.15010086	0.20318043	0.34598448	0.19173012	0.42593165	0.39656139	0.43022903	0.55376799	0.41172597	0.34012370	0.48754819	0.28330604	0.42261172	0.24384304	0.34203259	0.34844190	0.14847034	0.40926235	0.32816892	0.32202104	-0.11853878	0.16336843	0.07724742	-0.04001618	0.09029004	0.23248769	-0.06510156	0.39662635	0.39492170	0.25744131	0.03494052	0.14280092	0.24563764	0.34767999	0.25099909	0.21034153	0.41445488	0.30290678	0.23212732	0.42077108	0.19570351	0.31089496	0.27544764	0.16350652	0.20178500	0.20480906	0.04327121	0.19920802	0.14232297	0.04378101	0.04445967	0.13193948	0.00925649	-0.01510001	-0.03962101	-0.06349917	0.24366554	0.04584807	0.06131707	0.16690525	-0.01626108	0.28328343	0.12331373	0.21030335	0.09454105	0.18742347	0.22007294	0.05173279	0.15237327	0.04276066	-0.00408533	0.12213346	0.11104362	0.25707978	0.21291003	0.22777130	-0.02823045	0.00987839	0.00661484	0.06042672	0.08142040	-0.02496829	0.01449932	0.01363150	0.05068007	-0.06423712	-0.07661896	0.20639855	0.04205474	0.17530631	0.10028599	0.16891236	0.28388418	0.25713787	0.25410855	0.45622145	0.04241682	0.02799258	0.15235595	-0.01075494	0.04565271	0.00714920	-0.03465031	-0.09642476	-0.11118536	-0.13848219	0.20845721	-0.09378337	-0.12813788	-0.01059944	0.05638402	-0.13577751	-0.03279158	0.21070191	-0.03332766	0.02879366	0.10022582	-0.17791934	-0.20107955	-0.20239444	0.24635706	0.06349088	-0.27757866	-0.05175496	-0.17273352	-0.10075129	-0.17204999	0.02009224	-0.11189204	-0.01425508	-0.25984760	0.06992457	-0.22431119	-0.06108946	0.39179759	0.34927552	-0.00168756	-0.02923910	0.10050891	0.24961360	0.08092984	0.26908240	0.11627171	0.42922663	0.23888387	0.14157148	0.07097214	0.13294708	0.03077903	0.05725457	0.29710913	-0.02713539	-0.08555654	0.03870066	0.10761316	0.01495525	0.06471664	0.03915244	-0.19301661	-0.00927715	0.11644740	0.52431674	0.46718272	0.48287449	0.36588277	0.18211416	0.45275028	0.03253742	0.39149150	0.36757291	0.44068408	0.31903887	-0.11565697	-0.12689493	0.14498857	0.41359060	0.44644660	0.58194157	0.31046703	0.31917820	0.12711741	0.35655771	0.43338706	-0.06707249	0.05594444	0.42879939	0.16008090	-0.03890423	0.09506024	0.06522322	0.47506124	0.57088328	0.36758581	0.50126228	0.51627717	0.33542144	0.46472901	0.22323039	0.24816435	0.27901058	0.49577668	0.37622357	0.38411904	0.52244134	0.60933959	0.19054864	0.41119395	0.39966538	0.28842646	0.59886240	0.46844909	1.02703120	0.48698657	0.44696761	0.38101688	0.49418935	0.27340742	0.24243658	-0.02452333	0.09228400	-0.02113013	0.09058043	-0.08185236	0.08123181	0.18902498	0.16461489	0.31332383	0.38689441	0.18239938	0.26804313	0.23972520	0.55945639	0.25918878	0.04811660	0.08506672	-0.00197187	0.01077766	0.18156184	0.12897640	0.26270396	0.13679321	0.25742509	0.17438503	0.14893077	0.11722116	0.12826982	-0.02569427	0.32936706	0.34640532	-0.02177394	-0.06733002	0.08901040	0.22237590	0.12011283	0.00755496	0.30110843	0.29909420	0.21383767	0.05067433	-0.08680192	0.10235899	0.16497637	0.03866186	0.37088097	0.29645073	0.31143125	0.21603600	0.19219829	0.15767816	-0.02883131	0.19677383	0.19809654	0.09182452	0.24170098	0.29403744	0.27682514	0.26681816	0.39267489	0.42686999	0.34002444	0.37169861	0.20113416	0.23092133	0.26474091	0.06374365	0.06502656	0.31970059	0.21960677	0.12343754	0.16820200	0.38492271	0.40544790	0.38589592	0.33824863	0.38379049	0.31296845	0.26450377
17Networks_RH_DefaultB_PFCd_4	0.28302832	0.21800072	0.09945722	0.27906909	0.07431097	0.06841537	0.11007577	0.21278243	0.22853444	0.16039105	0.16298046	0.20033761	0.30973695	0.27596423	0.30227789	0.05168019	0.13238342	0.17499149	0.03347533	0.14548122	0.11271306	0.22307864	0.19411802	0.06381809	0.18690328	0.28047659	0.21881515	0.27469419	0.17865107	0.06161025	0.13644839	0.10173032	0.23221709	0.32904270	0.29176295	0.15993796	0.09255584	0.16979623	0.29698922	0.19493425	0.15243411	0.23426094	0.05798602	0.05845861	0.02472246	0.01313629	0.05807059	-0.01212609	0.10628809	0.11417748	0.09706332	0.17456764	-0.02574610	-0.24811554	0.02437095	-0.01064438	0.18391841	0.13924062	0.19694878	0.48689450	0.38769377	0.23231812	0.13210023	-0.01732885	0.09247939	0.14027504	0.11799445	0.07205878	0.11391960	-0.00676531	-0.00631813	0.16708488	-0.20810101	-0.09224329	-0.10521274	0.12339469	0.10037145	0.20378860	0.01632530	0.03493284	0.23155975	0.31416372	0.07066358	0.01659236	0.19240703	-0.07399637	0.30745186	-0.14837813	-0.22645260	-0.11647485	-0.06085317	-0.09538236	-0.07614458	0.12170688	-0.04547031	-0.20353222	0.05934609	-0.03337059	0.26076191	0.36849151	-0.13914595	0.12573818	-0.09833077	-0.11485238	0.20235526	-0.16941052	0.06745795	0.36186356	-0.19888663	0.30383965	-0.05928717	0.00236388	0.21707599	-0.17624705	-0.15364638	-0.24594501	-0.12274822	-0.03018900	-0.12660987	0.13961607	-0.13168573	0.17983359	-0.01222559	0.18039417	0.12054100	-0.11203697	0.36690557	0.12846008	0.01206374	0.00312246	0.29244211	0.18836513	-0.06341710	0.34178194	0.17578662	0.41555401	0.22843907	-0.03948921	0.41959747	0.31077231	0.32297765	0.20604946	0.48290836	0.07354683	0.08326292	0.07133474	-0.00198278	0.09724378	0.41664274	0.27080556	0.18036830	0.53303340	0.45698560	0.33068880	0.35523324	0.19164101	0.19581689	0.24971463	0.30489633	0.16438827	0.37026517	0.21646620	0.21480710	0.30630749	0.30880095	0.29242715	0.15826478	0.06665697	0.08838946	0.31875348	0.17323594	0.42772457	0.28056671	0.46744716	0.33780813	0.40181418	0.34715769	0.61835806	0.52655734	0.42312232	0.53495634	0.49314194	0.47196922	0.13109431	0.38490431	0.35577436	0.37889592	-0.10445528	0.19949656	0.14739360	0.03288311	0.21604427	0.27655487	0.09266315	0.34562953	0.36304465	0.20793670	-0.02329664	0.06110151	0.27640700	0.27503324	0.18990792	0.25453058	0.25048023	0.08338999	0.12751103	0.29216426	0.07907823	0.09880876	0.19068648	0.08648449	0.18204093	0.28232628	0.05749247	0.24761041	0.28225977	0.15768228	0.19691923	0.20915524	0.16928545	0.08659448	0.05912327	0.10551105	0.19135248	0.21152544	0.18088280	0.34684126	-0.04092193	0.30442037	0.26433274	0.36140575	0.22085110	0.19392272	0.23435426	0.09243896	0.23861344	0.09022867	0.08930126	0.19893962	0.18789667	0.24694678	0.24061713	0.33066641	0.05623187	0.08639212	0.04766866	-0.00808077	0.06263697	-0.10176453	-0.01619352	0.06956134	0.04309796	-0.11415615	-0.04956665	0.18856382	0.03725591	0.00120509	0.05803429	0.32733210	0.31115905	0.22231420	0.25817198	0.32139904	0.16031693	0.11890769	0.17678749	-0.01706021	0.03179772	-0.01222530	-0.03507863	0.04146509	0.02593797	-0.16371328	0.10063602	-0.09044003	-0.08502203	-0.00904228	0.12032525	-0.06681763	0.15040036	0.25690306	0.02979123	-0.05371324	0.04362584	-0.11273148	-0.16438448	-0.13085337	0.24112490	0.12211044	-0.15260245	-0.04325018	-0.15164828	-0.03848919	-0.12134553	0.07507021	-0.03338527	0.03955871	-0.24309774	-0.02845312	-0.25580725	0.05938648	0.34453396	0.54753113	0.05742214	-0.00984771	0.03049390	0.26317152	0.07307923	0.35290114	0.14799744	0.34431951	0.18353788	0.08662427	0.15017869	0.03316927	0.02722734	-0.08753009	0.06500846	-0.20575120	-0.15563455	0.20512890	-0.10314084	0.00328147	0.07642178	0.05931293	-0.15541369	0.01991077	0.10946738	0.46003101	0.43737291	0.49053312	0.33211391	0.09601470	0.51539713	-0.06259074	0.25171686	0.32742567	0.44419961	0.27260393	-0.09423392	-0.13984835	-0.01003824	0.36241644	0.52962422	0.61676846	0.23185284	0.33229337	0.16194422	0.27155061	0.30474319	-0.02646636	0.10169539	0.30295880	0.07596751	-0.08690554	0.20757211	0.12588929	0.30114678	0.46013911	0.32974020	0.44392865	0.53061113	0.32521318	0.39777975	0.21663586	0.33515402	0.32296938	0.37643149	0.25826334	0.28040533	0.32910478	0.45978926	0.14028638	0.46113207	0.33983184	0.43809084	0.48574009	0.58797074	0.48698657	1.06527583	0.56103662	0.54251233	0.53841551	0.34194951	0.13333457	-0.15036018	0.15113716	0.09109084	0.14627910	0.10366357	0.08577717	0.24650663	0.20064127	0.37661537	0.40406876	-0.02150884	0.31116350	0.11706240	0.56095333	0.30815310	-0.18800282	0.07570888	-0.04315732	-0.05588270	0.12746926	-0.06417446	0.08266301	0.10444339	0.02994773	0.05709872	0.01934572	-0.05222694	-0.00439616	-0.05367162	0.17002997	0.18654867	-0.03589895	0.04086579	-0.02824091	0.12987090	0.13127169	-0.04538391	0.22094266	0.24547685	0.10780392	-0.07747620	0.14867378	0.04993511	0.00511812	0.11837896	0.25440023	0.13425492	0.39725838	0.29027502	0.28383050	0.28002744	0.05087606	0.36607896	0.31726844	0.13045448	0.41552409	0.33364759	0.39190889	0.32768747	0.49533057	0.46845292	0.25397950	0.40012852	0.23565362	0.25894639	0.28983115	0.21276504	0.18587344	0.34354203	0.36159797	0.22456548	0.33977924	0.42957366	0.47767171	0.32868495	0.34989941	0.31680964	0.18596421	0.19442635
17Networks_RH_DefaultB_PFCd_5	0.22916642	0.26606921	0.11971131	0.30031155	0.12099464	0.00994745	0.16698728	0.21568835	0.11303986	0.08862419	0.14841980	0.13086685	0.18022872	0.33926658	0.27520802	0.01607477	0.18052325	0.12883921	0.10895201	0.14704178	0.13002984	0.15310604	0.20579317	0.08173131	0.11125922	0.24319230	0.12449787	0.22461413	0.13315848	0.11463753	0.09483060	0.14194635	0.20354735	0.32665463	0.25307629	0.23070001	-0.02194905	0.15951768	0.24291565	0.32239048	-0.02973239	0.15405933	0.02233391	0.07402047	0.02367235	-0.11374583	0.01606308	-0.09674277	0.07909011	0.10917656	0.16646113	0.16883187	-0.10504452	-0.06466132	-0.00579305	-0.04272273	0.20706106	0.08496787	0.11406635	0.28799625	0.20684469	0.27498441	0.15082846	0.04052563	0.08981606	0.16943212	0.17464186	0.15039046	0.18828665	0.00199532	0.13874222	0.14381016	0.00995824	-0.02674799	0.07923910	0.18821739	0.14592680	0.10766590	0.00434382	-0.00620145	0.17574683	0.30707021	0.16730976	0.00050726	0.31852636	-0.11549919	0.15142262	-0.00788777	-0.09060922	-0.14778738	0.06684920	-0.04846131	-0.00486758	0.16799454	-0.02649609	-0.04402206	0.02010666	0.01274419	0.26404769	0.32258488	0.08584240	0.33715082	0.06820030	-0.05877204	0.14432959	0.01293061	0.22759098	0.37312993	-0.11795021	0.17682134	-0.05669865	0.00890647	0.21722948	-0.08338509	-0.12558303	-0.13264997	-0.11284744	0.01847438	0.00686285	0.04973908	-0.03015307	0.19326105	0.13263271	0.28974246	0.26165998	0.05172687	0.42761114	0.21578846	0.17616219	0.28529443	0.17875579	0.21462669	-0.00468732	0.23973241	0.21848402	0.40682227	0.31968361	0.14347699	0.38667328	0.26059369	0.28885682	0.30137305	0.38525174	-0.00911629	0.04369464	0.07986655	0.04576970	0.06262093	0.20320837	0.19460519	0.15708782	0.53281335	0.24909023	0.14564791	0.14027325	0.04655734	0.05646834	0.09056037	0.18715925	0.00009151	0.22872919	0.04754653	0.15555244	0.22275925	0.28016048	0.21907901	0.14169751	0.06182318	0.10017871	0.14275127	0.16070304	0.16357987	0.18520520	0.37906655	0.25525044	0.33956871	0.42292422	0.56837286	0.50475926	0.48882339	0.46210789	0.39348569	0.22844264	0.08349336	0.21890923	0.23582698	0.20492365	-0.09143789	0.12111761	0.00350278	-0.11103883	0.11024646	0.08443840	0.06799756	0.20668395	0.20787502	0.07888739	-0.01728009	0.04174994	0.11096608	0.28121879	0.22751486	0.23401230	0.21573952	0.12188480	0.17161058	0.29047637	0.13594258	0.18911572	0.21923421	0.18104514	0.19767204	0.19145799	0.00768930	0.20562070	0.21514972	0.05353729	0.13640791	0.20782603	0.21484219	0.11699793	0.10484130	0.06662036	0.16041388	0.14283936	0.12939391	0.21762831	-0.06174180	0.19958959	0.16510886	0.19203238	0.11610124	0.14331074	0.18507348	0.11528802	0.20660613	0.03537180	0.00843600	0.03576306	0.10688364	0.19003664	0.22000254	0.36009948	0.06078040	0.09584636	-0.05954164	-0.03885637	-0.05737872	-0.08970378	-0.06765992	-0.03665249	-0.02056798	-0.14100603	-0.11199200	0.12354706	0.20128876	0.10292476	0.11929787	0.24562952	0.27766520	0.23052713	0.20368531	0.19295324	0.04690051	0.12217687	0.19202825	-0.00738905	0.05179192	0.06971535	0.03149953	-0.03099261	-0.00065411	-0.01773501	0.16910617	0.05934874	0.00858221	0.03727947	0.05372350	0.00347996	0.04199892	0.18462152	0.03467282	0.06761543	0.20501272	-0.05718686	-0.09710919	0.07525312	0.27532139	0.02150904	-0.12141282	-0.06895688	-0.05385586	-0.10841251	-0.11211476	0.12454930	-0.06786202	0.01814089	-0.13016406	0.13224115	-0.12851742	0.05984480	0.45217464	0.49269433	0.17495580	0.17216785	0.21586017	0.37749842	0.21433222	0.27861924	0.17173723	0.28303233	0.22790746	0.20140795	0.14107277	0.04810115	0.03221174	-0.11842848	0.10731122	-0.12394033	-0.08265435	0.20335186	-0.09343217	0.01776806	0.03796781	0.08892213	0.00003391	0.05673808	0.17006878	0.35512010	0.33862761	0.35005136	0.31616041	0.16504744	0.29783157	0.00965109	0.23517107	0.34211842	0.44501604	0.33483768	0.10941995	0.00834988	0.14571623	0.40212179	0.39344683	0.53538779	0.15860159	0.28670713	0.21832281	0.26295695	0.29274342	-0.04498597	0.08852180	0.19513560	0.04940579	-0.03476762	0.03532922	0.04367773	0.19723319	0.37289920	0.26823338	0.30848852	0.31863380	0.09775134	0.21245727	0.06952140	0.25700458	0.14151724	0.25911791	0.11570810	0.24391717	0.20762119	0.53555678	0.05988995	0.24681137	0.18857459	0.34406059	0.42168337	0.49872145	0.44696761	0.56103662	0.96789498	0.31469162	0.35598513	0.23737369	0.04820134	-0.02273041	0.05999782	-0.01987346	0.11983666	-0.05908866	0.01190427	0.05088950	0.23361979	0.24647174	0.20367449	0.03986847	0.10036527	0.02180454	0.43015836	0.28752616	-0.16735705	0.07197841	-0.08130431	-0.07654364	0.19543499	-0.00738576	0.08082854	0.16393849	0.09992215	0.08644265	0.03100703	-0.06182424	-0.00018048	-0.06344699	0.18381141	0.27599837	-0.13297216	-0.07146738	-0.02509252	0.03664568	0.05893641	-0.11748841	0.13621833	0.18051957	0.00967044	0.03549391	-0.03201354	0.12158273	0.01961868	-0.01749918	0.25911807	0.20815616	0.29737075	0.26711876	0.14932779	0.12304888	0.02904703	0.24809651	0.25081050	0.02251850	0.28472186	0.32649726	0.29444599	0.30255370	0.34565755	0.37117957	0.22830504	0.27043871	0.16463816	0.22548463	0.22659650	-0.01681002	0.07234624	0.27523978	0.29937334	0.13418830	0.19000229	0.45718525	0.35764075	0.28848507	0.27813706	0.30488720	0.18497582	0.18937142
17Networks_RH_DefaultB_PFCv_1	0.20603981	0.20166719	-0.01619657	0.10356978	0.06113736	0.03333101	0.01248391	0.20837558	0.16294453	0.16707596	0.14666420	0.15160336	0.29573318	0.16648226	0.16623143	0.13503935	0.18517081	0.17820626	0.09350372	0.09877742	0.12439280	0.30226607	0.13300650	0.07803023	0.16093798	0.19358777	0.17717274	0.19356021	0.18506228	0.00920260	0.10538789	0.07247890	0.17630862	0.19343880	0.20957189	0.11889261	0.14936704	0.19697364	0.24467403	0.09838542	0.23631627	0.33117006	0.06382053	0.04784818	0.00162683	0.04360288	-0.03794519	0.12341736	0.15283081	0.04426284	-0.05430909	0.11690180	-0.05066093	-0.25829154	-0.07847209	-0.02292285	0.06596334	0.13753389	0.11194934	0.42698057	0.38664541	0.21372772	0.06041898	0.00401025	0.15647805	0.13354326	0.03029154	0.09950802	0.12642740	-0.06945503	-0.08199557	0.09113626	-0.25192411	-0.07356612	-0.17436195	-0.05063313	-0.00063426	0.22596299	0.04207629	0.00809760	0.21059480	0.20785318	0.02359598	-0.00340186	0.11958557	-0.02687028	0.39597325	-0.15253948	-0.12494283	0.00530037	0.02193639	-0.04933793	-0.09284250	0.02826554	-0.06792782	-0.14898076	0.13917677	-0.05592033	0.23912032	0.27706816	-0.12131502	0.19453270	-0.15913556	-0.01987753	0.39249978	-0.01847108	-0.02295387	0.42256716	-0.19212806	0.44738847	-0.01993494	0.07550982	0.18713526	-0.14273902	-0.05984500	-0.22448550	-0.09897930	-0.04063360	-0.15387116	0.06615236	-0.14813076	0.28269439	-0.10353641	0.06699321	-0.07948107	-0.12071893	0.12643848	0.00093268	-0.10623232	-0.12410889	0.26548337	0.21476656	0.00693038	0.15844869	0.00054076	0.24691320	0.11198303	-0.07074064	0.39322737	0.12196634	0.19140081	0.22765571	0.39409621	0.16193167	0.07517931	0.12964921	0.08040381	0.17212517	0.42869878	0.14746358	0.30115738	0.39294476	0.40460548	0.36229562	0.37709743	0.31464044	0.16690290	0.38533285	0.34375727	0.28026453	0.37792388	0.29510125	0.32062003	0.42689889	0.13711402	0.39020702	0.16959441	0.06806685	0.07251345	0.36800771	0.19579221	0.44541474	0.35247325	0.41785275	0.37392573	0.32808628	0.36664261	0.42552902	0.29948783	0.25831256	0.38244260	0.40105335	0.55828099	0.14635675	0.34688792	0.43895217	0.40336939	-0.03694873	0.16137834	0.26150022	0.11483057	0.21133416	0.12411275	-0.06770926	0.29844307	0.31998505	0.34640091	0.03463743	0.19070695	0.29596598	0.23563647	0.19515934	0.22337248	0.15512749	-0.01583128	0.03279995	0.16426131	0.09151249	0.06406498	0.15742456	0.13336980	0.13464253	0.25331342	0.04099007	0.24188793	0.21997971	0.16700390	0.24023417	0.18519436	0.11606445	0.12324444	0.00820322	0.09317245	0.05389858	0.09855060	0.12386792	0.22096096	-0.06711633	0.16745662	0.18696968	0.31147587	0.19061012	0.15121833	0.11926598	0.02484156	0.16157067	0.19743791	0.19808687	0.25369459	0.15665856	0.15908278	0.09086964	0.19681024	0.06274867	0.06364010	0.05159842	-0.02555557	0.15204601	-0.14469039	0.00593514	0.10439495	-0.09585408	-0.13040744	-0.03954126	0.14734524	-0.05739841	-0.08070105	0.03135274	0.41431358	0.32891595	0.10840837	0.14884982	0.31677073	0.05848343	0.10022955	0.21636030	-0.02173337	0.04928997	-0.02403331	-0.05290347	0.02816401	-0.03877498	-0.16656836	0.00070896	-0.18984626	-0.13383067	-0.14881756	0.06274215	-0.05606025	0.15742590	0.23817341	-0.01533887	-0.22776603	-0.12895178	-0.10981366	-0.20721717	-0.20723084	0.20358404	0.31570133	-0.14999459	0.00522698	-0.15955636	-0.00598826	-0.02959444	-0.03374027	0.00651707	0.14401062	-0.20173179	-0.10586619	-0.21432556	0.08294432	0.15242304	0.46408865	-0.08186505	-0.04541655	-0.05619523	0.17997452	0.10085753	0.47749578	0.20704225	0.48964233	0.32358233	0.00117042	0.15549982	0.04672007	0.08883463	-0.05136346	0.05763545	-0.21559516	-0.08834451	0.10966348	-0.04562364	-0.12573573	0.10679850	-0.00742119	-0.22642164	-0.08246978	-0.04873086	0.31899100	0.15374636	0.33646206	0.09077661	0.03481366	0.42924034	0.09760562	-0.00708152	0.08469077	0.28298609	0.00343960	-0.27471002	-0.17719015	-0.08261449	0.03628617	0.25944883	0.30803444	0.23229307	0.34610861	0.08410049	0.21669601	0.08030226	-0.02617006	0.06263655	0.32554733	0.06843341	-0.08788839	0.27045617	0.17995923	0.32949281	0.29235198	0.07540096	0.45851493	0.47203257	0.40993007	0.44234451	0.16549600	0.32823161	0.30957322	0.31846447	0.15426971	0.39944961	0.38666081	0.30151303	0.19693340	0.37258858	0.27442417	0.37671193	0.32405306	0.35425319	0.38101688	0.54251233	0.31469162	1.05867764	0.54511960	0.33632572	0.10174299	-0.21627010	0.17438202	0.09114385	0.12927179	0.17771301	0.16462116	0.23722547	0.15582961	0.29418690	0.38591611	-0.11419194	0.34491092	0.11385014	0.43106193	0.28748378	-0.04164489	0.11433060	-0.04015385	-0.02969080	0.23900750	-0.05002458	0.22648894	0.07849642	0.06910628	0.06443620	0.19975705	0.04584908	-0.03531514	-0.08601338	0.10115567	0.17183641	-0.01151142	0.00535130	-0.11210426	0.04217711	0.07630076	-0.03138173	0.16009868	0.18146076	0.21617599	-0.06714358	0.23474409	0.03197930	0.01243554	0.14929956	0.17489293	0.12150797	0.30230083	0.19890597	0.17994369	0.14997345	0.11723260	0.25514320	0.26341348	0.21196453	0.18979436	0.20603489	0.24070011	0.19325076	0.30037505	0.26272160	0.10533148	0.26513733	0.13803412	0.22698631	0.22092998	0.22848780	0.10936495	0.31723187	0.16973646	0.19403221	0.22507328	0.21486432	0.37902874	0.17035550	0.26637230	0.18642064	0.08506171	0.15302571
17Networks_RH_DefaultB_PFCv_2	0.15594199	0.08792499	0.18051822	0.20515421	-0.09475300	0.14299433	0.15251235	0.18171539	0.32066040	0.20328558	0.10705954	0.13540697	0.14677934	0.11712110	0.17532701	-0.00503995	-0.02483066	0.07642474	-0.16790293	-0.03630107	-0.05693420	0.08837342	-0.03914106	-0.04309227	0.12409925	0.07011157	0.16749080	0.08831897	0.17840582	-0.03113121	0.15134906	0.12695432	0.11000683	0.24668887	0.20188389	0.05894736	-0.02194605	0.17887158	0.22087421	0.06913743	0.09097950	0.19343932	-0.06768963	0.27244843	0.09652314	-0.00331951	0.07447927	-0.00667980	0.30995484	0.12921776	0.00619462	0.19669533	-0.09612175	-0.24118095	0.01821005	0.01661310	0.13098855	0.14080814	0.20035820	0.30592857	0.25827352	0.19576164	0.06953081	0.01166324	0.17375012	0.17482278	-0.04368350	0.00263359	0.02420690	-0.10649435	-0.18755000	-0.02274447	-0.19797805	-0.08781504	-0.14403434	-0.03292755	-0.00741675	0.10146896	-0.08152339	-0.13948715	0.14031123	0.22999314	0.02141011	-0.12372685	0.11085117	-0.07240611	0.39448917	-0.16223168	-0.06122737	-0.04005817	0.13037639	-0.04636192	-0.00083931	0.12752341	-0.04057456	-0.17744702	0.04485398	-0.07420449	0.36601727	0.23988313	-0.14843744	0.11900188	-0.16715801	0.17932505	0.40203523	-0.01135712	0.05709724	0.41447075	-0.12019926	0.37065355	0.09933800	0.08639169	0.38804703	-0.03602398	-0.12730163	-0.11702075	-0.20021042	0.06430512	-0.03915945	0.15718244	-0.13648319	0.23823894	-0.09446510	0.00557978	0.05023932	-0.15767242	0.15465566	0.18438238	-0.01198557	-0.00717563	0.35528312	0.17663162	0.02104042	0.28231742	0.10753702	0.24342074	0.15422606	-0.13679735	0.30252820	0.35322355	0.29317697	0.18087605	0.52386251	0.02883430	-0.00907279	0.04004795	-0.01921459	0.05761328	0.44223639	0.16452474	0.13794407	0.33945128	0.40007546	0.28165945	0.33403738	0.22380791	0.19099379	0.25569212	0.30230736	0.22845549	0.35890401	0.21839637	0.22186961	0.40806407	0.26317056	0.38027328	0.28339164	0.27234389	0.19915062	0.41568731	0.27912467	0.53490789	0.30106708	0.44238703	0.42462026	0.34931169	0.33111388	0.37536736	0.26655311	0.32034308	0.35610154	0.38193330	0.57119477	0.29217119	0.57236278	0.54132375	0.49211031	-0.07118600	0.03337903	0.11980552	0.00039841	0.03946430	0.22763891	0.04623061	0.42892896	0.49309912	0.38832034	0.15018638	0.12023915	0.36695925	0.18089031	0.14610471	0.15458212	0.27883624	0.06155602	0.13782157	0.32190248	0.16500442	0.24733196	0.15969069	0.09516526	0.14060584	0.21409165	0.02785789	0.11934951	0.10032288	0.01762556	0.02718435	0.15368210	-0.00787273	-0.04295436	-0.08682364	-0.00070384	0.00057702	0.01500915	0.08040254	0.13584940	-0.05780183	0.21776905	0.14426554	0.20801064	0.11394435	0.19288101	0.23591577	-0.08797293	0.14561356	0.13545560	0.05992662	0.14538367	0.06911413	0.15934015	0.08264226	0.19859731	-0.00979615	-0.04960053	0.08729279	0.02442918	0.08908106	-0.24442529	0.02419811	0.00646156	-0.01242299	-0.08886966	-0.16433613	0.08102619	-0.09420665	-0.06689222	-0.02343741	0.13564909	0.19708530	0.07309116	0.15791216	0.38654673	0.02479345	0.01336288	0.16959572	-0.07811243	-0.07085717	-0.13084169	-0.17154659	-0.17559352	-0.21400388	-0.17328703	0.02868477	-0.25444132	-0.23430760	-0.17978148	-0.03982486	-0.17433769	-0.01277517	0.14213063	-0.05003096	-0.21768845	-0.08708461	-0.09099151	-0.24387491	-0.22964542	0.23717318	0.25163961	-0.12505307	-0.06516473	-0.17262609	-0.03502002	-0.03863735	0.02185333	-0.09373466	0.02143922	-0.29781119	-0.06247102	-0.34391633	0.01537846	0.25433465	0.38822558	0.03236087	-0.00402656	-0.04742366	0.30621906	0.07892259	0.38030315	0.22422627	0.44748073	0.30621863	0.11456523	0.16199677	0.22274783	0.05151704	0.04597013	0.26194999	-0.10929963	-0.04100977	0.04491252	-0.02188406	-0.09749962	0.01030573	-0.05580797	-0.32084413	-0.11066449	-0.06927908	0.39397594	0.39662935	0.56865421	0.16206561	0.12540154	0.62092057	0.03932004	0.18644131	0.33092034	0.33516360	0.17243599	-0.20379096	-0.21038426	-0.13743360	0.14230593	0.42832587	0.42370619	0.37218123	0.32596826	0.07284704	0.24848456	0.29700857	-0.05808800	0.01768828	0.32585880	0.08198027	-0.14907040	0.19579879	0.02756142	0.37927252	0.42616334	0.23887200	0.46701392	0.47183032	0.31205446	0.43769822	0.21557762	0.25436489	0.28434367	0.34419125	0.33280357	0.36744100	0.42640304	0.39595896	0.18789984	0.51822823	0.54250848	0.40969728	0.33088085	0.46142574	0.49418935	0.53841551	0.35598513	0.54511960	1.01881913	0.55069750	0.15914000	-0.10584729	0.04579258	0.04927208	0.10334409	-0.12547143	0.13883055	0.39268914	0.30618935	0.44209027	0.62622210	0.16089932	0.54396024	0.34690873	0.56589408	0.38181213	-0.07925495	0.13467204	-0.02920875	-0.10367408	0.20879410	0.04132604	0.21137064	0.10673611	0.18611251	0.13447090	0.13614653	0.02578442	0.13266973	-0.03421404	0.20468465	0.26777314	-0.10713903	0.01808016	-0.05079707	0.12874617	0.03537786	0.03589377	0.28650848	0.26774311	0.25561949	0.05640821	0.00630514	-0.01568555	0.16330118	0.15094418	0.26451074	0.26250823	0.25086448	0.16227154	0.15929546	0.19239852	0.09621644	0.21792405	0.14995456	0.11574065	0.19793985	0.29560402	0.24662439	0.26624442	0.38516701	0.37733218	0.31066660	0.32543934	0.15838151	0.13808810	0.18796199	0.12451275	0.00206308	0.28285778	0.09701722	0.19847623	0.12765313	0.31742631	0.35213367	0.27755331	0.26195232	0.31969146	0.21697023	0.21974625
17Networks_RH_DefaultB_PFCv_3	-0.07937050	-0.11236112	0.06033238	-0.03319627	-0.18828533	0.02778071	-0.05035564	0.08696838	0.11897328	0.08461224	-0.03307366	-0.01135592	0.02099769	-0.07141570	-0.06480708	-0.03578955	-0.00274137	-0.15517420	-0.21499107	-0.09523280	-0.19818519	-0.07962937	-0.14169283	-0.03767816	0.15403319	0.00671933	0.07032037	0.07315663	0.07414342	-0.02487918	0.15957096	0.14629615	0.11008937	0.15019028	0.05550234	0.01354623	-0.00687751	-0.02776908	0.05816092	0.06531527	0.03820439	0.06951262	-0.06224543	0.11778978	0.01783275	0.00459351	0.03923195	0.00937724	0.20842908	0.06805530	0.02328537	0.14406126	-0.01022948	-0.11553144	0.00524567	0.09565413	0.11343825	0.11156271	0.07740695	-0.01164166	0.07040610	-0.17128630	-0.11940240	0.04694453	-0.02592757	0.07691484	-0.09022040	-0.08432054	-0.10414880	-0.10732679	-0.17009939	-0.09448118	-0.09045859	-0.07292467	-0.07105879	-0.02071321	-0.06258845	0.03012969	-0.07547757	-0.13829225	-0.02449242	0.15674653	-0.08853642	-0.06742847	0.08847439	-0.06933015	0.29001766	0.07306659	0.03675894	0.07940584	0.19808072	0.09111961	0.07625869	0.11444234	0.05920074	-0.10781070	-0.06598698	0.06411779	0.22467334	0.06443022	-0.07157333	0.07414513	-0.06608822	0.09741623	0.19097401	0.10948896	-0.00125247	0.19505391	-0.16900940	0.12226802	0.00796807	-0.06095913	0.23205295	0.00623560	-0.10649793	-0.10126249	-0.08121501	0.05380840	-0.13622169	0.01560281	-0.09930399	0.08223250	-0.02947908	-0.08628533	-0.03836260	-0.15467041	-0.01498924	0.15770726	0.06643875	-0.03190178	0.18752729	0.08794517	0.08341978	0.09087745	-0.07165030	0.16194542	0.01881778	-0.16448842	0.04142890	0.15143749	0.17065361	0.04855239	0.35341908	0.07497229	-0.04707807	-0.09411484	-0.00562253	0.04107278	0.14723984	-0.04628799	-0.07014234	0.19797979	0.04877311	0.00253992	0.04198096	-0.00877191	0.02905300	0.18328833	0.02560546	-0.06271813	0.03291759	-0.04780926	-0.07176464	0.15187500	0.14514568	0.16152252	0.06318288	0.06052318	0.16841660	0.21868217	0.04049046	0.28385586	0.03744084	0.24274496	0.11329009	0.09323869	0.18450444	0.13721332	0.06293723	0.16056698	0.27561633	0.24070971	0.27796358	-0.02107507	0.31414215	0.35926445	0.33979765	-0.11773767	-0.17545186	-0.15770312	-0.18946107	-0.04186255	0.06860427	0.01879288	0.19937203	0.38854554	0.18108378	0.12604206	0.07628797	0.19685881	0.05410306	-0.04611768	-0.03091228	0.03108114	-0.08060305	0.04411909	0.08685466	0.11927409	0.07205119	0.08744650	-0.11329020	-0.05520158	0.08477511	-0.00640489	-0.07134792	-0.08666895	-0.04706143	-0.14006175	0.00014119	-0.08668324	-0.18736972	-0.06176075	-0.13975584	-0.01535728	0.02431347	0.11093864	0.07823003	0.05677377	0.10829639	0.09799654	0.09900814	-0.00261133	0.09106661	0.19182717	-0.08710723	0.01329795	0.00308959	-0.01589563	0.01023342	0.07529216	0.03136212	0.00063215	0.03534878	-0.02717549	-0.07141985	0.13492488	0.05498483	0.07631469	-0.07145551	0.02610833	-0.01847514	-0.02551327	-0.03305704	-0.10271421	0.01737582	-0.02733738	0.01712502	-0.02769774	0.01831452	0.04897511	-0.04285568	0.09705169	0.11594142	-0.05753407	-0.10396598	0.09681134	-0.10372064	-0.14329437	-0.21801685	-0.12685748	-0.18049471	-0.13336503	-0.08832952	-0.00431313	-0.13445436	-0.17255249	-0.08257321	-0.04863763	-0.16628632	-0.14860397	-0.03347900	-0.04338137	-0.11133564	0.04577638	0.11410243	-0.13353141	0.02223575	0.17903089	0.23791966	0.04885760	-0.00495532	-0.01789044	0.10426045	0.09854651	0.24845467	0.05694142	-0.00229015	-0.16035588	0.04950968	-0.22006474	0.01530324	0.23497963	0.29592847	0.21956315	0.14568378	0.06946840	0.30092595	0.06293355	0.33303356	0.26959035	0.28637672	0.30826575	0.06654087	-0.02976798	0.05038992	0.06204099	-0.12263667	0.12343844	-0.12284078	-0.03758796	-0.02028170	-0.16957705	-0.12343065	-0.07143188	-0.06679378	-0.17927401	-0.14061014	-0.01526619	0.18477822	0.30110125	0.38328622	0.07153271	0.13528990	0.49170129	-0.00625217	0.05103238	0.21542366	0.25247073	0.18182136	0.00333237	-0.19226441	-0.09530986	0.15344281	0.28817574	0.17780520	0.03679197	0.22935432	0.14406683	0.09638176	0.22126393	-0.06905077	0.03439707	0.01710177	-0.08974896	-0.13203179	0.00893461	-0.07508693	0.18527851	0.17097226	0.10394543	0.15342236	0.14355222	-0.01479045	0.14905140	0.07272893	0.15864514	0.04441973	0.06054576	0.06048514	0.14543215	0.08908697	0.23303715	0.02875353	0.35605872	0.34658477	0.22084392	0.09417888	0.33230863	0.27340742	0.34194951	0.23737369	0.33632572	0.55069750	0.91509451	-0.00418923	-0.12063048	-0.17609934	-0.17474972	-0.03973311	-0.14446308	0.13955730	0.26120829	0.32302549	0.37410280	0.44557956	0.15167518	0.31935252	0.33660171	0.32130740	0.45076179	-0.12959168	-0.04713024	-0.15467372	-0.14130891	0.10517124	0.01025424	0.07983940	0.15513144	0.05844378	0.12939285	0.13779418	0.08280436	0.18271331	-0.01968726	0.24617711	0.20738079	-0.07461689	-0.13484178	-0.09794555	0.01125482	-0.05425369	0.10252555	0.22562100	0.22131179	0.10748982	0.18879551	0.04231624	-0.03267731	0.22838603	0.20166845	0.35483810	0.25553728	-0.01465445	-0.03568131	0.04217425	0.15106221	0.06447579	0.02361862	-0.01840195	-0.00835198	-0.01597191	0.04751882	-0.02358866	-0.00629990	0.13033211	0.10906639	0.13922153	0.09538634	-0.01664805	0.01009888	0.08158243	0.00940646	-0.02468674	0.09068871	-0.01508449	0.06439989	-0.03744531	0.11890318	0.07807869	0.07521975	0.04538666	0.13593680	0.07362867	0.07996760
17Networks_RH_DefaultC_IPL_1	0.04051332	0.02559184	0.15706367	0.16693808	-0.03524432	0.00353091	0.08607442	-0.01261815	0.14382425	-0.00145313	0.00127497	-0.02949505	-0.03601100	0.00338871	0.09215989	-0.05194788	-0.13696751	0.05657773	-0.05744785	-0.08789076	0.01915706	0.05578160	-0.03442009	-0.02444147	0.09125064	0.02788091	-0.02718768	0.02005391	0.19773179	0.06005983	0.07441052	0.09969581	-0.03393372	-0.01003087	0.08494554	0.02805764	-0.01914436	0.18383256	0.13675314	-0.05464516	0.08227126	0.12708046	-0.03630390	0.15132617	0.15300252	0.07563185	0.04031684	0.04803880	0.13957650	0.14957565	0.03315303	0.06788725	-0.03094329	-0.02874349	-0.00019186	-0.15571939	0.06470316	0.00266734	0.04874452	0.13023970	0.05605578	0.09740409	0.00871090	0.08967062	0.04241357	0.02367756	-0.09967279	-0.06802068	0.02044412	-0.02041588	-0.07909612	0.00121337	-0.01269591	0.05468052	0.06118797	0.04032556	0.00301402	0.03420744	0.02351798	0.04236868	0.11412929	0.03548694	0.14618858	0.03682988	0.06260568	0.07120301	0.01395430	-0.13271756	0.00004483	0.02320421	0.06343241	-0.09417908	0.02103436	-0.02665191	0.04209583	-0.01798942	0.07210679	-0.01470216	0.14919066	-0.00842579	-0.04915262	-0.00529680	0.00792479	0.03045185	0.07426221	-0.11573761	0.00024538	0.11336452	0.08307610	0.23317979	0.00837233	0.10170102	0.09957091	-0.11834107	-0.15142524	0.07595919	-0.02335456	0.05563362	0.09692960	0.10881577	0.01793935	0.01885498	-0.06542547	0.01203251	0.03696616	0.02295338	0.13440062	0.00093035	-0.03575486	0.06997252	0.17537544	0.04318167	0.10418405	0.16955789	0.11875769	0.13269417	0.03083452	-0.04746533	0.17630932	0.14649520	0.17335177	-0.01046172	0.09313931	0.09571650	0.11567802	0.16306706	0.04082536	0.14937539	0.26612386	0.21771886	0.20511223	0.13565859	0.33914351	0.26275627	0.24201307	0.22163983	0.14929568	0.07701773	0.20996581	0.25691944	0.29130403	0.26377060	0.30959760	0.22658277	0.13150066	0.17578424	0.11146865	0.11342103	0.13506073	0.20152189	0.11208115	0.13237433	0.18808247	0.08036943	0.21049956	0.09398130	0.00602678	0.16340167	0.09916027	-0.00832638	0.00279238	0.01020383	0.15311575	0.19986936	0.14641540	-0.00680846	-0.01687195	0.20046257	0.16150616	0.23866210	0.21584138	0.07722781	0.14879900	0.01175670	0.17731063	0.14129778	0.07802896	0.03122146	0.07686924	0.23051549	-0.03981430	0.01154477	-0.09796049	0.10889717	0.06288019	0.10012056	0.07367663	-0.18141053	0.00852460	-0.09065265	0.01391152	-0.06664942	-0.08521807	0.03845825	0.06957012	0.00087108	-0.03851006	-0.00544493	-0.04456102	-0.08011234	0.02136739	-0.05254735	-0.05051890	-0.00461952	-0.08050956	-0.04877379	-0.01802374	0.03708479	0.09427003	0.00707475	0.04784337	0.01133016	0.02818278	0.12720891	-0.03344415	0.07859029	0.13918084	0.15232356	0.11856495	-0.11101383	0.16774934	0.06276183	0.15637191	0.00570300	0.06766768	0.01608219	0.02950756	0.10044805	0.10393839	-0.14233690	0.14369513	0.11570059	0.01489043	0.09252476	0.10687437	0.02816556	0.09409898	0.02098406	-0.03620579	0.06062829	0.02853178	0.01998422	0.40514962	-0.07293113	-0.09297720	-0.09144624	0.05213805	-0.07636453	-0.05630827	-0.07544859	-0.06977901	-0.09348439	-0.05858793	-0.00018608	-0.06782674	-0.10606136	-0.02522155	0.02134771	-0.00470783	0.05199877	0.16626813	0.09384352	0.08254728	-0.01391952	0.03177310	-0.01391075	-0.14722023	0.08011789	0.00052854	-0.12319567	0.02319786	0.01182657	-0.06805943	-0.05826480	-0.06116438	-0.06843950	0.03123178	-0.02517209	0.01744792	-0.02302134	-0.02315058	-0.01880795	0.02104857	-0.00350777	-0.07042996	-0.02113047	-0.01125634	0.00330540	0.00187752	0.00958039	0.13115112	0.01865986	0.10100490	0.04406503	0.11580499	0.01882725	0.11603829	0.09845824	-0.03120167	0.00509823	0.05805785	0.03142318	0.03278608	0.02316341	-0.03500279	-0.13606976	-0.00348012	-0.07771273	0.33299438	0.23899971	0.28712219	0.10820370	0.08013687	0.12362655	0.14528615	0.17117680	0.22167810	0.11216968	0.06163194	-0.09228163	-0.12697929	0.10338829	0.08434494	0.15696048	0.30799644	0.30870346	0.05479090	-0.03526744	0.19981345	0.15359077	0.10391526	0.06162527	0.32368435	0.26637558	0.08635248	0.13364075	0.14330931	0.21033962	0.29701950	0.26349630	0.30040042	0.32319979	0.32630562	0.32160365	0.21405129	0.08664259	0.27066411	0.40770889	0.46493187	0.25232265	0.38539364	0.16250893	0.09688062	0.16555505	0.26978106	0.07797290	0.29715114	0.15750329	0.24243658	0.13333457	0.04820134	0.10174299	0.15914000	-0.00418923	0.76597757	0.23641044	0.10209028	0.29210493	0.09956879	0.08925058	-0.02360258	0.13574629	-0.02468326	0.06292902	0.15143191	0.06476253	0.31859908	0.28241964	0.27229191	0.08036242	0.07423359	0.06075755	0.10388122	0.04527132	0.01227420	0.05585015	0.06432059	0.02296224	0.03364126	-0.02999230	-0.01970088	-0.00468442	0.07861743	0.07847231	-0.05460237	0.01502175	0.06682626	0.11107218	0.07524452	0.23970648	0.03835546	0.12442275	0.10565352	0.10631604	-0.02889043	-0.06987951	-0.20768999	-0.09734379	0.03997304	-0.01700955	-0.07074311	-0.03150951	0.15966625	0.05850469	-0.01350816	0.03190692	0.10960750	0.01273409	0.04150639	0.09824329	0.16637149	0.20462370	0.12266727	0.09998356	0.18932128	0.14099959	0.15433483	0.17230239	-0.01599621	-0.01051082	-0.04359945	0.01743840	0.00424662	0.09033055	0.12443922	0.00485432	-0.02471671	0.08248622	0.07690420	0.11423565	0.04120294	0.02721506	0.01470612	0.04495794
17Networks_RH_DefaultC_IPL_2	0.02276025	0.05536196	0.13785866	0.12767428	-0.00583558	0.04562275	0.11831698	-0.01490830	0.03960327	0.05155112	0.00920468	-0.05932418	-0.06358507	0.10358089	0.10661999	0.04115600	0.05419467	0.05711864	0.10273167	0.07551600	0.12834915	0.06056999	0.03599546	0.08411196	0.09164072	0.02220362	-0.07182671	-0.03399452	0.07776019	0.10991591	0.08384693	-0.00015151	-0.05354157	-0.07505129	0.04393742	0.10176349	-0.06587069	-0.02441310	0.00483161	-0.05013239	-0.03699150	0.03940637	-0.04076695	0.10288932	0.09611467	0.02728971	0.10005513	0.01255353	0.17829006	0.10204239	0.07587470	-0.08776080	0.02280248	0.11986091	-0.00274044	-0.06090438	0.02029664	-0.13593628	-0.00119185	-0.04945830	-0.02737968	0.08431165	0.04098042	0.11213911	0.06482332	-0.00225175	0.07308931	0.06194581	0.07980108	0.11368229	0.14255838	0.01925637	0.13518424	0.05205929	0.15114170	0.04494390	0.02405668	0.00784873	0.02312360	0.10294410	-0.07703162	0.07014594	0.26734685	0.17007423	0.07921096	0.08410100	-0.02860032	0.09542546	0.17386413	0.13159380	0.08080674	0.01215955	0.10560673	-0.00315945	0.14527091	0.24750087	0.16017508	0.10966453	0.11096389	-0.09255477	0.12859945	0.12212570	0.16699608	0.03316486	-0.11680058	0.02380520	0.13619697	0.00981599	0.07650880	0.00974593	-0.00078046	0.00486918	0.07288554	0.12323555	0.01271594	0.14123898	0.05917252	0.15213928	0.18585963	0.09227851	0.23949032	-0.01153121	0.09645991	0.14861023	0.03990338	0.19171122	0.10201661	0.05289769	0.02844011	0.13141542	-0.03367030	-0.04136398	0.22025663	-0.00476853	0.23671195	0.02255662	0.07519481	0.09232595	-0.04816993	0.03708129	-0.00164222	0.02720068	0.05787338	0.02501269	0.11073261	0.12428150	0.09475306	0.01850239	-0.07186832	0.14788024	0.13379097	-0.02174990	-0.01660450	-0.00563406	-0.05365189	0.04704629	0.10669834	0.03142490	0.01177467	0.09266128	0.03699346	0.02487269	0.11040501	0.06695815	0.08584924	0.02600276	0.06635328	0.11929362	0.10293656	-0.07085143	0.17215593	-0.06666660	-0.02576552	-0.03984160	0.03338690	0.00596847	0.02120930	0.03394964	-0.08475568	-0.02767877	-0.02020547	-0.04044719	-0.07030739	0.06002387	-0.01396749	-0.10995916	-0.10273082	0.32202232	0.11675199	0.05108024	0.08068322	0.02479374	0.16406900	0.17409109	0.00154044	0.00721893	0.01037735	0.18995181	0.01809505	0.03090492	-0.01856322	0.05816588	-0.01541836	0.00905144	0.11864217	0.01492401	0.05762413	-0.00494846	0.14304437	0.01301890	0.12957221	0.03732750	-0.04649135	0.09347951	0.06097342	0.00354497	0.04377224	0.09676104	0.09637967	0.11352400	0.12792144	0.13411165	0.05884200	-0.02035222	-0.01359434	0.03793680	-0.08071416	0.03003962	0.01156836	-0.06857140	-0.00336562	-0.07192889	-0.06072664	0.02428317	0.06149686	-0.13732779	0.10290736	0.04648892	-0.01634959	-0.16866848	0.02672999	0.04279911	-0.05346441	0.12602931	0.12497791	0.05357006	0.14740316	-0.02385876	0.17863870	-0.07585450	0.05785294	0.18634642	0.01240892	0.12091728	0.03795725	0.17178282	0.10756675	0.07900895	-0.10128577	0.04001148	0.10336176	0.05597584	0.00925620	0.02876509	0.08488368	0.08108415	0.14099015	0.03441111	0.09786484	0.16877118	-0.02113185	0.01554079	0.22893541	0.08588885	0.17461664	0.16587539	0.04556107	-0.04307553	0.14844064	0.02815871	-0.07333499	0.14789645	0.27591903	0.13665740	0.11442774	0.16565151	0.10655219	0.15102732	-0.00686242	0.05130540	0.09842899	0.15893897	-0.10691047	0.00332621	0.03817861	0.06805975	-0.05828902	0.16786849	0.17574990	0.21269954	0.02427593	0.02074419	-0.16332145	0.09205765	0.10580267	0.10986016	0.07152720	0.11504560	-0.12066219	-0.07932114	0.00297772	0.10815911	0.09816045	0.06359099	0.03489344	-0.01391985	0.04674974	0.12125505	0.19837457	0.17459510	-0.04112652	0.08888405	0.16343229	0.00735431	0.14134029	0.11620247	0.14461424	0.10633311	0.07160256	0.07387017	0.04088098	0.06075798	0.10109155	-0.10962017	0.21899576	0.16540444	0.19793281	0.03467021	0.08837885	0.17725079	0.17366242	0.24567991	0.03736427	-0.04216022	0.04481285	0.04240598	-0.08823685	0.02404287	0.08600747	0.12151986	0.18463016	0.08746799	0.04776454	0.17115439	0.16755879	-0.09717231	0.07535232	-0.01630422	0.02665724	0.14974384	-0.03612457	-0.06838485	-0.01977651	-0.01116111	0.08806485	-0.01361783	-0.01159953	0.05448075	0.14139735	0.09809222	0.05364761	0.06219523	0.00315455	0.02521160	0.09903029	0.00487538	-0.03182135	-0.06423381	-0.02452333	-0.15036018	-0.02273041	-0.21627010	-0.10584729	-0.12063048	0.23641044	0.74908199	0.08265026	0.17108611	0.11253780	0.08280975	-0.03897440	-0.07809911	0.00058599	-0.04347152	-0.12925339	0.17002338	0.08245449	0.16808829	0.02195517	-0.02962905	0.06706776	0.03919493	0.18288209	0.00215824	0.02968260	-0.00635783	0.03397784	-0.02567454	0.03211009	-0.04763476	-0.10322243	-0.00812424	0.07095503	0.08714938	0.01649683	-0.05237492	0.06908407	0.06618639	0.14868408	0.13781302	0.06356413	-0.04303107	0.03303151	-0.07953290	-0.05176725	0.07461714	-0.14981772	-0.05669631	0.05313626	-0.09552495	-0.01572956	-0.03231050	-0.01291948	-0.07875678	-0.13517922	-0.05677120	0.11382750	-0.05260610	-0.05021464	0.00928342	0.09119722	0.11705001	0.05227259	0.10986328	0.09215427	0.06298650	0.15916971	0.09856845	0.03019636	-0.00752844	-0.15306508	-0.16222233	-0.01640204	-0.00438014	-0.00433996	-0.05845481	-0.00996602	0.08296950	-0.00066989	0.10030953	0.03022600	0.10879038	0.09076822	0.09391961
17Networks_RH_DefaultC_Rsp_1	0.22672799	0.28117317	0.10918988	0.22929693	-0.00715228	-0.10515143	0.09958519	-0.06464516	0.00113327	0.04911944	0.14568651	0.11861205	0.17942711	0.28320531	0.27478344	0.12421010	0.12582409	0.26504774	0.26379439	0.25196385	0.33199274	0.26682593	0.22921394	0.13843833	-0.01038981	0.05103052	0.15644136	0.14461439	0.05443853	0.06923479	0.00492839	-0.05036480	0.05759253	0.10396919	0.16563790	0.21944449	0.16711015	0.16230050	0.19776781	0.10388425	0.13698303	0.18330306	0.17334990	0.10155528	0.02933329	0.09942290	-0.03461516	-0.11833341	0.02336709	-0.04065392	0.02616607	0.06331407	0.10766245	0.01597999	0.00498047	-0.08348645	0.03080490	-0.08682002	0.15198185	0.25666102	0.22437428	0.19899388	0.10456048	-0.03996943	0.14498253	-0.01822669	0.12744711	0.11530645	0.11461467	0.02180098	0.15402279	0.18526239	-0.02963373	0.03646169	0.04249292	0.05651026	0.11218941	0.18176520	0.14970784	0.16794319	0.21617039	0.09043289	0.21996382	0.12222958	0.05937932	0.05425047	0.17663113	-0.03763377	-0.06119788	-0.14239404	-0.10600208	-0.11415882	-0.00024270	0.14319305	-0.04947265	0.07789290	0.23397421	-0.04195092	0.10447475	0.26525965	-0.03582756	0.14832476	0.05140041	-0.10599221	0.23890389	-0.09692372	0.01057702	0.20967434	0.12023220	0.25127998	-0.01494278	0.06835790	0.03765887	-0.01477782	0.08751256	-0.06479102	-0.06443322	-0.02288822	0.03363811	0.11347293	0.00282106	0.03533561	0.07292418	0.24223762	0.06372412	0.23378631	0.24091453	0.14009092	0.01344176	0.09261181	0.23477619	0.12624562	-0.02680363	0.09725287	0.19795247	0.16733415	0.20777790	0.20613172	0.17018305	0.19167656	0.18082937	0.09044823	0.16529042	-0.00987277	0.09021270	0.18515365	-0.04210555	0.03847207	0.27060171	0.27000764	0.32244003	0.11926272	0.31262130	0.40297321	0.28113946	0.31493827	0.13509873	0.04902090	0.21422999	0.36713991	0.28660553	0.29103074	0.32159099	0.18400670	0.08613670	0.15842761	0.10984784	0.07582327	-0.01138789	0.18135316	0.25605958	0.26385900	0.16048210	0.13668859	0.19664121	0.11613668	0.09289361	0.08298741	0.09771928	0.13938291	0.07248453	0.19180669	0.21099144	0.25802176	0.19330276	0.16428491	0.19674998	0.18281111	0.51594942	0.53476010	0.40185986	0.22357164	0.23268227	0.04332382	0.25544188	0.13321469	0.19875052	0.00091704	0.02011555	0.16738828	0.16096173	0.14886121	0.22829989	0.21620347	-0.01447214	0.04048153	0.14847619	-0.08168038	-0.06678571	-0.00743148	0.15793163	0.16504734	0.20423979	0.13178024	0.31306675	0.28277785	0.24099177	0.29840050	0.24051529	0.24030237	0.34725242	0.14871193	0.20561640	0.14681593	0.02209575	-0.04205761	0.14986151	-0.12707938	0.13900239	0.05039832	0.16432969	0.08391813	0.06153041	-0.08278159	0.15545753	0.22118273	0.15620854	0.04995409	0.19769491	0.15090695	0.07932908	0.09167781	0.07226832	0.12186432	0.08832886	0.00957339	-0.01805319	0.07197726	0.00249870	-0.08186430	0.06659437	0.04768575	-0.06648532	0.06123632	0.10576184	-0.00590305	-0.04562209	0.00150871	0.17812599	0.18494300	0.10320811	0.03973804	0.12795667	0.17051181	0.17289789	0.01649615	0.10940522	0.20672627	0.21561517	0.15673704	0.18947088	0.08272728	0.04986486	0.07897299	0.08375110	0.15335744	0.01322764	0.11368444	0.18144175	0.23528114	0.19807543	0.07380839	0.12791476	-0.04637001	-0.10121579	0.02733255	-0.09137127	0.10269205	0.14177095	-0.12017595	-0.00276128	-0.14713549	-0.11365759	-0.11346654	-0.11739593	-0.06915324	0.10647303	0.06602084	-0.03767709	-0.00057636	0.06860016	-0.00207919	-0.01462811	-0.09297048	-0.01192630	0.01348970	-0.08124626	0.03475330	-0.15397567	-0.19945120	0.05885879	-0.06463866	0.00009397	0.10708529	0.00265721	0.05451609	0.17585486	0.00771242	-0.00275671	-0.07469387	0.11518411	0.14296058	0.11285909	0.27295028	0.10008797	0.04193940	0.13510369	0.08093953	0.20730102	0.13906755	0.12848089	0.12314831	-0.03229960	0.06720110	0.00289284	0.20402029	0.04957405	0.14155132	0.09333069	-0.03914932	0.06286182	0.09149974	0.07068734	0.07813999	0.16899953	0.19040020	0.12397524	0.04790402	0.12214482	0.06477676	0.14948005	0.00789710	0.20599809	0.19204798	0.08146801	0.05144344	0.14038803	0.11280123	0.12748550	0.17714236	0.28781166	0.20591843	0.35411695	0.22608516	0.11072226	0.08753424	0.18011957	0.23738320	0.20890296	0.17713527	0.26376930	0.08939394	0.18528289	0.15190962	0.08749557	0.13922834	0.16104333	0.06785045	0.09228400	0.15113716	0.05999782	0.17438202	0.04579258	-0.17609934	0.10209028	0.08265026	0.87709381	0.40886709	0.24324415	0.24841465	0.14782946	0.02580598	-0.02797225	0.03926167	-0.02821186	-0.06363939	0.05881248	-0.12228373	0.10971013	-0.08479953	0.18062228	0.20131225	0.15393865	0.10507502	0.14047123	0.01991676	0.18221529	-0.01890673	-0.02352456	0.00168580	-0.14442021	-0.08039545	-0.11069463	-0.04868118	0.06089519	0.03151988	0.21577023	0.15779661	0.09254579	0.05486203	0.11186365	-0.03302602	0.06368106	0.02397474	-0.00625860	-0.14429971	0.09691351	0.01314211	-0.13242364	-0.02490650	0.03185690	-0.04774874	0.22196672	0.11196470	0.07325661	-0.01675182	0.19837519	0.20978847	0.21059579	0.07809005	0.19720402	0.24793192	0.28624036	0.26378907	0.14854694	0.19628913	0.08509044	0.23148706	0.21864194	0.21523213	0.11888174	0.13743381	0.23788736	0.20371889	0.15033109	0.15275673	0.25182418	0.10421937	0.26093214	0.11609499	0.25889742	0.08460634	0.12065830	0.06670783
17Networks_RH_DefaultC_Rsp_2	0.01568089	0.07226305	0.00713808	0.10694700	0.01835167	-0.11433930	0.03624103	-0.10235330	-0.02060447	-0.02150631	-0.03367604	0.00109268	0.05381881	0.09823659	0.13517130	0.07935955	-0.01403543	0.13562126	0.15223215	0.06738557	0.20063520	0.22812129	0.09711329	0.03075788	-0.01378740	0.00954947	0.02690958	0.02953368	0.06240407	0.09460947	0.01680125	-0.12357833	-0.02736951	-0.02344437	0.06876547	0.04732584	0.06090588	0.12167820	0.10665990	-0.07495638	0.11486854	0.17507779	0.01858259	0.06353841	0.04598602	0.05068315	-0.03862306	0.04771095	0.02152154	-0.05307697	-0.05394202	-0.03490069	0.05748666	-0.01766968	-0.04698559	-0.14632516	-0.10739325	-0.08196473	-0.03875769	0.11488738	0.10162105	0.11059202	0.01651766	-0.07125088	0.06022584	-0.02496796	0.01827246	-0.01074373	0.00185479	-0.03249747	0.00040805	0.06244957	-0.05125491	-0.03528496	-0.01239082	-0.02044523	0.01324837	0.13246147	0.03307619	0.14730676	0.14386798	-0.01109390	0.12624488	0.02330628	-0.01839367	0.09457433	0.06813977	-0.06085189	-0.01795711	-0.04743633	-0.05062938	-0.15248450	-0.00373512	0.01440395	-0.06080376	0.04884620	0.23573715	-0.08801550	0.03450999	0.03812001	-0.08807427	0.00245737	0.03440587	0.05493771	0.15059082	-0.16340082	-0.01344413	0.12660244	0.12336259	0.22392473	0.01456745	0.07153696	-0.02355334	-0.07061848	-0.02120814	-0.00410254	-0.01490534	-0.03054706	0.13072949	0.13150549	-0.03430653	-0.04388931	-0.02864270	0.09473673	-0.04196420	0.09087436	0.07791825	0.04243411	-0.06895984	0.00483945	0.18040824	0.01776101	0.07287827	0.06825819	0.15106988	-0.01348800	0.07098431	0.03835353	0.12591175	0.13324538	0.08997577	-0.04520047	0.06548262	-0.00085716	0.03316221	0.16133583	0.03704136	0.08798130	0.19638344	0.24613849	0.30841183	0.00935055	0.31463278	0.36514201	0.21990815	0.26726763	0.17170049	0.04324641	0.09227486	0.36574393	0.21369148	0.32656482	0.26423732	0.15367731	-0.01930449	0.19210985	0.11431910	0.10835729	-0.02133692	0.14736882	0.15035235	0.12129826	0.12077208	-0.00394314	0.11037940	0.03552776	-0.00753599	0.06581345	0.07094629	-0.05641548	0.00546062	0.03025220	0.21092420	0.26223462	0.16287611	0.04000354	0.05807356	0.27380215	0.36182660	0.51835124	0.47841047	0.18650164	0.18746441	0.08874810	0.12320036	-0.01047897	0.10457243	0.00241076	-0.06083872	0.15185517	-0.03646116	-0.01791881	0.01890004	0.04343203	-0.09997395	-0.08804932	-0.02054488	-0.21363827	-0.13862795	-0.14588404	0.00077206	0.01423889	-0.00830721	0.12247976	0.16858104	0.10791185	0.07350141	0.19450889	0.08872465	0.07344065	0.20164963	0.02995562	0.09928310	-0.04963918	-0.02995157	-0.08596526	0.05366380	-0.06739339	0.06094555	0.02223882	0.11510801	0.06249926	0.04021500	-0.02203769	0.04495745	0.13439547	0.20159768	0.16600203	0.16179221	-0.01233490	0.07038953	0.04630429	0.09857637	0.02481115	0.06975801	-0.01126816	-0.04074055	0.06784350	-0.03432439	-0.12152731	0.06281622	0.05113755	-0.00505998	0.11067394	0.04424184	0.00141605	-0.10447234	-0.02696571	0.04195133	0.04034034	-0.02988777	-0.06322480	0.13848858	0.02918622	0.02269180	-0.09844948	0.07370233	0.02962733	0.09273448	0.03337323	0.08590436	-0.00965757	-0.01252880	-0.13162244	-0.01878142	0.03142240	-0.04814237	0.06723099	0.15300804	0.18703836	0.13052244	0.07915852	0.09728385	-0.09944304	-0.09300346	0.01300435	-0.14540390	0.03070770	0.07452567	-0.08348699	-0.02092841	-0.10637280	-0.07812306	-0.09725714	-0.13374882	-0.07613457	0.06258677	0.07561267	-0.03064973	-0.00673460	0.08952059	-0.12920602	-0.07960788	-0.09993995	-0.06327026	-0.08775399	-0.08570151	-0.01857124	-0.12820998	-0.10601583	0.03657824	-0.06934805	-0.04625331	0.09111173	0.03261342	0.00363392	0.17515263	-0.03654177	-0.04273225	-0.04511740	0.02629584	0.07566058	-0.00593111	0.21577634	0.01573412	-0.05107886	0.06484244	-0.08324039	0.16656677	0.08471522	0.13263844	0.04536609	0.00505189	0.02791070	0.06467025	0.10942359	0.02139129	0.03510307	-0.02669182	-0.06435766	0.01968227	0.06043680	-0.02700089	0.01315717	0.09843356	0.26861640	-0.00807017	-0.04488481	0.08711981	0.02681642	0.22657907	-0.01519761	0.17992600	0.26173539	0.11313014	0.15232254	0.13608090	0.00260309	0.05992388	0.12673114	0.23138808	0.14806469	0.31195168	0.16081940	0.11948679	0.05621398	0.17681698	0.23220147	0.27319236	0.15868961	0.24593451	-0.03092389	0.15560397	0.05048035	0.09405548	0.02325148	0.05745897	0.00546859	-0.02113013	0.09109084	-0.01987346	0.09114385	0.04927208	-0.17474972	0.29210493	0.17108611	0.40886709	0.75555271	0.21938229	0.27682293	-0.00936249	0.06666463	-0.11141285	-0.09729694	-0.03223575	-0.06991153	0.18541233	-0.02993347	0.09825941	-0.11504143	0.09541853	0.14630366	0.11012505	0.03535705	0.06215469	0.00896201	0.12893147	-0.07007975	-0.04803023	-0.06955112	-0.08872058	-0.10592332	-0.06545683	0.03522239	-0.10765203	-0.04969398	0.13732108	0.18763943	0.02761266	0.11389218	0.06397892	0.01200310	0.05553895	-0.00241206	-0.02282268	-0.15817555	-0.07609526	-0.05761094	-0.15515113	-0.11194539	-0.14087976	-0.10341974	0.15591406	0.01686544	0.00209284	-0.09109829	0.10962316	0.08177579	0.11566623	0.08637320	0.13810876	0.17531736	0.16844730	0.17972640	0.09584883	0.10318008	0.03055025	0.15204014	0.07505997	0.02508182	-0.01060975	0.09196776	0.16486907	0.09322555	0.13324716	0.07932653	0.12882532	0.00261238	0.09186719	-0.00162251	0.09654628	0.02127741	-0.03856492	-0.03642881
17Networks_RH_DefaultC_PHC_1	0.13566929	0.22876355	0.06019586	0.26083531	0.08153147	-0.09154739	0.29782056	0.01583376	0.00734427	0.04399947	0.05392192	0.01217135	0.10359839	0.27088113	0.32592462	0.02103578	0.27951197	0.21747026	0.30532469	0.23189148	0.27284057	0.23065067	0.18583537	0.26278854	0.15633299	-0.00633605	0.04889458	0.12168205	0.12763217	0.14415352	0.10665580	-0.02070201	0.05352720	0.07248528	0.23698001	0.12147771	-0.00267928	0.14563228	0.19366402	0.02529882	0.10084409	0.31066958	0.07894724	0.07611158	0.10527165	0.12293279	0.19326283	-0.06124789	0.12273491	-0.02195098	0.04435927	0.02382201	0.10396240	0.10900743	-0.01583931	-0.21109299	-0.09580361	-0.03878091	-0.04110980	0.20866438	0.17047401	0.19925775	0.02956120	-0.06734944	0.12001589	-0.02925948	0.11346715	0.06446066	0.14801962	-0.05583379	0.10932155	0.15916797	0.11149760	-0.04830599	0.02213966	-0.01511872	-0.01196963	0.12892959	0.25403864	0.32391560	0.23428294	0.11666230	0.16074370	0.14715044	0.01458314	0.16469129	-0.01433342	0.17179049	0.14171906	0.07560951	0.10607446	0.21726242	0.26552938	0.03698332	0.02844134	0.20627324	0.28118070	0.09672375	0.16897158	0.09705197	0.10306901	0.16523971	0.13005575	0.00154698	0.08029985	-0.04865810	0.19219082	0.12283577	0.11413953	0.23218511	0.02195990	0.09614143	0.01186218	-0.12501278	-0.15134491	-0.12112109	-0.01249878	-0.01752001	-0.05733592	0.04011044	0.09035342	0.13625773	0.11856433	0.17794368	0.01177703	0.15652442	0.17652148	0.18046881	0.11277250	0.01241328	0.10345822	-0.07155762	0.17524239	0.15864863	0.33648641	0.15198379	0.20692874	0.10029092	0.04278340	0.14099173	0.06336341	0.06121544	0.08744532	-0.02390663	0.05816127	0.13039173	0.01031796	0.07081113	0.01412529	0.21550969	0.09116423	-0.02833356	0.08985306	0.09051619	0.04207628	0.12795232	0.11768622	0.14856120	0.01943811	0.07992449	0.10613295	0.18828537	0.09280733	0.01802443	0.11214606	0.07033882	0.04133912	-0.02466910	0.01904218	-0.04319721	0.19850450	0.02154198	-0.03758083	0.01252863	0.12087090	0.05355340	0.06527755	0.16469124	0.16334589	0.12913203	0.02881872	0.07066992	0.13855677	0.23873438	0.08693821	0.07364012	0.07498030	0.19733343	0.29151751	0.22164314	0.18864624	0.34361840	0.15354697	0.08270796	0.12103381	0.17484123	0.14055147	0.18161768	-0.02796541	0.07316494	0.16539596	0.18649493	0.16128915	0.14150976	-0.00696146	0.00112558	0.07206606	-0.02663038	0.01159210	-0.02991185	0.08951052	0.08679692	0.12995679	0.10534579	0.32828270	0.22801517	0.20532034	0.31018627	0.14139772	0.19754545	0.29119443	0.06769116	0.17567190	-0.04041356	-0.00504738	0.10362771	0.01448326	0.07776827	0.01903049	0.03378345	0.26387053	0.12704438	0.00997898	0.02560632	0.14165778	0.13833968	0.15375111	0.16568550	0.13854453	0.00597804	0.17479779	0.16628921	0.11911402	0.32262469	0.24999945	0.23731042	0.14375838	0.13804354	0.03011291	0.09980178	0.17398549	0.13565131	0.18148759	0.19797689	0.12437686	0.07727526	-0.04279533	0.06913157	0.23212028	0.20923631	0.11307297	0.01567587	0.11713867	0.05799681	0.06011277	0.07606889	0.09212591	0.03348917	0.10257717	0.09017882	0.12455706	0.09254717	0.06755958	-0.03331499	-0.01265496	0.03522057	-0.05365016	0.00263263	0.20809654	0.25986824	0.21594179	0.22530548	0.17815574	0.14146261	0.07296372	0.19035796	0.05245848	0.10828007	0.16728467	0.14674594	0.18591077	0.12372503	-0.01205331	0.06366274	-0.12497047	0.15806254	0.18898640	0.08010601	0.09094247	0.18939729	0.06708026	0.15496752	0.02944082	-0.01848304	0.11070540	0.04359515	0.11898814	0.23801691	-0.03562749	-0.13751313	0.11270349	0.15979587	0.05338589	0.27021593	-0.04134818	0.03368447	0.15318975	-0.07517492	-0.05216142	-0.07723668	0.12076091	0.06613327	-0.07024010	0.10049305	0.09410194	-0.02343138	0.06265217	-0.05955517	0.16458969	0.17073980	0.12288779	0.05592950	0.02779932	0.05417739	0.21644387	0.12692381	0.25500639	0.17469139	0.08487726	0.03908051	0.04346105	0.20473241	0.07290594	0.08976518	0.20315600	0.19341484	0.12789798	0.04566619	0.19585929	0.08197857	0.14563058	0.03541066	0.14022911	0.10396253	0.06772608	0.06878844	0.17136105	0.10041012	0.14634311	0.19129694	0.21949537	0.12550585	0.06238596	0.06032651	0.11846820	0.14645447	-0.00094623	0.17239311	0.15656449	0.16484230	0.13884930	0.15769580	0.17824155	0.24854238	0.06573191	0.09528286	0.11140356	0.06704471	0.09058043	0.14627910	0.11983666	0.12927179	0.10334409	-0.03973311	0.09956879	0.11253780	0.24324415	0.21938229	1.01167889	0.12681438	0.19152294	0.12013941	0.15140546	0.06793444	0.00849681	0.13224867	0.08266597	0.10572388	0.14693641	0.01088392	-0.17242221	0.07706390	-0.02472785	-0.07769371	0.10095272	-0.12296655	0.13321383	0.00831509	0.07703279	0.12242564	-0.06218768	-0.07068102	-0.03194509	0.06676359	-0.00607458	0.00743215	-0.00913644	0.09713037	-0.01704718	0.09335076	0.12885366	-0.11170294	0.11891744	0.01600062	-0.00002684	0.01229114	-0.01757005	0.04170562	-0.02264580	-0.04568455	0.04700308	0.13243676	0.25223293	0.05379969	-0.10714502	-0.08186197	0.10378603	0.14136824	0.15405527	0.02806162	0.11594330	0.26348955	0.21195986	0.18078748	0.23528510	0.17658469	0.09970604	0.11634661	0.22525198	0.03999956	0.07498738	0.11289069	0.16232532	0.18569165	0.18423872	0.15017057	0.15642862	0.23846239	0.26078978	0.18883651	0.22829327	0.08561275	0.05785611	0.10323055
17Networks_RH_DefaultC_PHC_2	0.15000139	0.20475699	0.03570691	0.15459029	0.15867843	-0.09503656	-0.04161963	0.04968248	0.06644941	0.17282434	0.04974976	0.13414410	0.24177231	0.19740358	0.10279164	0.17243858	0.18932972	0.10794595	0.17998371	0.17869908	0.18384668	0.20545566	0.12731928	0.11773812	0.08982760	0.10894302	0.05580035	0.13035793	0.22214561	0.03982297	0.08751586	-0.00419464	0.14511791	0.01487880	0.13081159	0.23415728	0.09718534	0.11017920	0.13363945	0.02992035	0.20312713	0.19992136	0.17608500	-0.06853115	0.07243425	0.08608529	-0.03634058	0.12475045	-0.04394801	-0.09952458	-0.00948247	-0.07253249	0.11647783	0.00368680	-0.11111204	-0.11985818	-0.12269353	0.10032140	-0.04827383	0.20879835	0.20822768	0.13079375	0.18281189	-0.04239511	0.20758527	0.11703632	0.17337514	0.19199813	0.21312540	0.11309409	0.27225418	0.18951098	0.04757763	0.04900836	0.11518916	0.11311414	0.04759111	0.24771121	0.10176111	0.22955298	0.14896814	0.22950181	0.20185646	0.24361719	0.09042678	0.08091770	0.04843510	0.07724880	0.00349905	-0.00587270	-0.00750118	0.07067640	-0.02856296	-0.00498545	0.13745173	0.23329586	0.22271330	0.08585332	0.12052831	0.10671228	0.02332378	0.10393382	0.07756915	-0.10300154	-0.04585811	-0.01105067	-0.10661991	0.04557650	-0.10298548	0.12755330	-0.05356533	-0.00851529	-0.16661969	0.00292593	0.08080199	-0.04295834	0.03978305	-0.04339290	0.06201686	0.09225756	0.09652679	0.16169826	0.07135804	0.22622558	-0.01044288	0.10067723	0.13967520	0.01473961	-0.02481111	0.01172821	0.10334300	0.01358101	0.09422090	0.07014661	0.29851896	0.05415021	0.13527457	0.03588790	0.06184460	-0.02410996	-0.00084337	0.04996659	-0.01025152	0.02450575	0.17619771	0.23521695	0.10646305	0.08729594	0.06547679	0.21341053	0.20016214	-0.00556337	0.14137043	0.19555786	0.06465618	0.02061251	0.09915669	0.06977292	0.02036465	0.21604060	0.03738801	0.10902029	0.16055032	0.03868284	-0.02039585	0.10887360	0.01449458	-0.07495940	-0.02229187	0.03210686	0.11934417	0.03477589	0.04562196	0.00506494	-0.01430814	-0.03275499	0.03154852	0.04067701	0.04601375	0.00925181	0.06724402	0.10942814	0.04995929	0.08061993	-0.07713387	-0.03391926	0.03938449	0.32361804	0.24557398	0.30215027	0.27670445	0.33654362	0.22472780	0.00531985	0.08087636	-0.02916935	0.07207566	0.03189371	0.12423028	0.09354781	0.07746795	0.16709901	0.23478420	0.03820783	-0.09124316	-0.09138268	-0.04144516	-0.05278711	-0.18240734	0.06215405	0.10394485	0.08577346	0.20937955	0.07050627	0.21670863	0.19361678	0.22669154	0.23650138	0.08210445	0.10402048	0.17695536	0.07399951	0.18604028	-0.01796139	0.09601302	0.13004266	0.20594544	0.08104195	0.13417929	0.18664456	0.20863444	0.18561097	0.03199474	0.01359674	0.21035196	0.16152358	0.19912231	0.14594992	0.19851631	0.12085046	0.15824423	0.10407985	0.03386766	0.19418383	0.19887573	-0.09607362	0.03420440	0.23197271	0.12919285	0.08183674	0.21283107	-0.00229677	-0.05739856	0.23479576	0.06084702	0.18737597	-0.02602990	0.19870048	0.34506397	0.17781974	0.06209706	0.11076868	-0.02517164	0.18273230	0.24516923	0.15203067	0.20743643	0.20449029	0.23944195	0.24671473	0.27786258	0.19119640	0.02839835	-0.11924622	0.10544708	0.21354799	0.11592478	0.10157460	0.29583921	0.27737266	0.13325160	0.35360187	0.16595373	0.10774266	0.03674674	0.06656077	0.06356039	0.08005191	0.11309204	0.02452313	0.04397479	-0.04678057	0.03736010	0.08619246	0.00630728	0.08030821	0.09046066	0.21985056	0.11750810	0.16573688	0.12387498	-0.01922000	-0.04653698	-0.03761136	0.05084455	0.07934344	-0.09480917	0.08280563	-0.00158910	-0.03349898	-0.02529659	0.09750772	-0.11751379	0.11549661	-0.12356598	0.01873496	-0.00895383	-0.21387593	0.10140523	-0.06131562	0.07483491	0.05554431	0.06373950	0.19193155	0.23997907	0.09571555	0.11694152	0.08946756	0.12859323	0.06815247	0.02566920	0.11373608	-0.05829104	0.03558525	0.14147338	-0.03253650	0.07528854	-0.05594806	-0.07139046	0.05947817	0.06206001	0.13670317	-0.06990380	-0.02346256	0.06286313	0.04699051	0.03916234	0.10631480	0.07739694	-0.07125303	0.08162345	0.02395056	0.04057816	0.10777812	0.17828382	0.04778797	0.18685096	-0.10870145	-0.04724767	0.03115945	0.08072729	0.06398101	0.13297338	-0.00161390	0.05823911	0.06222443	0.09757036	0.08070613	-0.00013055	0.02706078	0.06886936	-0.06208106	0.05454818	0.15285661	-0.15374265	0.06892869	-0.00626856	-0.10976687	-0.08185236	0.10366357	-0.05908866	0.17771301	-0.12547143	-0.14446308	0.08925058	0.08280975	0.24841465	0.27682293	0.12681438	1.10879791	0.04851448	0.02725891	-0.10663100	-0.05666714	-0.10351834	-0.14016540	0.01277154	-0.03339581	0.00572550	-0.12423662	0.02185197	-0.06239235	0.09276600	0.07388504	0.01858143	-0.11134148	0.11988131	0.04962291	-0.11289262	-0.08348519	-0.10006510	-0.04981093	-0.11719060	0.00584729	0.00727771	0.02393836	0.15685990	0.13950956	0.09554036	0.18144166	0.11690624	0.10823649	0.03025092	0.06544461	-0.01603540	-0.15341158	0.19692545	-0.10544472	0.01574156	0.09770301	0.03355686	0.06052854	0.20404677	0.04641196	0.06961312	-0.06766475	0.09830339	0.03501639	0.13349277	0.19766608	0.22421850	0.08079695	0.21053012	0.14456602	0.12383477	0.03860969	-0.12436622	0.11751750	0.10398308	0.07674920	0.09569665	0.24158781	0.30659971	0.06378389	0.06682450	-0.00577260	0.27530871	-0.00277790	0.17746125	0.00393541	0.20231360	0.05318897	-0.06100130	-0.04320304
17Networks_RH_TempPar_1	0.12310448	0.11492831	-0.09612574	0.05261718	-0.03891643	0.04387835	0.20326699	0.01919781	0.04563770	0.14429081	0.06791283	0.10822808	0.11222597	0.01357743	0.12952437	0.01803581	0.21676369	0.07008078	0.12510719	0.23380267	0.15657145	0.14592149	0.07399816	0.15281522	0.16427051	0.05078120	0.07460260	0.15401424	0.07038564	0.09888229	0.14762879	0.12624359	0.11827596	0.05355297	0.15466691	0.08788008	0.21232010	0.05504341	0.08751249	-0.00839075	0.06725895	0.04060223	0.06070065	0.07027771	-0.01274039	0.12494289	0.02445106	-0.02213445	0.09575900	-0.16784720	-0.00611851	0.00072675	0.04017198	-0.03404999	-0.00536418	-0.09093613	0.04805462	0.02624473	0.07572267	0.02608214	0.12469315	0.05537432	0.00114110	0.02736624	0.07130494	0.03885526	-0.01600049	0.03802690	0.10708550	0.03906198	0.03278747	0.02606024	-0.06111292	-0.11070400	-0.08444213	-0.05373559	0.07245285	0.10294587	0.06590690	0.06760426	0.02908801	0.11738202	0.01149876	0.07904094	-0.03798048	-0.07946013	0.07456616	0.00450511	0.01303308	0.04337126	-0.02725408	0.02463269	0.09619334	-0.06634198	0.01790763	0.10256874	0.20077384	0.12721693	0.13854210	0.09470606	-0.01727322	0.12004653	0.05100635	-0.17884880	0.00362870	0.02997169	0.01885226	0.10394065	-0.01240331	0.12982672	0.01926812	0.16281925	0.06477182	0.10828926	0.04362483	-0.02454369	-0.05888982	0.01239637	-0.06547532	0.08860116	-0.02456935	0.10656572	-0.02272802	0.05188104	-0.01884896	0.00179143	0.04251065	0.03054552	-0.01757326	-0.09281429	0.04984910	-0.00875443	0.05426906	0.02938639	-0.02021263	0.14910242	0.06394683	-0.07948966	0.05320700	0.01070741	0.08127227	0.06887907	0.14837382	0.07234378	0.07230438	0.11562523	0.02309129	0.00933105	0.05996663	0.09801192	0.00354711	0.04348692	-0.02014099	0.13467449	0.05959390	0.15256602	0.13992237	0.17535541	0.06357226	0.10523724	0.13887442	0.10668607	0.10813839	0.08822248	0.13067880	0.02728511	0.04534963	0.03548507	0.15040167	0.06212360	0.11731810	0.18325256	0.02142877	0.15751150	0.09904782	0.01797637	0.05500171	0.00609814	0.01045957	0.06024309	0.08818761	0.12460455	0.10613188	-0.00476417	0.13645379	0.11954532	0.19757448	0.01731967	0.17248364	0.11186667	0.02619518	0.06333256	0.15913581	0.03659154	0.26637878	0.16640512	0.25480900	0.09109809	0.16380112	0.07695432	0.06814374	-0.00597559	0.06356991	0.00415065	-0.05365099	-0.13061490	0.06814373	0.02371490	0.01611543	-0.00486939	0.02899935	0.06425846	0.15402870	0.07952819	0.16698874	0.05817579	0.21275372	0.13642754	0.23845850	0.13727072	0.13595507	0.09941919	0.11276524	0.07963518	-0.10421368	0.08377483	0.07496815	0.04214339	0.02126470	0.05695779	0.18360666	0.03466885	0.07698767	0.01331295	0.08841220	0.02763947	0.01146918	0.02481387	0.07377652	0.15768791	-0.04790478	-0.01803407	-0.10577658	0.27277380	0.00725238	-0.12053427	-0.12393711	0.15133543	-0.09423386	-0.01293799	-0.05768902	-0.06633195	-0.01529365	-0.11495260	-0.00233894	-0.03170707	-0.02903076	-0.01671911	0.14931267	-0.00013399	-0.04058573	0.03944691	0.09397779	0.07628979	0.07970172	0.18018964	0.07784145	0.11635823	0.07578651	0.05138976	0.15039447	0.05179967	-0.01253666	-0.02966866	-0.07552449	0.03632030	-0.06936367	0.17521196	0.06730809	0.11984412	0.03406901	0.14757418	0.06574506	0.04962736	0.10936617	-0.05036477	-0.03225689	0.01321226	0.37260228	-0.01717754	0.06397735	-0.02306443	-0.03813937	0.00821989	0.04544587	0.10792758	0.03525126	-0.00955778	-0.01247831	0.10098719	0.14535724	0.10889916	0.06507504	-0.00224183	0.05978955	0.04121623	0.09928895	0.05399315	0.08364545	-0.11512804	0.07268184	0.11603051	0.05747255	0.12365884	0.03952419	0.08989719	0.10464656	0.07863931	0.04893285	0.04163028	0.04896870	0.16179343	0.06232506	0.15520564	0.07021597	-0.02451829	-0.05110607	0.04703135	0.05711709	0.09602960	-0.00039182	-0.00669426	-0.00349366	0.12076476	0.06144535	0.03202456	0.05778478	0.02346752	0.05439882	-0.06033768	-0.03150191	0.07209025	0.04902853	0.05435642	0.05646974	0.02987784	0.20545127	0.08403003	0.13827626	-0.04000074	0.10837202	0.08439837	0.08398502	0.06299794	0.06363754	0.04020065	0.14344255	0.07983410	0.01516189	0.07884354	0.10696519	0.02755668	0.07720015	0.07814878	0.13731860	0.18013370	0.04565838	0.09170276	0.06778963	0.09195262	0.06499887	0.06456408	-0.01910453	0.24424857	0.14586013	0.22039082	0.08376550	0.17801818	0.08123181	0.08577717	0.01190427	0.16462116	0.13883055	0.13955730	-0.02360258	-0.03897440	0.14782946	-0.00936249	0.19152294	0.04851448	0.94194543	0.32377980	0.13290076	0.20847164	0.19388739	0.02605748	0.05923654	0.16975973	0.03381221	0.07869982	0.08919560	0.07856242	-0.03760203	0.02595769	0.03303572	-0.10550210	0.11540632	0.10585585	0.07724561	0.05676321	0.04399822	0.02295022	0.06101158	-0.13531170	0.13847925	0.09065075	0.06649397	0.05911760	0.04613404	-0.04721332	0.04578966	-0.03705630	0.00963633	0.09178763	0.11739477	0.08197210	0.26034436	0.05698497	0.10798391	0.14911217	0.14373573	0.09792088	-0.01698876	-0.03879013	-0.04226978	-0.05047252	0.11543572	-0.04917299	-0.07734900	-0.04697636	0.06027273	0.06061510	0.03506721	0.06247081	0.06956222	0.08676486	0.05724294	0.07772309	0.09315585	0.05540233	0.01548133	0.08815464	0.00433255	0.05947951	-0.06335186	-0.00702467	0.08351883	-0.02117356	0.08404619	0.09429379	0.13662205	0.09097715	0.08007053	0.17313475
17Networks_RH_TempPar_2	0.02939433	0.01220077	0.06389086	0.04162786	-0.07501947	0.16464969	0.05181239	0.11839650	0.20605269	0.22688146	-0.01987327	0.14683907	0.15982462	-0.03072858	0.04574519	-0.04320596	0.02111775	-0.00406666	-0.14367780	0.07063692	-0.11446244	0.04270789	-0.00304224	0.05952476	0.11800934	-0.01019338	0.14272360	0.11277015	0.18479277	-0.02543207	0.15789118	0.14532974	0.17400955	0.14134001	0.14835945	-0.00768071	0.10477905	0.06269608	0.09864348	-0.00979483	0.10152247	0.00891684	0.02360145	0.07811674	0.11581887	-0.02558409	0.04459869	0.07848963	0.23230906	0.11258029	0.02725202	0.04766191	0.05118369	-0.19810604	0.06677095	-0.05268864	0.13080147	0.14506149	0.12540410	-0.01161965	0.22041418	0.05859410	0.01398873	0.11955791	0.08654834	0.13120199	-0.05996971	-0.09661211	0.08908617	-0.08063718	-0.19656694	-0.09193859	-0.16809052	-0.12006847	-0.14642535	-0.05203851	0.09361240	0.05705939	-0.04322657	-0.13835927	0.00709468	0.12163499	-0.04452430	-0.00931543	-0.03083338	-0.07262070	0.14071210	-0.11157308	-0.04599487	-0.03040926	0.13194124	0.04813048	0.02710392	-0.07369213	0.05940674	-0.11039657	0.10217106	0.01684645	0.17698663	0.06740448	-0.20703722	0.01413319	-0.08276127	-0.10002697	0.07352473	0.00851732	-0.00040481	0.08760928	-0.02928114	0.17515382	0.15350388	0.14094951	0.16324882	0.02706771	-0.01296793	0.05324163	-0.18323558	0.03325845	-0.01153770	0.16208203	-0.11952780	0.15962469	-0.08256841	-0.07960973	-0.01928933	-0.17846435	0.06133168	0.01759648	-0.09610662	-0.15896550	0.14185143	-0.08684494	0.02674387	0.10678261	-0.02706551	0.05868734	-0.03393992	-0.16654235	0.19723507	0.04049450	0.12278635	0.04110139	0.23528952	-0.02988727	0.01376918	0.08037472	0.05304421	-0.06942334	0.18728865	0.09089498	0.10290737	0.09161512	0.14474559	0.16193814	0.21757622	0.16391000	0.15857393	0.09379398	0.21276010	0.18412669	0.24399883	0.22286313	0.23716936	0.26046677	0.13107477	0.17818790	0.20152587	0.16349350	0.15154978	0.18305965	0.15907072	0.22915659	0.20288947	0.20484267	0.27347801	0.14641015	0.11935473	0.10514233	0.11393411	0.06172865	0.23196960	0.12480147	0.30143936	0.14913746	0.30788801	0.25194021	0.25660985	-0.01393040	0.10229064	0.14646608	0.07638832	0.07137312	0.28086928	0.17954048	0.21598788	0.16519663	0.22276679	0.02050632	0.16506358	0.19337957	0.08940631	-0.03539514	0.08217534	0.11528447	-0.05739020	-0.02844364	0.13606807	0.01343044	0.07255664	0.06428926	-0.05291604	0.05711094	0.18212832	0.04235587	-0.04906535	0.05081758	0.11693146	-0.08608746	0.09410016	0.03205921	-0.08807767	0.01087922	0.04834224	-0.10664069	-0.03204663	0.07030367	0.13696047	0.13638372	0.22197716	0.18638084	0.16455375	0.08044352	0.20825099	0.16714053	-0.00246514	0.06169658	0.00254722	0.04682652	0.10828097	0.12186638	0.00442947	0.04258329	-0.02244694	0.07837916	-0.03956655	0.00179448	0.00749067	0.12488690	-0.13856108	0.03169917	-0.00450112	0.00891397	0.10410586	-0.07012493	0.06061435	-0.13252735	0.02538102	0.02338440	0.01796077	0.02547076	-0.04579520	0.10868735	0.32093744	0.08329035	0.08518536	0.16990781	-0.01485151	0.01871385	-0.01412940	-0.15720066	-0.00511962	-0.13056202	-0.17905164	0.01731889	-0.27296936	-0.21718399	-0.12442064	0.10929246	-0.03921138	0.01338727	0.02372345	0.10303082	-0.09405188	0.00776175	0.10687555	-0.09807837	-0.22665332	-0.03906401	0.40472168	-0.03477396	0.09905251	0.01124392	0.03253912	0.04792798	-0.04311651	-0.04882345	0.10418746	-0.19047347	-0.17089418	-0.12916643	0.07311075	0.08042182	0.18140185	-0.08016885	-0.12581249	-0.08918931	0.18664340	0.03982114	0.22777792	-0.02932464	0.21898421	0.12091223	-0.02331401	0.07924792	0.12729071	-0.05582263	0.17633952	0.13009150	-0.02878489	0.16483664	-0.09233347	0.13554814	-0.09870683	0.09957316	-0.03825756	-0.23793666	-0.21628592	-0.06899969	0.29702509	0.09472712	0.12190140	-0.07859318	-0.01150579	0.36908367	0.03350331	0.07124458	0.12520777	0.03308407	-0.03903283	-0.22198970	-0.30830270	-0.04311574	0.00401852	0.09419962	0.23245576	0.06630618	0.12497109	-0.01672110	0.20921905	-0.00985401	0.00417829	-0.09650113	0.20326136	0.15249002	-0.10893551	0.19547412	-0.06251266	0.21436724	0.14032504	-0.00702423	0.32532033	0.29618417	0.21022055	0.19828937	0.10396580	0.13079967	0.19774709	0.23506365	0.25607194	0.17659456	0.30403883	0.16340455	0.08863146	0.28237854	0.27577769	0.28227189	0.16637625	0.20111781	0.18902498	0.24650663	0.05088950	0.23722547	0.39268914	0.26120829	0.13574629	-0.07809911	0.02580598	0.06666463	0.12013941	0.02725891	0.32377980	1.03548816	0.23689148	0.30414133	0.49308122	0.04405218	0.34945943	0.39366208	0.23826500	0.19058014	0.05745840	-0.05196494	-0.00263278	0.06544298	0.05419698	-0.04876492	0.07657820	0.11334581	0.03397572	0.07723243	0.05333702	0.16364270	0.15084834	0.00648971	0.13931120	0.19396839	0.04187716	0.08527194	0.05279469	0.01348381	0.12566738	0.13923147	0.19259195	0.18016198	0.12287940	0.02444128	0.04742087	0.01360976	0.10892212	0.02697856	0.14636955	0.14014319	0.13654388	-0.04910154	0.08686211	0.02230727	0.00897879	0.04308456	-0.09974193	0.07355686	0.08462767	0.12656401	0.09773695	0.08657767	0.21927692	0.22768564	0.23824615	0.14065106	0.06255401	0.00584227	0.07936296	-0.00109439	0.02317546	0.10344654	-0.14275810	-0.06728190	0.02132365	0.02702565	0.11881884	0.09699944	0.10463896	0.19794864	0.09907153	0.18444028
17Networks_RH_TempPar_3	0.12749451	0.11399411	0.07734134	0.14367490	-0.00892160	0.03022890	0.14161129	0.09885447	0.08858030	0.12284785	0.07947136	0.02982977	0.15601414	0.20461877	0.13199529	0.05076717	0.15091585	0.00261670	0.06474665	0.15716088	0.02968570	0.00848632	0.13359274	0.18355411	0.18267981	0.11094414	0.19133782	0.13329701	0.17478931	0.14102614	0.11189711	0.09260412	0.19706057	0.21383201	0.17383913	0.12266855	0.05428011	0.07011408	0.18901316	0.18974075	0.08769583	0.16434570	0.07617728	0.15705043	0.07730607	0.03269827	0.09006744	0.01547778	0.25434311	0.18787753	0.08948168	0.01747893	0.04025720	0.09542716	0.09407720	0.00738727	0.13882967	0.11993374	0.15910628	0.10651720	0.13138220	0.13586809	0.03459962	0.06007840	0.13917415	0.09306423	0.00908600	-0.02665486	0.16731970	-0.01733708	-0.07492424	0.00169410	0.06326127	-0.00025498	0.08781008	0.01196000	0.04099782	0.03754345	0.12932473	-0.03292801	0.13006316	0.17701710	-0.03509052	0.02897468	0.08711290	0.05772982	0.14342639	0.18964131	0.16759779	0.06786206	0.16600603	0.14215164	0.13544666	0.19563994	0.12265741	0.07030632	0.14210067	0.13897936	0.16225327	0.18200969	0.04668355	0.22518526	0.08571103	0.04290362	0.11391019	0.11991568	0.16409961	0.16606933	-0.12432759	0.10256720	-0.01253259	-0.04508315	0.06974187	0.10367362	-0.02997204	0.02598587	-0.01375973	0.12088435	-0.11939483	0.01037983	0.02205562	0.23418434	0.11484034	0.09580616	0.04324107	-0.00232606	0.07600166	0.12683640	0.08603420	0.13454696	0.06685060	-0.04177137	0.13102893	0.01216480	0.18747632	0.11138494	0.11004044	0.01093636	0.09582295	0.03283764	-0.02309248	0.05020169	0.22455481	-0.09355950	0.01917866	0.03978108	-0.01023613	-0.11311340	-0.02911229	-0.01537943	-0.05345981	0.05951132	-0.04885844	-0.00279506	0.02362794	0.00774791	0.00293189	0.07936797	0.09971032	-0.09540407	0.02184109	0.03775289	-0.03895816	0.04890790	0.14193240	0.06537254	0.00259256	0.00201560	0.05684483	-0.03736083	0.18059776	0.07833347	-0.00023689	0.17683986	0.13984833	0.13511659	0.18550705	0.16295065	0.12473475	0.21662532	0.21859581	0.17352060	0.21059960	0.11455818	0.19111719	0.28990442	0.31494367	-0.01663095	-0.03370239	-0.08468829	-0.17528677	0.06257630	0.17237435	0.12279802	0.15156749	0.31868483	0.19281010	0.26409875	0.21061396	0.11353774	0.16933445	0.10369504	0.14412560	0.12908058	-0.08113298	0.08764622	0.16692551	0.11142325	0.12763037	0.14658719	0.15360957	0.09708286	0.16819471	0.02018052	0.11667848	0.08167515	0.08406579	0.05551080	0.22256411	0.17842897	0.04985188	0.01159894	0.13654099	-0.03296998	0.05866877	0.11631811	0.12232784	0.12052885	0.13457522	0.08840683	0.08205521	0.07026130	0.10695020	0.10161774	0.03642085	0.13851218	-0.03286833	0.01364949	0.05396683	0.15954614	0.13848320	0.08174150	0.10272679	0.16086219	0.15749103	0.21866445	0.11411971	0.02720375	0.09639600	0.15116573	0.12146730	0.12277818	0.11472323	0.03782405	0.11702826	0.05167644	0.06887775	0.09666776	0.03089069	0.11128839	0.03667736	0.09910245	0.06071407	0.05963682	0.12104881	0.28811160	0.04302688	0.05211423	-0.01714963	-0.04632949	-0.06281202	-0.10340523	-0.01035948	0.15359309	0.01997564	-0.05391676	-0.02817236	-0.01360944	0.03162600	-0.03088409	0.14258054	0.04056812	-0.04482723	0.14674230	0.25057848	0.06422105	0.05058773	0.09672214	0.21032990	0.12485861	0.13839330	0.16175699	0.10741210	0.16790357	0.03243547	0.15544751	0.16684142	-0.03889626	0.06610642	0.06942603	-0.05535653	0.23542968	0.19405089	0.06853895	0.07133106	0.10555136	0.30770072	0.27565226	0.23242811	0.04926116	0.19937620	0.32104765	0.06667985	0.13283311	-0.01878255	-0.03322838	-0.10729731	0.13304042	-0.03188371	0.07558349	0.14020458	-0.00603973	0.01233307	-0.03018057	0.13867963	-0.00235328	-0.11256201	0.03830654	0.15930771	0.10834157	0.09224935	0.07991135	0.09706680	0.22739210	0.26010030	0.07705069	0.22311523	0.10353794	0.04588207	0.02093351	-0.09531418	0.10887328	0.05585768	0.10095221	0.19722890	-0.00417320	0.06771190	0.01255248	0.18519304	0.00823313	-0.09304661	-0.08308679	0.04950888	0.00876230	-0.07231498	0.01214604	-0.07239821	0.07197182	0.12332187	0.03668571	0.09783353	0.10769688	-0.00384327	0.05002546	-0.05427373	0.09039325	0.00321192	0.10318580	0.02268549	0.08477021	0.05650529	0.21259898	0.13381322	0.25515560	0.23637731	0.14268534	0.14565293	0.25325231	0.16461489	0.20064127	0.23361979	0.15582961	0.30618935	0.32302549	-0.02468326	0.00058599	-0.02797225	-0.11141285	0.15140546	-0.10663100	0.13290076	0.23689148	0.99020106	0.31297702	0.39129891	0.15656439	0.18735115	0.35454955	0.17852531	0.24620035	-0.02090748	0.09172429	0.01107772	0.00800821	0.10317381	-0.07950771	0.03121652	0.17765691	0.04520715	0.12996531	0.06659442	0.09695196	0.08921930	0.03524083	0.04298756	0.19387454	-0.05294737	-0.09027706	0.05268247	0.07707763	0.16218008	-0.09308647	0.09101660	0.05167445	0.11724412	0.17318799	0.12679747	-0.03775605	0.10887639	0.15391870	0.22665092	0.23892789	0.06901089	-0.01637314	0.03826690	0.10978004	0.02597002	0.12387296	0.02222430	-0.02061907	0.09016123	0.19190234	0.13289218	0.17328913	0.23245862	0.19180594	0.17694054	0.16448990	0.16907431	0.04588378	0.08873267	-0.07361521	0.01745763	0.17950771	-0.02009261	0.01018786	0.00921931	0.18133853	0.17987407	0.19981136	0.18230167	0.20169998	0.16721144	0.10034209
17Networks_RH_TempPar_4	0.27081870	0.20013454	0.28148465	0.31751147	-0.05411878	0.05053306	0.22264880	0.15105132	0.17854484	0.24051021	0.21130347	0.19465706	0.21959488	0.26830436	0.28927405	0.01765761	0.12679972	0.12224275	-0.02729597	0.09531024	0.08506408	0.07189213	0.03345015	0.15954795	0.16491680	0.15575580	0.16147811	0.14948168	0.14761450	0.13727191	0.12658849	0.14095804	0.22507776	0.20430440	0.13085840	0.25448137	-0.01554331	0.20585138	0.27285152	0.21696702	0.11660331	0.13350580	0.17042327	0.37909817	0.22971663	-0.04616415	0.09732412	0.00962384	0.23546644	0.16618801	0.18741718	0.28374239	0.09376827	-0.00152095	0.12702173	0.03069994	0.10808470	0.15073924	0.15852546	0.24244160	0.24193576	0.18971534	0.05481282	0.06621977	0.13681914	0.10573183	0.13953776	0.01542191	0.12888832	0.02000005	0.05027056	0.09875610	-0.03821293	0.05145085	-0.02982771	0.03414470	0.11589251	0.12895601	0.18978153	0.00651215	0.18610666	0.33749284	0.04209601	0.15715794	0.05881152	0.08292640	0.35108156	0.02936893	0.00725228	-0.08704359	-0.03925236	-0.00782779	0.20174770	0.11441901	0.18385766	0.07084506	0.13358296	0.16647505	0.31736596	0.36101645	-0.12518135	0.15078215	-0.06300115	-0.08203407	0.07650946	-0.08738657	0.05230835	0.18854688	-0.11978494	0.24305425	0.09950631	0.00770525	0.35014193	-0.08943666	-0.13941082	-0.18687788	-0.17456467	-0.03116817	-0.17897519	0.17134241	0.04939141	0.17641849	-0.00380923	0.04941561	0.07875135	-0.06976507	0.22179395	0.16655190	-0.00811555	-0.03152902	0.18193241	0.01591417	-0.02309438	0.16286957	0.16007330	0.24989766	0.15650588	-0.08379634	0.25822076	0.17741170	0.18770581	0.10264499	0.47527097	-0.04239670	0.05059383	0.07341816	-0.02079263	-0.02990501	0.21479078	0.05420808	0.11860435	0.26134548	0.16995789	0.16210817	0.23480993	0.15313545	0.09415744	0.30475077	0.29551734	0.14236520	0.28950743	0.10904056	0.18892011	0.26850906	0.25643987	0.15369121	0.18517267	0.05412251	0.08968761	0.23517291	0.26539279	0.33934587	0.19320778	0.34988565	0.37908774	0.31122593	0.28933240	0.32169266	0.22276823	0.40035124	0.36719113	0.41010975	0.30902617	0.03886861	0.37964443	0.42751027	0.42355562	0.01232699	0.10953571	0.04058645	-0.08965209	0.01314805	0.19348925	0.01126784	0.42354147	0.50519867	0.38418896	0.21942713	0.18633944	0.28337216	0.26984853	0.20953842	0.25621017	0.37107113	0.15087946	0.30567276	0.32282249	0.17315436	0.15664164	0.25031729	0.11844374	0.22808721	0.27225586	-0.01677371	0.28878677	0.21403288	0.10847443	0.09266885	0.18550567	0.14930363	0.09209710	0.06496144	0.06605370	0.11318322	0.11528329	0.19772836	0.20425127	0.07176942	0.25835608	0.15653173	0.15870980	0.15862465	0.17496829	0.16599378	0.17650171	0.16241766	0.09276915	-0.01299027	0.18557908	0.22752580	0.24031457	0.23262966	0.13007049	0.31139192	0.22894978	0.16245937	0.10497463	0.12062238	0.15394652	0.00007383	0.20288462	0.08003825	0.10633168	0.00365873	0.19964816	-0.02518799	0.10376745	0.09164659	0.21253880	0.35740414	0.31570767	0.29346899	0.26799461	0.16467523	0.21361713	0.31036001	0.06307460	0.10426497	0.06414397	-0.00892877	0.00271180	0.03165424	0.08257514	0.11312911	-0.01356768	0.08855830	0.07940066	0.03118977	0.05524769	0.09437223	0.13394909	0.13447511	0.03141729	0.16022024	0.18061339	0.07400182	0.02176284	0.07022249	0.24609868	0.05172439	0.10350913	-0.01461873	0.03906737	0.12239925	-0.05291659	0.12265905	0.07276249	-0.03360787	-0.07711358	-0.06337547	0.12919730	0.34621784	0.30986163	0.05913443	-0.00407477	0.05102245	0.19061312	0.20591223	0.13461320	0.01079250	0.22983097	0.21835988	0.07252021	0.16235544	-0.01220525	-0.01797907	0.01697303	0.11990821	-0.12366721	-0.00356184	0.13147062	-0.07556114	-0.05177805	-0.03883610	0.14405907	-0.09661942	-0.14233954	0.18510394	0.27501786	0.20764490	0.21146936	0.02844358	0.04837211	0.33671509	0.08422022	0.11770097	0.42674737	0.24422128	0.10959094	-0.11402189	-0.16636143	-0.02157184	0.08319671	0.18515615	0.33208479	0.08879259	0.25333744	0.11359993	0.16078557	0.09728559	-0.14402439	-0.02831573	0.14656059	0.00960271	-0.02687662	0.06570062	0.03153743	0.24235219	0.20138045	0.08840203	0.34401634	0.34249553	0.20170031	0.32189718	0.03159671	0.23246977	0.11289280	0.28814304	0.22958747	0.22667980	0.32146074	0.35280811	0.02944857	0.54295235	0.36351374	0.28547834	0.26633108	0.38047034	0.31332383	0.37661537	0.24647174	0.29418690	0.44209027	0.37410280	0.06292902	-0.04347152	0.03926167	-0.09729694	0.06793444	-0.05666714	0.20847164	0.30414133	0.31297702	0.95401419	0.37710704	0.11764918	0.24963618	0.30573249	0.37880908	0.31222127	-0.17859976	-0.04384634	-0.05045708	-0.14537242	0.18838313	-0.16258293	0.05810196	0.08731894	0.11943482	0.12488234	-0.01361470	-0.01293905	0.16619363	-0.00711894	0.25598249	0.30653379	-0.12631251	-0.04375963	-0.11931088	0.05444036	0.08630798	-0.11574485	0.10016084	0.09498771	0.16049374	0.06484848	0.15231704	0.04932444	0.24798943	0.33578470	0.35339541	0.28823551	0.36874337	0.14805725	0.21223901	0.21809120	0.14654092	0.29792771	0.13790313	0.15157754	0.30703818	0.33599169	0.31612439	0.30253947	0.44828569	0.36700101	0.26001383	0.29514216	0.27120375	0.21347521	0.24946692	0.14967574	0.06967465	0.26346012	0.19954323	0.21571304	0.28788748	0.35140447	0.41944182	0.31739426	0.39162773	0.32266742	0.31158552	0.34403860
17Networks_RH_TempPar_5	0.10722481	0.01819302	0.06044253	0.10205284	-0.06711122	0.22565058	0.08825063	0.13257928	0.32842712	0.16823539	0.02457159	0.06205953	0.12201877	-0.06869131	0.03865129	-0.09531692	-0.03859849	0.03176311	-0.20063770	-0.02714538	-0.14087836	-0.04371680	-0.03502596	-0.06830725	0.06211984	0.00727338	0.07145684	-0.01039927	0.10222135	-0.07191966	0.10649348	0.18611963	0.06956550	0.17618252	0.09706482	-0.07040301	0.01529568	0.19128291	0.15752227	0.01718757	0.06945705	0.04463480	-0.06377434	0.04878655	-0.04262645	-0.08596994	0.00409434	-0.01139417	0.38623164	0.06953075	-0.10550528	0.10009439	-0.17039742	-0.22349108	-0.00290598	-0.07572978	0.13208533	0.17294507	0.16329911	0.22469854	0.19179309	0.16372321	0.05401862	0.04824550	0.21119406	0.18625013	-0.19227208	-0.13653239	0.04514333	-0.05707193	-0.30225284	-0.15909471	-0.22588371	-0.12584435	-0.11771911	-0.12671526	-0.03633638	-0.06328470	-0.05306320	-0.16191004	0.11640702	0.14816555	-0.12694994	-0.07357914	0.01579803	-0.11866780	0.33446059	-0.13498186	-0.10810202	-0.11273214	0.12162682	-0.09860979	-0.05708073	0.08091575	-0.05029908	-0.22939202	-0.00484422	-0.10697631	0.25208965	0.12672228	-0.19507898	0.05150450	-0.16022413	0.02083224	0.24973376	0.04052536	0.02593595	0.25709280	-0.14439469	0.22749862	0.09836701	0.06973791	0.28643022	-0.00245333	-0.12454239	-0.01514722	-0.16554151	0.00920053	-0.10222383	0.15097376	-0.20728865	0.27398151	-0.10295158	-0.10346407	-0.03607282	-0.30330515	0.04409496	0.12023366	-0.05111979	-0.03840755	0.26414498	0.02586266	-0.03309318	0.16697689	0.01475806	0.12848968	0.06565060	-0.27303279	0.23870850	0.12673877	0.14051761	0.05843676	0.37303624	-0.01801558	0.00884129	0.06412855	-0.03149071	0.01869633	0.32914027	0.08152022	0.09346399	0.20486447	0.26980035	0.17085426	0.25670804	0.22521425	0.20139549	0.14031375	0.30033841	0.18795647	0.31056209	0.20006642	0.18646406	0.31404219	0.19484176	0.25070651	0.19789105	0.17725522	0.09935277	0.34187682	0.19363446	0.45133570	0.29412822	0.36960954	0.35190837	0.23665364	0.20918772	0.24001798	0.20528133	0.21913358	0.27290700	0.22479717	0.45016626	0.22311759	0.45292551	0.45957851	0.47816520	-0.11215342	0.00426921	0.03456942	-0.09564492	0.02243349	0.23102356	0.02765798	0.40854195	0.37082774	0.40570768	0.24454799	0.25559801	0.40749764	0.10142686	0.08206060	0.04537537	0.14433964	0.03071305	0.05270243	0.23153227	0.12636282	0.23397361	0.05825514	0.07710248	-0.00873480	0.15221196	-0.08345602	-0.02885299	0.01086578	0.04413956	-0.05593238	0.14889534	-0.03557973	-0.09518663	-0.16478486	-0.00880611	-0.00764961	-0.11733049	-0.05430364	0.07125339	0.02870823	0.13528854	0.08590578	0.10691324	0.02902120	0.12267006	0.15277885	-0.18443720	0.15528891	0.01469077	-0.02096847	0.09834216	0.06293234	0.02984623	-0.04596251	0.16217625	-0.16082488	-0.19783895	-0.05965673	-0.13768319	0.02821339	-0.31906313	0.05974665	-0.14342225	-0.02101156	-0.09003519	-0.27844060	-0.03072240	-0.10678355	-0.06754898	-0.09182568	0.00121117	0.02644443	-0.03221997	0.04664816	0.38607057	0.00730559	-0.08020411	0.13862684	-0.17191675	-0.11682927	-0.20888213	-0.26866339	-0.16226870	-0.24709002	-0.29867761	-0.00880242	-0.30003222	-0.33548194	-0.21853420	-0.04696050	-0.19389709	-0.02375531	0.19497409	-0.10799288	-0.31005976	-0.15589246	-0.04546827	-0.28476005	-0.27830461	0.11541076	0.16510146	-0.18124900	-0.09619526	-0.10379927	-0.03172775	-0.10890866	-0.03853881	-0.10788948	0.06181317	-0.34893821	-0.18082893	-0.32993395	-0.11014452	0.13098269	0.31387181	-0.03400575	-0.12989615	-0.16607748	0.24774007	0.03129988	0.32842875	0.08962180	0.40009780	0.19360224	-0.03303993	0.06029233	0.14747883	-0.09439870	0.06178550	0.28195736	-0.13183296	-0.01125321	0.00219486	-0.02407664	-0.10804081	-0.02451306	-0.13472307	-0.30813435	-0.19257165	-0.13884633	0.35550049	0.21956344	0.37290835	0.01038445	0.09020199	0.56713817	0.05542775	0.10011071	0.16566411	0.17610967	0.05532453	-0.27834010	-0.30819238	-0.16583131	0.00699700	0.26051931	0.30712234	0.15357039	0.14138742	-0.08500388	0.18950593	0.12228533	-0.12722776	-0.11262687	0.29281237	0.10728758	-0.19764766	0.16619132	-0.03326700	0.26523596	0.31603312	0.12483062	0.37682604	0.36611945	0.20987680	0.33549448	0.16326203	0.17984021	0.26649041	0.34676663	0.26629613	0.30980303	0.36222427	0.27370289	0.10150103	0.39083429	0.54709290	0.26986549	0.28009932	0.37045400	0.38689441	0.40406876	0.20367449	0.38591611	0.62622210	0.44557956	0.15143191	-0.12925339	-0.02821186	-0.03223575	0.00849681	-0.10351834	0.19388739	0.49308122	0.39129891	0.37710704	1.06683292	0.11318051	0.55832104	0.43916038	0.49260858	0.39674044	0.03706594	0.10862890	-0.03340578	-0.05365916	0.06017099	0.04819276	0.16396472	0.11948826	0.07974915	0.12681381	0.15128670	0.18029895	0.07775992	-0.10141051	0.01360371	0.18008246	-0.07566581	0.05980481	-0.00380831	0.06244096	0.09084431	0.13768794	0.17937454	0.24755032	0.18184903	0.02413476	0.00100858	-0.02047683	0.13199004	0.07298090	0.15470554	0.17953987	0.07398409	0.01868675	0.07746231	0.12406447	0.02999689	0.04620774	-0.03379904	0.04639137	0.12415977	0.18404252	0.14339004	0.15095870	0.30231125	0.27377286	0.21958112	0.17616579	0.01292870	-0.05394347	0.09571183	0.08661698	-0.10443708	0.07601266	-0.04220094	0.00441014	0.02699132	0.14345797	0.18105017	0.13510075	0.14452503	0.22639952	0.10499151	0.15067325
17Networks_RH_TempPar_6	-0.03442371	-0.14334581	0.08837118	0.02321753	-0.12436602	0.05555041	0.20071916	0.03637797	0.21332564	0.02174366	-0.15273080	-0.04420260	-0.05626343	-0.04281690	-0.06943082	-0.10980171	0.01443816	-0.16512686	-0.17842186	0.03298587	-0.20613637	-0.17829670	-0.21644864	-0.09370845	0.13212470	-0.16177273	0.09089901	0.00990835	0.17822263	0.06964247	0.08384273	0.19317968	0.05012756	0.10952034	0.06639908	0.03945783	-0.00720467	-0.12531474	-0.03895970	0.02467165	-0.00179652	-0.07864389	-0.02615309	0.19671581	0.12535983	0.03835761	0.23225301	-0.11239135	0.19662583	0.15711450	0.16050017	0.18595935	0.07362568	0.10367999	0.11401074	0.01990622	0.05586450	0.10163230	0.12691239	-0.00472487	0.00431682	0.02116166	0.04433542	0.08328115	0.01944944	0.04720874	-0.05594448	0.02815052	0.09057420	0.05578792	0.01449077	-0.07214300	0.23812772	0.17254537	0.28907581	0.05269438	0.04729770	-0.09303970	-0.03373778	-0.14506043	-0.14668086	0.06946651	0.12382347	0.04637571	0.16741546	-0.04804406	0.10181671	0.23160823	0.19338838	-0.05140584	0.27964372	0.20076334	0.09066594	0.13570554	0.25430136	0.17214329	0.00493828	0.13697855	0.25826561	0.01194872	0.11475420	0.11493007	0.16430400	0.14418491	0.10076827	0.15790920	0.13277311	0.12340488	0.09696039	0.02415549	0.18953224	0.03791955	0.05435949	0.12233689	0.04570049	0.17604015	-0.14731286	0.09327679	0.12545168	-0.06043212	0.11008144	0.16423688	0.27074168	0.11799335	0.23618671	0.19546991	0.03310635	0.15505428	0.15650318	0.22531425	0.00716641	-0.02678263	0.21025984	0.01740099	0.19715038	0.09455114	0.16580219	0.09087883	-0.19360833	0.14978442	-0.01574379	0.02002673	0.08649940	0.05508341	0.05512033	-0.07181525	0.04291290	0.04527330	-0.06396811	0.02046127	-0.01278605	-0.04344708	-0.13844509	-0.12572960	-0.16380524	0.00546449	0.18474155	0.04550229	-0.09430663	0.03231516	-0.08865343	-0.08577832	-0.15440355	-0.01574688	0.13468389	0.12098549	0.06825923	0.06811248	0.04064232	-0.14364911	0.11012587	0.03473740	-0.08815031	-0.04231516	-0.02269973	-0.14521727	-0.01511526	-0.09136915	-0.17791813	0.03926723	-0.11876338	-0.02611628	-0.02095778	0.01646434	0.02289207	0.00054377	-0.00343748	0.12948855	-0.04333724	-0.07995160	-0.05580225	-0.07832699	0.07556393	0.16133092	0.00407843	0.30004355	0.06826941	0.24159513	0.09838388	0.00359964	-0.01656256	-0.00978601	-0.09239756	0.10283932	-0.00067075	0.09775051	0.10131519	0.17974777	0.24181510	0.05594598	-0.09981408	-0.08787564	0.00825993	0.06957521	-0.03769544	-0.00106030	-0.03251382	-0.19465672	0.01626142	-0.05949941	-0.20386070	0.06013301	-0.16889641	0.07057203	-0.10661886	-0.04105081	-0.05042117	0.09049798	0.07652487	-0.02705172	-0.00256767	-0.13657254	-0.04820841	0.06668138	-0.11949269	-0.13194155	0.00402075	-0.13689573	-0.07115620	-0.04180876	-0.03625174	-0.14905068	-0.13296655	0.02240816	0.04895658	0.05174370	0.11311154	0.00869647	0.09149881	-0.09862039	0.00964578	0.21076900	-0.02617856	-0.00494286	0.08572264	0.12445427	0.11353226	0.05312090	-0.06722261	0.01951695	0.05900232	0.10274520	-0.02212752	-0.07863661	-0.03501199	0.17714054	0.02928183	-0.07803799	-0.04404922	0.03453304	-0.26355467	-0.25974109	0.13916278	0.14503407	0.09967515	0.01803567	0.01514294	-0.15753932	-0.14784641	-0.25770956	-0.16531910	-0.06189815	0.08778166	0.09960632	0.09017847	0.05546522	0.15269538	0.14706609	-0.06566675	0.12790644	0.01355765	0.08852144	-0.01305358	-0.03886169	0.12663816	-0.04206722	-0.19904740	0.03547509	0.14329436	-0.02717630	-0.06254634	0.16835524	-0.05421798	0.22247483	0.14387836	0.20500077	0.15377823	0.03657507	0.09407333	0.14870961	0.17668058	0.27224127	0.23822994	0.07916486	0.17336913	0.08012677	0.13574077	0.13342709	0.15338734	0.09830621	0.04404853	0.05156353	0.01863717	-0.02055146	0.15893499	0.13901846	0.14281734	0.02072416	0.11956578	0.18809730	0.10943922	0.09421597	0.15289992	0.05631399	0.23363198	0.17815828	0.28183426	0.14332802	0.24610370	0.18180248	0.09925982	0.06647692	0.13442847	0.11374520	0.04866883	0.03145591	0.13935863	0.14576527	0.09124163	0.34161124	0.10313481	0.16557357	-0.04192072	0.10730822	-0.02514354	0.10050304	0.18831655	0.11757112	0.14904150	0.20372790	-0.05584612	-0.08505483	-0.04988584	-0.04208072	0.25190203	0.10491439	0.00058408	0.08711393	0.04126319	0.06376364	-0.03020311	0.07302667	0.10648302	0.21120943	0.23472382	0.05884840	-0.01410939	0.05738077	0.18239938	-0.02150884	0.03986847	-0.11419194	0.16089932	0.15167518	0.06476253	0.17002338	-0.06363939	-0.06991153	0.13224867	-0.14016540	0.02605748	0.04405218	0.15656439	0.11764918	0.11318051	1.03961343	0.09672600	0.34388381	0.16169261	0.16348623	-0.03765824	0.10374278	0.02068512	-0.01520710	0.14267228	0.13766740	0.11140918	0.17153005	0.18261192	0.22892893	-0.08605811	0.13674027	0.12056413	-0.03138960	0.22075009	0.10416242	-0.00973890	-0.00421703	0.08332647	0.18453767	0.13071303	0.11366118	0.21596933	0.15523095	0.16753561	0.21679455	-0.19218828	-0.05876638	0.22448009	-0.00743851	0.18621120	0.17081806	-0.06691223	-0.03331512	-0.02873767	-0.07302802	0.09568070	-0.11672761	-0.15134545	-0.11155901	-0.08321996	0.11128214	-0.02531857	0.03834849	0.04142031	0.03429332	0.09072048	-0.00720692	0.03070468	0.00828083	0.06426923	-0.16421832	-0.08059662	-0.00013635	-0.05434120	-0.00618982	-0.05716413	0.08732366	-0.02264399	0.02829146	0.00201877	0.05102499	0.08024711	-0.00324692
17Networks_RH_TempPar_7	0.01601638	-0.02888158	0.11267738	0.08778556	-0.11901953	0.11600900	0.02029338	-0.00718318	0.21034915	0.12767057	-0.00755283	-0.05912628	0.00258583	-0.06202187	0.02219534	-0.00629535	-0.11312473	0.05698558	-0.03976111	-0.05259708	0.01994672	0.07669869	-0.04917954	-0.04851567	-0.05252319	0.01400119	-0.04067641	-0.08437255	0.01653192	-0.12177075	-0.08745742	-0.05632681	-0.09858427	-0.01322822	-0.00427367	-0.10506124	-0.14658969	0.05994652	-0.02003184	-0.15175022	-0.02299413	0.01724826	-0.20215397	0.10704016	0.06334044	0.02856764	0.05718363	0.02466045	0.44386351	0.09981478	-0.14924695	-0.00250849	-0.12823415	-0.14731736	-0.06938187	0.01042479	0.01035350	-0.10504326	-0.01884297	0.20109800	0.15300230	0.12781021	-0.04300208	-0.05587567	0.10704390	0.05820494	-0.23498101	-0.20756891	-0.08982199	-0.27468785	-0.28669862	-0.20434340	-0.13375710	-0.11305560	-0.14304274	-0.25077186	-0.24583856	-0.09081971	-0.08491454	-0.11615961	0.04779833	0.05353924	-0.06954990	-0.10733864	-0.14204860	-0.05739039	0.34554150	-0.07268794	-0.04340009	0.03105244	0.07519691	-0.20249698	-0.10495453	-0.00254788	-0.15186927	-0.18158297	0.07781701	-0.25201808	0.18789760	-0.02555630	-0.10279522	0.02209174	-0.07323962	0.15927624	0.22680717	-0.06515278	-0.01888949	0.23101426	-0.09833926	0.21529511	0.05208723	0.00126132	0.24490193	-0.06988660	-0.15739299	-0.04552966	-0.05216573	0.03229662	-0.00854576	0.20208147	-0.18671046	0.05654148	-0.04582957	-0.14644546	-0.14962660	-0.19260299	0.00955013	0.04709745	-0.05074469	-0.11878719	0.27841736	0.05523540	-0.01146634	0.08684217	0.11634265	0.08097336	0.02711986	-0.31169839	0.21040735	0.16871471	0.15262590	0.04925126	0.26740113	0.14044699	0.05907932	0.15561020	0.05553736	0.09773486	0.33775609	0.21117488	0.25448019	0.17798065	0.37142101	0.23547011	0.24805539	0.28570540	0.24690903	0.13871910	0.26051398	0.32023908	0.28927036	0.24735059	0.22893850	0.35173279	0.15281705	0.32930200	0.16791311	0.20227422	0.14245173	0.30174453	0.25192195	0.37006451	0.15670194	0.21172083	0.26876505	0.16124537	0.16463375	0.21797925	0.13867129	0.03124006	0.15079039	0.15870363	0.37391894	0.25719434	0.36128587	0.26949930	0.26383797	0.10488301	0.13584525	0.20289933	0.18031787	0.07606755	0.25513472	0.05507232	0.32690332	0.33551793	0.37560074	0.25956263	0.10766502	0.43164475	-0.05448517	0.05566074	0.01448941	0.10174839	0.05128849	0.07321378	0.10973568	-0.04829383	0.11405475	-0.09621209	0.07730001	-0.04436341	0.05529064	0.05641409	0.04614143	-0.03305441	0.02534007	0.09252487	0.05210709	-0.06776013	0.02966166	-0.08540681	-0.00377886	-0.16787101	-0.16281349	-0.17333340	-0.12446126	-0.15082082	-0.03573858	-0.09135564	-0.01487440	-0.14476462	-0.08172563	-0.02222823	-0.26585061	0.03908162	0.07829404	-0.03209173	0.04844946	-0.12818805	0.01289584	-0.13726760	0.05274530	-0.11043427	-0.07190633	0.00015636	-0.03183425	-0.02463546	-0.23591888	-0.03952899	-0.10866012	-0.01732995	-0.20855541	-0.16643361	-0.07361950	-0.11898098	-0.24402481	-0.18259063	-0.01910095	0.01567527	-0.02438742	-0.08255480	0.35554799	-0.03353016	-0.10021252	0.01088595	-0.12182282	-0.24479596	-0.29508414	-0.34082507	-0.24960169	-0.28060787	-0.23862098	-0.06537523	-0.25504404	-0.35073378	-0.32939622	-0.18764124	-0.17706728	-0.01824538	0.10709622	-0.12636688	-0.29743178	-0.25595704	-0.08383195	-0.23364124	-0.24458275	0.17675485	0.11820100	-0.13041423	-0.02402737	-0.11157231	-0.08401588	-0.11570681	0.01607582	-0.20798334	-0.07794529	-0.31369164	-0.12790129	-0.31833609	-0.18940953	-0.05256215	0.12497194	0.04305582	-0.09812549	-0.09717530	0.21395145	0.02167334	0.21337947	0.16367184	0.38207798	0.17299491	0.05264539	0.02935567	0.15116287	-0.04225194	-0.01121151	0.21861163	-0.13058813	-0.02916616	-0.00208630	-0.09638607	-0.03059445	0.04575711	-0.20199377	-0.28676353	-0.06491359	-0.26656459	0.34305838	0.24252730	0.46778192	0.02248915	0.11926781	0.43324642	-0.01906369	0.10659426	0.20706724	0.19668896	0.06193454	-0.17561453	-0.15205362	-0.09077285	0.00418819	0.26924933	0.25876281	0.29367078	0.14406164	-0.03062903	0.20066277	0.20951407	0.13487862	0.09655150	0.28928178	0.25071025	-0.12117664	0.22721407	0.09791461	0.25155313	0.31562032	0.18687493	0.31453571	0.33164829	0.25101524	0.34958584	0.28640123	0.19894458	0.33351059	0.33156485	0.33926630	0.36318707	0.36731516	0.20440262	0.14349678	0.40346192	0.46596692	0.25647196	0.18487079	0.29214959	0.26804313	0.31116350	0.10036527	0.34491092	0.54396024	0.31935252	0.31859908	0.08245449	0.05881248	0.18541233	0.08266597	0.01277154	0.05923654	0.34945943	0.18735115	0.24963618	0.55832104	0.09672600	0.96581567	0.41146700	0.46900419	0.35941955	0.01292900	0.16526141	0.00300731	-0.08620493	0.03179129	-0.03752115	0.07524706	-0.08343111	0.13296273	0.03504748	0.03457448	0.01514962	-0.02243323	-0.12896020	-0.08012033	-0.01872129	-0.04430167	0.16344713	-0.01630795	0.10317652	0.02514310	0.02933948	0.12977080	0.10704388	0.05989854	-0.03368066	-0.09983878	-0.21544623	-0.05602654	-0.08259978	-0.00935434	-0.00167054	0.02861326	-0.01294898	-0.06069892	0.04239564	0.12741371	0.00579409	0.00204051	0.04987706	0.10985350	0.14627532	0.10228301	0.10930884	0.22612598	0.16305936	0.16385308	0.19386091	-0.04463833	-0.14659579	-0.05028111	0.10748428	-0.07638909	0.04731945	0.02221729	0.06886247	0.02119040	0.05466806	0.10022333	0.06514885	0.05125476	0.08444860	0.01453556	0.09953251
17Networks_RH_TempPar_8	-0.00246999	-0.08458651	0.11895022	0.02872904	-0.08186672	0.10860258	0.08464957	0.06658264	0.17412641	0.11812215	-0.14560496	-0.08223530	0.02754114	-0.03917141	-0.07261459	0.02396876	0.06110128	-0.15739182	-0.17192222	-0.00956157	-0.15425843	-0.05167491	-0.14153810	0.09341931	0.19551978	0.01831906	0.16751485	0.06545463	0.18150042	-0.00433925	0.09215116	0.14642277	0.08172943	0.05345491	0.10217238	-0.03444409	-0.01563768	0.01706981	0.05215927	-0.03115857	0.03926872	0.06444702	-0.09838437	0.24889125	0.28661550	0.12932379	0.25546730	0.13058421	0.48159971	0.31226645	0.19313215	0.08160921	0.05483533	0.08593970	0.20004809	0.12208117	0.27768804	0.09472736	0.16765335	0.03329427	0.11588872	0.04359489	0.04265699	0.12586603	0.03425559	0.08280992	-0.13785641	-0.11482240	0.08757061	-0.08638903	-0.17456815	-0.14478538	0.14240353	0.04878848	0.11223254	-0.03227086	-0.08942066	-0.00639239	0.01610799	-0.06087752	-0.01376918	0.15226080	-0.02107612	0.08968386	0.09786101	0.09813117	0.11419306	0.12432472	0.26780388	0.19268002	0.28155605	0.07617786	0.17053261	0.00652763	0.21064256	0.02309878	0.14568820	0.14641268	0.28112117	-0.08468732	0.01047515	0.04179000	0.08656697	0.06462641	-0.00852979	0.05147661	0.08570159	0.10315112	-0.12312041	0.11054767	0.09632374	-0.00649728	0.14657110	0.04566742	-0.16443953	0.09878466	-0.10652464	0.06114966	-0.01954935	0.06127590	0.05122121	0.14728310	0.04967834	-0.06797030	0.03950132	-0.05105485	0.01686465	0.06307208	0.06380621	0.07453611	0.09378246	-0.03552617	0.17919313	0.08350787	0.09813501	0.05404991	-0.01681848	-0.12850370	-0.02430828	0.06326076	0.03443399	-0.00904666	0.22485780	0.04976171	0.07928042	0.09571527	0.03531495	-0.00228172	0.02849866	-0.01934547	0.06469091	0.05182350	0.01918015	-0.02784009	0.04580732	0.06255874	0.08757631	0.11299167	0.10596984	0.06725982	0.08828623	0.02783920	0.10379398	0.16841265	0.12607978	0.17279925	0.03681354	0.03983225	0.13804580	0.03807896	0.09755149	0.08988269	0.00325687	0.04837705	0.17140896	0.04943781	0.06610960	0.06567911	-0.01914955	-0.00624776	0.07705394	0.03074473	0.15082197	0.06219332	0.11629538	0.08073191	0.12976965	0.10435191	0.00989777	-0.01867188	-0.06039167	0.00694170	0.26621024	0.14274365	0.18735581	0.44710938	0.23770914	0.24538107	0.30652558	0.21808311	0.01338305	-0.00962878	-0.02812825	0.06960313	-0.06444837	0.11553705	0.06754219	0.01294089	0.10720208	0.03324752	-0.03546866	-0.09192684	0.10484891	0.07992684	-0.03279066	-0.06223533	0.09009350	-0.15592207	0.07097511	-0.04057477	-0.11764769	0.01489256	-0.02581951	-0.05096386	-0.00434809	0.15329824	-0.04025388	0.12787493	0.09554798	0.00535014	-0.00017724	-0.02812879	-0.01362438	0.12910196	-0.12970051	-0.03146370	-0.03787793	-0.04123049	-0.00147930	-0.08464415	0.06790767	-0.06269818	-0.01414864	0.15634972	0.14771968	0.10004540	0.24629300	0.12515498	0.20148244	0.05999109	0.18801164	0.21192604	0.03281405	0.11029967	0.16917105	0.01382149	0.15727287	0.14020735	-0.02366111	-0.02654096	-0.04476009	0.11422571	0.21620668	-0.08321082	-0.04335522	0.14945291	-0.01442136	-0.14388303	-0.19599792	-0.11836472	-0.22205248	-0.22882306	-0.03563023	0.17459379	-0.06818002	-0.23434506	-0.05214574	-0.08370085	-0.05126388	-0.10030338	0.02086702	0.10512070	-0.07694695	0.03291371	0.28056188	0.11365656	0.00125445	0.14104707	0.18902583	0.10530580	0.09583226	0.23897570	0.10537843	0.10075959	0.13264377	0.09522735	0.05642337	-0.07278361	0.08089397	-0.03620757	-0.06130670	0.07150414	0.07716273	0.12410982	0.02499446	0.05352007	0.25219925	0.11424660	0.20916899	0.13719625	0.33120207	0.29869548	0.05218664	0.08581487	0.07609400	0.02283122	0.04511613	0.15666203	-0.00674067	0.08363904	0.01088087	0.05920490	0.02473418	-0.10981951	0.05098119	-0.17823778	-0.12201552	-0.06459561	0.26930516	0.20880864	0.18170722	-0.00557594	0.20456717	0.26123179	0.20606239	0.03246825	0.26432799	0.03404567	0.03653661	-0.01456910	-0.18011811	0.07714257	0.04604601	0.11175875	0.17104791	0.05301793	0.02846946	0.01530649	0.17935732	0.17426166	0.02034682	0.05804035	0.09289838	0.11275225	-0.06607040	0.03564333	0.05478387	0.14522541	0.12040365	0.06858380	0.19016321	0.16103803	0.05468570	0.15947939	0.12122971	0.09972189	0.12849789	0.22382993	0.22054812	0.23347812	0.21761199	0.17557905	0.12362353	0.30092686	0.30397789	0.11586816	0.15564946	0.16942169	0.23972520	0.11706240	0.02180454	0.11385014	0.34690873	0.33660171	0.28241964	0.16808829	-0.12228373	-0.02993347	0.10572388	-0.03339581	0.16975973	0.39366208	0.35454955	0.30573249	0.43916038	0.34388381	0.41146700	0.99970819	0.26003450	0.31369516	-0.03926572	-0.04831966	0.02946245	-0.04454726	0.11195748	-0.07655082	0.03368751	0.15485962	0.09508884	0.10690042	0.02899194	0.18868083	0.21790852	0.01578611	0.06215041	0.11927640	-0.04303361	-0.05189845	0.06818710	0.15169770	0.04316396	0.08667460	0.16578075	0.14325798	0.03497518	0.09234665	-0.08810475	-0.09824467	0.16734103	0.06700569	0.08500514	0.11011292	-0.03144520	-0.07922398	-0.04168303	0.03220916	0.07279239	-0.08650985	-0.18939523	-0.05894018	-0.00969899	0.10892976	-0.00507307	0.06811006	0.13640876	0.07058086	0.13722779	0.10929900	-0.04879596	-0.08427910	0.01267019	-0.04733921	-0.15150811	0.02971278	-0.07582319	-0.02746960	-0.02352756	0.06329274	0.01820596	0.12340615	0.01188087	0.06931429	0.07224807	0.09991618
17Networks_RH_TempPar_9	0.27592768	0.16067997	0.23211801	0.30970584	0.00964231	0.15587725	0.20110147	0.10257985	0.33377753	0.15003748	0.12611500	0.07815373	0.21207322	0.20428324	0.25684840	-0.06881202	0.01408011	0.17363915	-0.07633458	0.01062650	0.03804061	0.07269974	0.01423832	-0.02221937	0.09544724	0.13458743	0.09897304	0.06865618	0.17985233	0.04108018	0.11357792	0.15282818	0.03598188	0.17451286	0.22442702	0.11105985	-0.04546254	0.25384480	0.24903414	0.10740335	0.07151500	0.21893166	-0.05191971	0.14727538	0.07412685	0.03670175	0.05537605	-0.01723238	0.27581095	0.07227309	-0.01885783	0.18789698	-0.16142716	-0.26102890	-0.08915322	-0.09447750	0.13134043	0.02014214	0.20377018	0.42136671	0.30393261	0.29067221	0.12040349	-0.03471499	0.13921013	0.16174309	-0.03425071	-0.00940003	0.08478047	-0.10289639	-0.05026723	0.03456542	-0.22987737	-0.06194468	-0.13319274	0.00035191	0.00080525	0.06184426	-0.03049934	-0.00727307	0.21210477	0.28664866	0.16150085	0.00165797	0.11426912	-0.09257381	0.42811335	-0.15208092	-0.18795266	-0.08746685	-0.02735036	-0.15317665	-0.03341040	0.15251473	-0.10606372	-0.16071419	0.01781120	-0.08182406	0.33136168	0.28795362	-0.13016398	0.14708306	-0.12798546	0.01158706	0.28324936	-0.10029685	0.05264698	0.35852470	-0.05244825	0.29257871	0.06603370	0.12038955	0.38135635	-0.08149951	-0.13257387	-0.07482180	-0.15592321	0.08650547	0.01203695	0.20168861	-0.11546987	0.19842872	-0.00934157	0.11650661	0.07848657	-0.08616944	0.30193165	0.16777235	0.02166942	0.01285393	0.37252046	0.18577677	-0.05995827	0.35063081	0.26305544	0.39902289	0.29716557	-0.06530938	0.38594467	0.35802145	0.33914438	0.21038558	0.50174795	0.08181815	0.11241119	0.19453427	-0.00373191	0.16896494	0.50639846	0.35676349	0.22781404	0.42945025	0.48218248	0.28350542	0.35537876	0.26682696	0.23660794	0.19188867	0.39164285	0.32660715	0.43333380	0.27383380	0.32482382	0.40263572	0.37508827	0.38243833	0.31908341	0.29922219	0.22880548	0.41722910	0.36599618	0.53666941	0.36132197	0.55606935	0.46618126	0.36970370	0.33367113	0.50034901	0.28790559	0.38509467	0.36574120	0.42408882	0.44785303	0.24827826	0.47814838	0.41187733	0.38511639	-0.01279668	0.16423217	0.16177056	0.06229802	0.15106178	0.24402454	0.01249910	0.45449788	0.39870212	0.38220233	0.18468168	0.11417305	0.44289542	0.19375022	0.19111294	0.16776179	0.30415772	0.25366603	0.21434120	0.36572415	0.11612947	0.24451215	0.16913025	0.12244474	0.10697767	0.19079594	-0.05110285	0.15993729	0.20596685	0.00691044	0.11359787	0.12301801	0.02072340	0.02102247	-0.06674532	-0.02911902	0.10431827	0.04027180	0.01894459	0.13859738	-0.06087491	0.22909574	0.07725344	0.17972815	0.09239456	0.11627167	0.17642741	-0.01752041	0.18377860	0.24678746	0.11070317	0.16173600	0.01661500	0.21935319	0.15804476	0.25933963	-0.01031235	0.01289979	0.04073954	0.02338141	0.03751194	-0.18378173	-0.04733040	-0.05269338	0.00633032	-0.09845555	-0.15619054	0.04523164	-0.05135933	-0.03364086	-0.00873740	0.18089063	0.31888013	0.28011975	0.16478149	0.44561174	0.05513474	0.02445358	0.13853625	-0.03907253	-0.04186268	-0.06082208	-0.09862240	-0.07983204	-0.14776430	-0.14477971	0.07504573	-0.17621338	-0.19149729	-0.14717382	-0.04007724	-0.12076010	0.09287196	0.26532332	-0.00662214	-0.05814568	-0.03035792	-0.13744306	-0.24348478	-0.24447583	0.18525963	0.08055482	-0.27476812	-0.10042251	-0.18590121	-0.17952466	-0.16160383	-0.01066202	-0.13900756	0.04769948	-0.27600736	-0.09963647	-0.29149984	-0.06078485	0.28367656	0.31798794	0.04583537	-0.08735993	0.00710716	0.33648700	0.10984512	0.27136435	0.08941568	0.44608978	0.20890660	0.17145671	0.13849319	0.18888880	-0.04761388	0.01809332	0.28930839	-0.07289651	-0.06909770	0.14730428	0.00602508	0.04406691	0.06401530	-0.02188770	-0.25807307	-0.03330600	-0.03485045	0.50308773	0.39263650	0.49674880	0.25463405	0.05298415	0.53502285	0.04605512	0.30739755	0.39508386	0.50127981	0.31581965	-0.14413965	-0.13735285	-0.03379924	0.26432783	0.45718964	0.57379818	0.30072247	0.32650048	0.10111361	0.34922328	0.37896786	-0.02001626	0.05159254	0.43084168	0.20921251	-0.07036209	0.16890106	0.09420196	0.42705776	0.57430116	0.38414230	0.46622284	0.51185118	0.36675555	0.47715437	0.28555795	0.32952606	0.39939831	0.49506549	0.43140831	0.42674565	0.48859919	0.54314996	0.20487579	0.51248097	0.56131333	0.41171740	0.46533910	0.51135800	0.55945639	0.56095333	0.43015836	0.43106193	0.56589408	0.32130740	0.27229191	0.02195517	0.10971013	0.09825941	0.14693641	0.00572550	0.03381221	0.23826500	0.17852531	0.37880908	0.49260858	0.16169261	0.46900419	0.26003450	0.96185802	0.40025035	-0.00037439	0.08901829	0.00328603	-0.08945168	0.16835592	0.06620066	0.13827140	-0.03909764	0.21868431	0.12365513	0.08435992	-0.01896165	-0.00754087	-0.10664648	0.12358578	0.17443249	-0.01677789	0.04819257	0.05087139	0.20636120	0.03012542	-0.01939525	0.17152006	0.24336671	0.13840097	-0.01162808	-0.08610857	0.05050365	0.04106082	-0.03117658	0.21825595	0.16297682	0.32068107	0.21675229	0.15540667	0.16106625	0.08006588	0.20173504	0.21085498	0.10205450	0.36716190	0.35068513	0.35292292	0.32919717	0.48826940	0.43926642	0.34414953	0.34395394	0.15746902	0.15276643	0.13948386	0.08791215	0.07401587	0.22465373	0.25212485	0.13346238	0.20302210	0.36542862	0.39287261	0.30914594	0.31280011	0.33152485	0.20698012	0.23464205
17Networks_RH_TempPar_10	-0.00567094	-0.07211591	-0.00275698	-0.01080792	-0.05907830	0.03016808	-0.02140656	0.07331879	0.09180863	0.09654192	-0.09370060	-0.06583837	-0.01213725	-0.01955380	-0.03649789	-0.05383814	0.05527107	-0.08618536	-0.14262358	-0.07575219	-0.13598990	-0.05227353	-0.06654422	-0.08062677	0.01429977	0.06961897	-0.00160486	0.00340846	-0.01431211	-0.01930093	0.03485954	0.09551765	0.00632081	0.03840844	0.02037059	-0.03366322	-0.05567701	-0.02395367	0.00066034	0.03457650	-0.04866195	-0.02875803	-0.13026946	0.02743035	-0.05679865	-0.00199242	-0.02464518	-0.03746352	0.28409788	0.03984897	-0.04814587	0.05918379	-0.12443512	-0.09339211	-0.11398759	0.09836432	0.02135509	-0.04456534	-0.01676509	0.02749325	0.08197673	-0.02969215	-0.05597146	0.03377052	-0.04291620	0.07332840	-0.07744712	-0.12977471	-0.02271451	-0.19665364	-0.13832830	-0.08550019	-0.06413321	-0.07292537	0.00964024	-0.04737712	-0.10779541	-0.05859496	-0.04515846	-0.08689360	0.03077607	0.11899091	0.02049313	-0.01731996	0.01910493	-0.11945276	0.31466599	0.13324197	-0.03487362	0.02996564	0.08718076	-0.10358659	-0.04151769	0.04203085	-0.10598537	-0.14948499	-0.10123360	-0.10999495	0.12354851	0.03999967	0.01330072	0.10641064	0.04088104	-0.07596356	0.06885936	-0.04781818	0.06597925	0.08402905	-0.14612848	0.04442761	0.01381254	0.00290708	0.21075733	-0.03992309	-0.17138467	-0.03811114	-0.03589865	0.05977469	-0.07045510	0.14129932	-0.09919358	0.08634902	0.13948537	-0.06068865	-0.00162498	-0.11110858	0.07746964	0.05408419	0.15517227	-0.02292905	0.07977536	0.05558773	-0.02322609	0.05780454	-0.00173902	0.18321641	0.12830756	-0.10226677	0.16022124	0.06051270	0.08695819	0.08260174	0.23176184	0.02791827	-0.06983398	0.03297636	-0.03672134	-0.01869319	0.11001256	0.09047416	0.05431198	0.24151785	0.06381895	-0.02737889	-0.05057719	-0.03119105	0.05233475	0.07186825	0.04449968	-0.00826047	0.01608365	-0.06614590	-0.03571113	0.16748327	0.15822355	0.17033207	0.09841829	0.08189566	0.09020353	0.15241822	0.13195962	0.21267787	0.02716604	0.24998197	0.13949646	0.09485538	0.20652495	0.20913452	0.09284820	0.13916254	0.23673357	0.17241588	0.17395019	0.00633534	0.18463694	0.20874222	0.17403658	-0.08022377	-0.05495272	-0.12250252	-0.11365766	0.03107964	0.10860547	0.03078082	0.19328263	0.34547465	0.14269700	0.18108904	0.11343482	0.24406021	0.03155888	-0.00600796	-0.08056094	-0.05536588	-0.04838911	0.00974342	0.05534066	0.08987557	0.13065090	0.06483182	-0.08770873	-0.07344579	0.02760474	-0.01008657	-0.04282986	-0.00032196	0.01630583	-0.11224070	0.00296448	-0.09133206	-0.11935834	-0.11558057	-0.13770263	-0.05297587	0.03631119	0.00511124	-0.01521461	-0.08001442	0.03029601	0.01665584	-0.06507584	-0.13045194	-0.05578737	0.00941030	-0.11306327	-0.00371764	-0.02527776	-0.11343759	-0.09114933	0.02497928	-0.04480835	-0.05689300	0.06679494	-0.08630467	-0.02780712	-0.04652622	-0.03064476	-0.05912035	-0.09669609	-0.14503575	-0.04983770	-0.08964838	-0.22973218	-0.17308201	-0.03313862	0.01695122	-0.02538684	-0.03514793	-0.03286566	0.02844599	-0.00942288	0.05651177	0.18437860	-0.10153327	-0.07943098	0.09650192	-0.12112421	-0.11984285	-0.14378309	-0.12598266	-0.10694506	-0.09540093	-0.03848654	0.03656967	-0.06664392	-0.16836586	-0.14378114	-0.11982761	-0.12863679	-0.08554012	0.05109613	-0.01951899	-0.15748865	-0.01037651	0.08515744	-0.15250830	0.05234289	0.13260649	0.02830483	-0.07505749	-0.08420697	-0.05835831	-0.11213886	-0.08340966	0.16824805	-0.10847179	-0.00912494	-0.25213828	-0.06323827	-0.19251090	-0.10448928	0.13503009	0.24959169	0.29817483	0.05689156	0.07768551	0.37164958	0.10991944	0.25082363	0.13981099	0.32780845	0.15122238	0.12415921	-0.00259524	0.07678201	-0.01876775	-0.08271513	0.20564604	-0.16379280	-0.03865905	0.03820173	-0.15562342	-0.08045068	-0.02752237	-0.07373440	-0.09127985	-0.09410155	-0.02773171	0.24818984	0.14347545	0.27456434	-0.00846926	0.13053062	0.40085980	-0.08794848	-0.00574050	0.14968827	0.31642276	0.21930021	0.06747237	-0.11379718	-0.03725544	0.10954812	0.23668288	0.19030729	-0.00456707	0.16104006	0.07155366	0.06393982	0.17189813	-0.06570751	0.02121562	0.01069777	0.04190360	-0.08281349	0.00098363	-0.01581223	0.17332426	0.17990666	0.05467787	0.14691373	0.18751899	-0.02528151	0.10904091	0.10374684	0.20165586	0.10027505	0.14864879	0.07473991	0.18389847	0.12198968	0.26699387	0.04566582	0.23899675	0.36472213	0.24225092	0.13646937	0.34707495	0.25918878	0.30815310	0.28752616	0.28748378	0.38181213	0.45076179	0.08036242	-0.02962905	-0.08479953	-0.11504143	0.01088392	-0.12423662	0.07869982	0.19058014	0.24620035	0.31222127	0.39674044	0.16348623	0.35941955	0.31369516	0.40025035	0.89072270	-0.07454214	0.01064823	-0.10532214	-0.13690828	0.14613388	-0.02080915	-0.04754793	-0.02938445	0.07945149	0.05142639	-0.05202113	-0.07461274	-0.06668121	-0.19401473	0.03620058	0.08473764	-0.12756424	-0.11518109	-0.07631721	-0.01996145	-0.07325281	0.04349308	0.06375977	0.14256611	-0.04032347	0.09209056	-0.06480199	-0.11211215	-0.01913631	-0.00440060	0.19104747	0.13426602	-0.00001808	-0.07077342	-0.07858587	0.00283850	0.04953941	-0.03257939	-0.05809661	-0.11647725	0.00423948	0.03435854	-0.01046807	-0.01842785	0.13695002	0.05014821	0.07246480	0.03444644	-0.11480823	-0.11890205	-0.07659846	-0.13612252	-0.12774438	-0.05630667	-0.02115959	-0.05356159	-0.03847045	0.15186115	0.00046113	0.08898143	0.00926159	0.07585981	-0.00439912	0.02736822
aHIP-lh	-0.00679516	-0.02602853	0.02494145	-0.08883290	-0.08393737	0.28717289	0.01634023	0.01031889	0.20481007	0.08557923	0.09169340	-0.01340131	0.07402425	-0.06178238	-0.02899825	-0.00914214	-0.19192265	0.09936397	-0.13285869	0.00988535	-0.02368416	-0.09610165	-0.01832961	-0.17078338	-0.08002039	-0.05345022	0.01090143	-0.07653673	0.10580201	0.00681421	-0.04409569	-0.01406648	-0.11705629	-0.14723691	-0.10434061	-0.04579333	0.14509465	0.01164106	-0.09681515	-0.16003873	0.03550025	-0.11594463	-0.02211731	-0.08197698	0.03341912	0.15428578	-0.09213449	-0.04810549	-0.01613539	0.04106806	-0.11582580	-0.07479579	0.00786168	-0.10345500	0.01077864	-0.04180954	0.19704789	-0.10635098	0.23511744	-0.02315112	0.00886672	0.01396586	0.04175473	0.15803660	0.00819623	0.07417584	-0.17273892	-0.12036550	-0.05802954	0.05997830	-0.08959651	-0.08350198	-0.16362949	0.02219826	-0.01428121	0.03657282	0.03608689	-0.09858480	-0.16321326	-0.17392516	-0.08963682	-0.07185629	-0.03006421	0.01238776	0.05998563	-0.05410508	0.05018321	-0.16100501	-0.08136371	0.12072692	-0.06279656	-0.15556094	-0.13234136	0.07256542	-0.10851838	-0.09473074	-0.14790517	-0.10543338	-0.08923624	-0.08225892	-0.14568189	-0.09091975	-0.14923261	-0.07434726	0.14003167	0.03580229	-0.22095932	-0.14513178	0.14270775	-0.00777134	0.02734527	0.17841358	0.04386219	0.45270611	0.41589390	0.42206854	0.17769657	0.40670943	0.21147203	0.00409638	0.07891486	-0.01552528	-0.09436249	0.02542152	0.05870359	0.05450545	-0.12207844	-0.04950548	-0.13619332	0.06888605	0.13894770	0.08679554	-0.08382827	-0.04399908	-0.05971610	0.00054104	-0.02544577	0.11314849	-0.04746281	-0.01871348	-0.00503820	-0.09800261	0.02404600	-0.02249394	-0.07420996	0.12925454	-0.10090547	-0.10797500	0.14977936	0.07532245	0.01328169	-0.05608429	0.05459506	0.11337556	0.14311615	0.11744139	-0.05918176	-0.14698032	0.16802603	0.15094345	0.05142283	-0.02596176	0.13032823	0.02865323	-0.06882871	-0.03819556	0.06726223	0.27780292	0.29646371	0.18130684	0.15335636	0.19754627	0.13994494	0.12022621	0.05710724	-0.01506770	-0.07826812	-0.18498909	-0.21898899	-0.19229823	-0.07200771	0.03794675	0.01647723	-0.00588247	0.14656935	0.03729587	0.05671437	-0.07934957	-0.00493345	0.12860719	0.01714435	0.04938253	0.02541491	0.00122262	-0.04732520	-0.13888902	0.14870225	-0.00279975	0.13994577	0.16337213	-0.09699797	-0.11813834	-0.03194476	-0.02712558	0.08328591	-0.06387009	0.10881930	0.03286135	0.12260570	0.01177163	0.07732138	0.02494546	-0.05709640	-0.00220567	-0.13842169	-0.19748736	-0.09662053	-0.08743324	0.00925176	-0.06847564	-0.01255874	-0.10027438	-0.06516837	-0.01481996	-0.13708758	-0.23089196	-0.02730983	-0.09321284	-0.03226259	-0.11839110	-0.04913793	-0.07489288	-0.00179884	-0.10110579	-0.03749305	-0.04850700	0.02856574	0.00719916	-0.02915915	-0.06001921	-0.12708287	-0.12055147	-0.14004601	-0.14375748	-0.11125423	-0.08992610	-0.06802583	-0.03426175	-0.14608379	-0.11691840	-0.10421045	-0.02335431	-0.04488669	-0.17148743	-0.02223152	-0.12522870	0.02358341	-0.02660926	-0.17119256	-0.08906359	-0.01499860	-0.07699021	0.03656750	0.07795342	-0.01997751	-0.04061498	0.03742818	0.14311055	0.06937666	0.05258810	0.03998938	-0.08998194	0.00165320	0.12335212	0.01597298	0.00960230	-0.02539999	0.02132070	-0.06147210	-0.08669868	-0.03079091	-0.15909906	0.01915519	-0.14995737	-0.09931240	-0.13177015	-0.16828570	-0.04727286	0.12797440	-0.22363257	0.03575370	-0.08285872	-0.24393982	-0.11675924	-0.00336391	-0.18674620	-0.05503306	-0.06394301	-0.08994323	-0.04711876	-0.17012800	-0.15975281	-0.26366133	-0.05144752	-0.08657573	-0.07590976	-0.08603113	-0.15667549	-0.17533520	-0.17855351	-0.10652756	-0.20001077	0.10464087	0.05005323	0.27551098	0.07389915	0.14840022	0.31170846	0.45176252	0.37700864	-0.02103774	0.55001371	0.31666820	0.20460434	-0.00641396	-0.05095488	0.03207176	0.03623618	0.04353477	-0.00941496	-0.01991825	-0.00138722	-0.05263273	0.00026904	-0.12871164	0.24845299	-0.16090786	0.02939456	0.07004373	-0.09231446	0.02042140	-0.10454893	-0.05089986	-0.01653888	-0.07011932	-0.03225275	0.07120614	-0.06714275	-0.04720304	0.02461911	0.02175288	-0.07696911	0.15456830	0.07697880	0.07086032	-0.03380908	-0.09613773	0.18930680	0.05575251	0.04539420	-0.06536491	-0.01258890	0.13544894	0.10788430	0.04879983	-0.17632828	0.09666223	0.02234806	0.10560750	-0.06251626	0.05478523	-0.02136982	-0.13256109	-0.08055162	0.14947934	0.06987223	-0.06219843	-0.12095641	0.04811660	-0.18800282	-0.16735705	-0.04164489	-0.07925495	-0.12959168	0.07423359	0.06706776	0.18062228	0.09541853	-0.17242221	0.02185197	0.08919560	0.05745840	-0.02090748	-0.17859976	0.03706594	-0.03765824	0.01292900	-0.03926572	-0.00037439	-0.07454214	1.02907983	0.12616732	0.32077247	0.37227097	-0.02864323	0.26087103	0.15844217	-0.06499134	-0.06598472	-0.10598023	0.04113140	0.10327195	-0.06671180	0.06136668	-0.08030327	-0.03247196	0.48381103	-0.06114269	0.43181097	0.17520127	0.07929644	0.18344335	0.04073831	0.16813397	-0.08053924	-0.08111113	0.02006811	-0.04903674	-0.14699353	-0.12190094	-0.05134560	-0.14640708	-0.14303823	-0.04756970	-0.06964185	-0.00411858	0.12673351	-0.11495513	-0.02245659	0.14041711	0.04037597	0.00373865	-0.00778227	-0.06818891	-0.09185140	0.01313623	0.22002114	0.10140623	-0.04719756	0.10773774	-0.04747539	-0.12433555	0.09492341	-0.07690537	-0.03665620	-0.18369178	-0.08595891	-0.22536240	-0.05845178	-0.00920432	-0.04939517	-0.01643735	0.09760013	0.12894270
pHIP-lh	0.09450810	0.18286507	-0.09384515	0.05405466	0.08257737	0.06948796	0.06474727	0.06081509	0.16059972	0.13245506	0.23294609	0.09115925	0.19848378	0.14326731	0.16059298	0.27014221	0.10283266	0.24064633	0.17743386	0.19350082	0.20663353	0.11212127	0.22348427	0.11857183	0.09341186	0.07015674	0.00562903	0.04610532	0.04288363	0.05561171	-0.05416055	-0.10587334	-0.00999891	-0.00578160	0.07605665	-0.01081296	0.01230262	0.09546081	0.05430417	-0.09258338	0.08673432	0.17424529	0.01402284	0.06708247	-0.05291853	0.09845950	0.13412681	-0.03833172	0.20505181	0.12406954	0.01045170	-0.04337785	0.04370213	0.03369446	-0.00789689	-0.02117702	-0.03129377	-0.10804286	-0.02336470	0.08027781	0.24241395	0.13169531	-0.02049059	0.01623471	0.16479151	-0.03467658	-0.04565108	0.05728328	0.09329277	0.03362485	-0.00772907	0.00062829	-0.00969483	-0.02631995	0.08722462	-0.08144943	-0.02995162	0.04018275	0.03638770	0.07604062	0.08599622	-0.13085606	-0.00548993	-0.02449338	-0.03721823	0.12772543	0.10662690	-0.00986099	0.11645397	0.16047144	-0.03067373	0.05666076	-0.01048143	0.02897845	-0.01255958	0.09673851	0.13371757	-0.11458675	0.01022991	0.04260428	0.01489827	0.12306243	-0.02555652	0.16504590	0.17274294	0.10749716	0.05481880	0.24922282	0.03656803	0.18740719	-0.02049753	0.02510501	0.05457074	0.16413338	0.05797750	0.06223505	0.04604025	0.12992863	0.00390616	0.07410637	0.04788315	0.00881316	0.02303336	-0.02417756	-0.02489128	-0.04514136	-0.00266602	-0.10634870	-0.02680149	0.03039390	-0.02056746	0.01376121	0.20471927	-0.13727456	0.01631865	-0.05241398	-0.02415445	-0.02181419	0.13247892	0.02190297	-0.00464368	0.08156247	0.08429987	0.06050746	-0.06458606	0.07809176	-0.04791780	0.02251004	0.14663554	0.14681990	0.04369585	0.09782760	0.11068502	0.14426078	0.05002108	0.11905475	0.10218897	0.01997118	0.11666979	0.12047965	0.13555947	0.13331181	0.11324149	0.18115588	-0.00171778	0.13107212	0.02052129	0.30624488	0.19293826	0.08534367	0.19290012	0.10002321	0.06458726	0.10283082	0.10056396	0.09673944	0.11902323	0.04829305	0.00147517	0.05389938	0.09028036	0.03350162	0.18395581	0.09750652	0.12338129	0.13609612	0.08162242	0.02117699	0.18449601	0.15807202	0.07074199	0.06165348	0.24802628	0.20047337	0.00551460	0.08592222	0.11204509	0.07169608	0.10329094	0.10486892	0.03413175	0.05537040	0.10335646	-0.00799229	0.05428487	-0.12421095	0.12338342	0.02760220	0.18734241	-0.08129309	0.22952167	0.13185911	0.16906441	0.13174280	0.31019216	0.25666188	0.14498273	0.29145670	0.21976174	0.18997470	0.22590724	0.07725154	0.13064687	0.07682064	-0.13746783	-0.18161364	-0.00327326	-0.16033922	-0.02354193	-0.03118836	0.13779277	-0.01521435	0.05223830	-0.06289337	-0.02502223	0.02325320	0.16725380	0.10772487	0.18427497	0.02531812	-0.03692001	-0.06184109	-0.05063527	-0.04726670	-0.00934689	0.01962129	-0.06472147	-0.09937613	-0.22033960	-0.01972777	-0.01518073	0.11232876	-0.11616570	0.01187826	0.01234979	-0.00208610	-0.17627152	-0.08934174	-0.01592265	-0.08065852	-0.00874918	-0.03348663	0.04457335	0.09779134	0.04318806	0.03696280	0.00018103	0.03101167	-0.03830786	0.03418884	-0.00219625	-0.03083674	0.09583648	-0.06862585	0.06375939	0.02586893	-0.06742795	-0.04458371	-0.03196616	0.14075334	0.13155066	-0.10318828	-0.02898958	-0.12613735	-0.09959964	0.01133298	-0.05507137	-0.02460108	0.06904560	-0.04698476	0.03533507	-0.09839878	-0.03903563	-0.11220001	-0.08594905	-0.00338048	-0.03315922	0.00807582	-0.03195289	0.02543581	0.01537993	-0.02326652	0.06573968	-0.07396949	-0.00260842	-0.04832353	0.11510289	0.08043875	0.09575460	0.03678586	0.19025864	0.18491365	0.06196090	0.12014161	0.14322774	0.17621133	0.07785471	0.37408511	0.05643597	0.10893706	-0.00544064	0.12278114	-0.03479301	0.11569962	-0.04740419	0.06346915	0.12846086	0.01991155	0.10203009	-0.01254651	0.01779130	0.07223752	-0.04117259	-0.01608120	-0.06043536	0.12768399	0.03304142	0.11894001	-0.00222651	-0.02420234	0.10494395	0.02150923	-0.01534737	0.04466896	0.03945384	0.13195461	0.06174635	-0.04945525	0.04862031	0.00413657	0.17400347	0.13622692	0.12278233	0.14205640	0.08712488	0.22618618	0.09761464	0.16768787	0.14524079	0.11281648	0.08259686	0.11584801	0.12159998	0.11791353	0.08729378	0.11817282	0.12534026	0.06359348	0.08632078	0.15812555	0.11593198	0.08687471	0.07531705	0.06971133	0.10060778	0.10583364	0.10802308	0.11594382	0.08506672	0.07570888	0.07197841	0.11433060	0.13467204	-0.04713024	0.06075755	0.03919493	0.20131225	0.14630366	0.07706390	-0.06239235	0.07856242	-0.05196494	0.09172429	-0.04384634	0.10862890	0.10374278	0.16526141	-0.04831966	0.08901829	0.01064823	0.12616732	1.03452779	0.07658141	-0.04622492	0.23426378	0.11476154	0.12017786	0.07229346	0.10531581	0.08669222	0.06383141	-0.00235611	-0.07338002	-0.01460008	-0.04864146	0.02805464	0.05078424	0.23206037	0.03686164	0.05402785	0.19097013	-0.03503333	0.08371617	0.00159012	0.06875539	0.06644471	0.03140761	0.05633217	-0.16805250	-0.04111690	0.00901331	-0.01144378	0.06360432	0.10760815	0.13395356	0.20940651	0.13296298	0.10507796	0.11467112	0.08013117	0.00206580	0.11617521	0.04938146	0.01142838	0.00543993	0.07287065	0.15807740	0.19226163	0.16368078	0.10362692	0.12662697	-0.08329191	0.03085498	0.18543167	-0.00732541	0.06943946	-0.05417980	0.00075789	0.07491370	0.06255786	0.07386661	0.05606116	0.08004501	0.11858017
lAMY-lh	0.13463196	0.09093652	0.22093507	0.11637345	-0.01662072	0.14820176	0.11851956	-0.04672093	0.12421813	0.00239124	0.13175394	0.03556477	0.06124484	0.06045697	0.06808959	0.07400490	-0.08377750	0.13810968	0.06043968	0.09637974	0.09212561	0.03483329	0.07292027	-0.01473582	-0.06408750	-0.00157705	0.04944424	-0.02338873	0.06697538	0.05379248	-0.01027094	0.01144836	-0.05573645	0.01604358	0.06602660	0.03924604	-0.01133187	0.07264942	0.10102688	0.02265584	0.01735501	0.03444079	0.01055339	0.10191154	0.05474586	0.06191567	-0.06271097	-0.01054316	0.14479184	0.13497907	-0.03366320	-0.00444989	0.03834926	0.00555177	-0.00585740	-0.09610210	0.04815143	-0.04283614	0.14982434	0.12475947	0.11698319	0.11985048	0.12322831	0.10056826	0.01986118	-0.01712535	-0.04851341	-0.01772310	-0.02494656	0.07824776	0.05126250	0.03954195	0.01960607	0.00075223	0.03825891	0.06487933	0.07329343	-0.06369456	0.03435533	-0.00756001	0.00472627	0.04072136	0.06301841	0.02767812	0.06837158	0.08151794	0.03877189	-0.03550226	0.07875428	0.06601571	0.01488059	-0.04465340	0.03190144	0.09483494	0.13108575	0.09670429	-0.01387675	-0.03968244	0.03102990	0.04800441	-0.01716998	-0.00652636	-0.05809966	0.03726405	0.05762822	-0.01732738	0.03836961	-0.03849954	0.10456835	0.13135989	-0.01355246	0.05341915	0.08362871	0.24718635	0.28680330	0.20504572	0.06873842	0.33741270	0.22847988	0.15631166	0.09142044	-0.04316147	-0.00338232	0.07836718	0.07209566	0.06195596	0.11617958	0.08606990	-0.01148668	0.09153958	0.08366894	0.03787029	0.06144473	0.06661709	0.04397920	0.08332746	0.08032950	0.11790621	0.09779959	0.09120655	0.09582961	0.01828128	0.08264728	-0.05127084	0.05804683	0.09361232	-0.01851092	-0.04338119	0.11749468	0.11514052	0.09756426	0.00490362	0.10449063	0.11096061	0.13623286	0.12218252	0.12944764	0.12467217	0.19551537	0.14138174	0.09833528	0.07967101	0.13401734	0.04485524	0.09968776	0.07242154	0.07227878	0.15682432	0.09883003	0.12257598	0.21609600	0.08731641	0.09173416	0.11921945	0.13808930	0.12408107	0.03875394	0.02597098	0.05254270	0.06500977	0.06342250	0.10139291	0.12555546	0.20222215	0.13472688	0.10663590	0.07152723	0.05904493	0.06726493	0.14096746	0.04761766	0.11176700	0.15157983	0.14402294	0.07963535	-0.07184055	0.08598106	0.06557963	0.01432318	0.10971832	0.06092957	0.05181625	0.06208840	0.12168953	0.07826310	0.09476464	0.12800973	-0.00269160	0.07708329	0.05399665	0.17979658	0.14865398	0.03034430	0.06682494	0.03938399	0.09178259	0.03819124	0.06036153	0.06972196	0.13392599	0.08722129	0.00221301	0.10360065	0.00951513	0.05926960	-0.01500507	0.08910914	-0.01271483	0.14480668	0.01933338	0.08077723	0.00322016	0.08842161	0.04089898	0.02273042	-0.04368014	0.04487756	0.00622266	0.04660223	-0.05744805	0.08161366	0.02220961	-0.01392571	0.07088224	0.12170106	0.05917818	0.08729684	0.06650053	0.11170665	-0.05547200	0.01060475	0.02769017	-0.00661722	0.02851042	0.01224718	-0.02146668	0.07330661	0.07985013	-0.11697275	0.09470445	0.06247821	0.04281134	0.03989893	0.10920012	0.06116288	-0.00080039	0.00709840	0.09862251	0.04849141	0.14594490	0.05148857	-0.02084877	0.08314373	0.15451220	0.10008621	0.06591438	0.05180420	0.04634877	0.05424877	0.07024801	0.03436908	-0.03572266	0.04588067	-0.02819784	-0.00148842	0.04190122	-0.09358002	-0.00636860	0.06324020	0.00876751	0.12087394	0.04459343	-0.15406550	-0.02274381	-0.09437593	-0.02630291	-0.05538882	-0.01829093	-0.02768370	0.06249380	-0.04933154	-0.03565398	-0.12155796	-0.04922242	-0.10525902	0.00715065	-0.05047159	-0.03228433	-0.09008232	-0.22203419	-0.07001347	-0.08196776	0.06136572	0.09689849	0.08386138	0.00356202	0.05933065	0.12221875	0.39064385	0.20277393	0.03194449	0.32116334	0.29913184	0.05388760	0.02275136	0.05669715	0.08267344	0.11480178	0.07521524	-0.02327143	-0.05661496	0.05462421	-0.06478191	-0.03204006	-0.00183724	0.15331709	0.00918574	0.05402147	0.06466331	-0.02052779	0.05192816	0.05556017	-0.02850618	-0.00890656	0.05825494	0.06395678	-0.05494002	0.01916448	0.03014478	0.00290499	-0.01796003	-0.04771127	0.10968998	0.05974598	0.04914953	-0.02674118	0.01575365	0.01342176	0.05905655	0.07451146	0.01227984	0.03413206	0.13372101	0.09974134	0.02716210	-0.08661280	0.03942516	0.06228030	0.07751686	0.03668682	0.07743829	-0.00164207	-0.02623960	0.00342738	0.13682804	0.05177974	0.00857170	-0.08070219	-0.00197187	-0.04315732	-0.08130431	-0.04015385	-0.02920875	-0.15467372	0.10388122	0.18288209	0.15393865	0.11012505	-0.02472785	0.09276600	-0.03760203	-0.00263278	0.01107772	-0.05045708	-0.03340578	0.02068512	0.00300731	0.02946245	0.00328603	-0.10532214	0.32077247	0.07658141	0.80117496	0.30929345	-0.02540997	0.16513067	0.07846834	0.06343507	0.02155723	-0.02196908	0.00325127	-0.02144546	0.06032271	0.19207309	0.00334565	0.06377559	0.23960075	0.03217786	0.33266915	0.36124631	0.21125179	0.05082951	0.06583097	0.08219116	0.06356159	-0.04392727	0.01952572	-0.00937465	0.05277800	0.05569482	0.01028517	0.03583488	0.05339579	0.00757500	-0.00509035	-0.03191519	-0.02582871	-0.00191353	0.00732501	0.05534437	0.10655963	0.05525707	0.08243058	0.07802428	0.05170894	0.08297611	0.16169864	0.10268095	0.05073876	0.13352601	-0.01762928	-0.19093053	0.02905827	-0.03163959	-0.04028619	-0.13575923	-0.02799504	0.13076520	0.11025106	0.13722210	0.03421397	0.12149986	0.13780186	0.12086599
mAMY-lh	0.01980753	-0.04777838	0.05215835	0.00600549	-0.01429453	0.05167393	-0.00524032	-0.01917997	0.00264625	-0.04219699	0.05050348	-0.00224581	0.05322578	0.01147081	-0.03942911	0.02807131	-0.05096195	0.00954229	0.03053999	0.07403357	0.00035567	0.02922824	0.04117585	-0.08578541	-0.00116987	0.10253221	0.06907987	0.09694442	0.16013448	0.05081510	-0.00677671	0.09796898	0.04189836	0.07348350	0.06018211	0.02581050	0.14215332	-0.02220342	0.01464391	0.04861281	0.09010162	-0.02019742	0.05826733	0.04565793	0.14514050	0.04511751	-0.05924274	0.00867662	-0.03599822	0.13874051	0.01489236	0.10940695	0.11373927	0.03772148	0.10237449	0.01221942	0.21434271	0.06315260	0.26823373	0.01983151	-0.00954421	-0.00077594	0.04828388	0.13919480	-0.07849285	-0.03144236	-0.04088710	-0.01217193	-0.05468790	0.10062941	0.04111699	0.03917316	-0.00676730	0.02601020	0.01815270	0.14051481	0.14518666	0.01473218	-0.01022135	-0.11397772	0.00515322	-0.03116833	0.01109053	0.04471970	0.03760326	0.00116184	-0.13719720	-0.06089747	0.01488211	0.00054363	-0.03401779	-0.04018328	-0.06824510	0.01276960	0.09757850	-0.00387194	-0.07490054	-0.02763233	-0.11302223	0.00641762	0.05866624	-0.03347317	0.01324558	-0.08951003	-0.03847404	0.03814157	-0.03600537	-0.14014744	0.11083838	0.00296267	-0.01292662	0.07207000	-0.11767992	0.21958845	0.38111026	0.26446444	0.05291047	0.18545970	0.23002012	0.04675666	0.01176636	-0.01634705	0.00780830	0.11235727	0.10901426	0.07596210	0.00573029	-0.02069859	-0.01356739	0.08621720	0.06001231	0.01520308	-0.06901233	0.03446609	-0.06327584	0.03548354	-0.00023733	0.10016472	0.00906273	-0.05598033	0.01715182	0.00157264	-0.17923029	-0.01324844	0.02360368	0.10399650	0.06724123	-0.03413149	-0.00592366	0.01321183	-0.05071850	-0.11131892	-0.01322050	0.00371248	0.04795258	0.09812084	-0.03860878	-0.00980533	0.00901272	0.00438662	-0.05251858	-0.00682575	0.01732527	-0.07648962	0.03396547	-0.03457088	0.02650347	-0.01839053	0.06364284	-0.02184596	-0.06150644	-0.02542560	0.00832418	-0.05110844	-0.04570765	-0.07236430	-0.13278977	-0.15611352	-0.04984338	-0.09984004	-0.15734136	-0.04166796	-0.02855257	0.06573819	-0.09463528	-0.10760168	-0.06977446	-0.09168402	0.00418243	0.07281849	0.01927217	0.11227195	-0.09035937	0.06605442	0.01238211	-0.19999822	-0.03825073	-0.13947352	0.00782647	-0.06566373	-0.05783249	-0.08245153	0.00562407	-0.02865970	-0.02303242	-0.00378883	-0.02644432	-0.02409025	-0.06081215	0.01813285	0.04159943	0.01399659	-0.03909934	0.05493257	-0.04695702	-0.02903768	0.00097991	-0.03826811	-0.00323549	0.00708623	-0.03524144	0.02237485	0.03790801	0.06671762	0.06566682	-0.00515029	0.13495249	0.00061769	0.11798185	0.04748984	0.03727824	0.03584471	0.07977520	0.01972285	0.01331701	-0.04081872	-0.01958869	0.02189810	0.03091872	-0.01961515	-0.02914000	-0.03080454	-0.05816176	0.08376172	0.09898632	-0.00661998	-0.02372975	0.03186899	0.10030171	0.01896515	-0.00322540	-0.01376214	0.09484982	-0.00097823	0.12784731	-0.01450287	0.13611671	0.03211174	-0.07886590	-0.01596829	-0.10005834	-0.02824389	-0.00087926	0.03670928	-0.00196751	-0.05903431	0.06564033	0.07574286	0.03512230	0.07922393	0.06949684	-0.04213896	-0.03785587	0.18746670	0.01770911	0.02390692	0.03295178	0.11603069	0.00188579	-0.03839109	-0.03852515	-0.04497493	-0.00432947	-0.03131875	-0.01768995	-0.01741874	-0.06624139	-0.05877855	0.09079548	-0.03216020	0.13700597	0.03433943	-0.01814230	0.00717421	-0.04646403	-0.05293581	-0.00697589	-0.02716032	-0.00644371	0.01551454	-0.02213344	-0.06487889	-0.13500343	0.01966954	-0.00905135	0.04568302	-0.12278120	-0.14126346	-0.05023967	-0.14880611	-0.14986705	-0.17292952	0.10841828	0.10597292	0.11214910	0.05510246	0.13970200	-0.06525694	0.27236694	0.15288640	0.05711188	0.33087514	0.27249575	0.07873547	-0.01736792	0.07311032	0.05787018	0.06703276	0.02879106	0.02235064	-0.05281216	0.10570618	-0.03777181	-0.06431366	-0.02946457	0.12492916	-0.14266780	-0.03267028	0.03851299	-0.00696967	0.01655877	0.01592916	0.01514866	0.02599797	0.01489254	-0.00191050	0.02739089	0.07214972	0.00249628	-0.03549562	0.04072198	-0.03217810	0.00935568	0.01694084	-0.05590854	-0.03675451	-0.02276064	-0.01218393	0.01307076	0.04496310	-0.07315794	-0.02860255	0.02534445	-0.02872334	0.02754096	-0.10889482	0.06423942	0.00855286	-0.00389245	-0.06502308	-0.04511010	-0.08230183	-0.03340011	-0.05658978	-0.02736901	0.04992207	0.00583740	-0.13212410	0.01077766	-0.05588270	-0.07654364	-0.02969080	-0.10367408	-0.14130891	0.04527132	0.00215824	0.10507502	0.03535705	-0.07769371	0.07388504	0.02595769	0.06544298	0.00800821	-0.14537242	-0.05365916	-0.01520710	-0.08620493	-0.04454726	-0.08945168	-0.13690828	0.37227097	-0.04622492	0.30929345	0.78052354	-0.12154801	0.17587433	0.04994814	0.12066987	-0.02460455	0.02451459	0.07791332	-0.01015816	0.03108703	0.17431258	0.02667517	-0.00999902	0.31467729	-0.07828286	0.34967809	0.30405385	0.16923423	0.12037213	0.04780120	0.09478468	0.07470065	-0.06639340	0.02961423	-0.04543178	0.00783254	0.01009463	-0.04989124	-0.05084036	-0.04083921	-0.05317838	0.00340442	-0.13096461	-0.01609679	-0.06211609	0.03600806	0.05221712	-0.03234485	-0.03690445	-0.02109097	0.01607208	-0.03797323	0.00501430	0.04005174	-0.01406132	-0.01351655	0.08848637	0.00356975	-0.10563892	0.04429205	-0.00300408	0.00913472	-0.17282228	-0.01479113	-0.00434137	0.00320513	-0.03392880	-0.00375910	-0.03680565	0.02472873	-0.00297727
THA-DP-lh	0.05520255	0.15677826	-0.02062541	0.06283726	-0.03999096	-0.01273563	-0.00795009	0.20738962	0.07277320	0.17015678	0.09749554	0.14189993	0.26799604	0.26644634	0.16280308	0.17643311	0.24460154	0.13286687	0.12927532	0.19687974	0.13229873	0.15853663	0.13690620	0.19878699	0.20581652	0.05086868	0.16008682	0.17861488	0.10874957	0.15840504	0.24519374	0.12054201	0.19366324	0.23676601	0.22260834	0.20920039	0.13669465	0.08806871	0.18049700	0.19512942	0.20765549	0.29214238	0.19428974	0.17515568	0.14670479	0.12333263	0.12658285	0.06396036	0.08224668	0.15374670	0.14882831	0.09116722	0.05748995	0.02859161	0.14111018	0.04351016	0.08646059	-0.02992777	0.07593232	0.16675960	0.36219333	0.16450101	0.10839807	0.05291186	0.17468330	0.02823435	0.19230327	0.20125638	0.33429727	0.10168950	0.16147427	0.13456200	0.04560741	0.07584820	0.04727516	0.13325355	0.18377196	0.30502103	0.10979361	0.14116888	0.14748019	0.15046065	0.25835621	0.19211089	0.24391429	0.10180846	0.15981425	-0.00780307	0.21891498	0.03349462	0.18642281	0.15590786	0.20608533	0.12931309	0.15861145	0.23249829	0.17975364	0.22738063	0.28464553	0.19961858	0.02162076	0.27301382	0.04078741	0.02520524	0.22596668	0.11043638	0.07275438	0.28980709	0.03052664	0.27646090	0.02801530	-0.05531134	0.11618979	0.02510184	-0.01517993	-0.07053839	-0.07304381	0.02635689	0.02447141	-0.02452321	0.12469070	0.29114817	0.07460133	0.21756261	0.15439786	0.14540900	0.12380387	0.04208555	0.04741895	0.16057822	0.09808492	0.09239951	0.20070107	0.05932723	0.08808856	0.03096582	0.14222489	0.22797821	0.08236355	0.12039649	-0.00340371	0.15669234	0.24903142	0.04770858	0.08995036	0.13029954	0.00869237	0.03323986	0.05167364	0.10161731	0.05738891	0.11495677	0.05134116	0.06893200	0.05029122	0.03913540	0.06556708	0.17665922	0.14681759	0.13395153	0.09251993	0.01349332	0.09340503	0.18451928	0.06311511	0.19174353	0.07861889	0.08410079	0.00256126	0.07374936	0.17196285	0.10513410	0.13174392	0.17081871	0.16390009	0.14655112	0.20879932	0.12035928	-0.04314485	0.21646889	0.09791912	0.15619831	0.25718824	0.00668429	0.14059729	0.19366275	0.15980631	0.03497796	0.17861943	0.06173201	0.01875049	0.07340570	0.21706512	0.10950322	0.14013827	0.22120833	0.11247131	0.08064328	0.11987773	0.06556146	0.22873327	0.15034759	0.23380057	0.10331492	0.00706241	0.13312600	0.17323765	0.18404095	0.14050176	0.23190104	0.11747422	0.21802176	0.29428758	0.18370919	0.24534071	0.27788152	0.25050256	0.19116252	0.22655384	0.16910012	0.16154215	0.20691871	0.10276381	0.05088740	0.03284468	0.10144991	0.13481302	0.07266827	0.14850361	0.10128730	0.24862786	0.22777834	0.15598420	0.13950305	0.21022273	0.10604769	0.18143105	0.11525984	0.09392396	0.17396340	0.07774016	0.22174392	0.09418436	0.17702850	0.19784143	0.21339177	0.17233030	0.07961663	0.02682158	-0.00899363	0.25121556	0.08453314	0.02780260	0.11471433	0.14419384	0.12848320	0.08797237	0.21395070	0.26298165	0.16754611	0.14440282	0.21502703	0.06862957	0.10651820	0.21833707	0.31775755	0.11444334	0.21205075	0.20957095	0.20541242	0.02983712	0.04719654	0.17527578	0.05386803	0.08385849	0.20007013	0.09416215	0.13400514	0.14069842	0.14064368	0.02966451	0.13610756	0.20330746	0.17831746	0.01949268	0.10489197	0.07085799	0.12895708	0.21357353	0.00938087	0.06296259	-0.01451929	0.06651927	0.12126373	0.01615568	0.16985057	0.23093072	0.19418820	0.16999512	0.07462613	0.17953836	0.21581152	0.15748601	-0.01911766	0.06808388	0.02871004	0.13764392	0.13722921	0.15751389	0.17844603	0.24055464	0.34991351	0.07867846	0.18905239	0.01944862	0.08616579	-0.00982809	0.14299184	0.02723337	-0.02366397	0.08559087	0.11285179	-0.05529636	0.04728958	0.25438423	-0.02237516	0.05928967	0.18299382	0.11558279	0.08055408	0.09291043	-0.00553297	0.09297296	0.11085312	0.20819709	0.04392065	0.15176107	0.11874282	0.01905909	0.00457436	0.07703220	0.04003852	0.00251663	0.06982309	0.10546906	-0.00346637	0.09339379	0.05997125	0.05852788	0.09124456	-0.00704612	0.17680746	0.09120866	0.06898728	0.09880682	0.05081851	0.11869317	0.15754390	0.10919724	0.02941867	0.17021203	0.20487155	0.15668001	0.18223401	-0.00957664	0.21628335	0.08434457	0.07943980	0.06384283	0.19986477	0.15594006	0.20746669	0.06615063	0.16920593	0.05952882	0.13208721	0.12964903	0.17628739	0.18156184	0.12746926	0.19543499	0.23900750	0.20879410	0.10517124	0.01227420	0.02968260	0.14047123	0.06215469	0.10095272	0.01858143	0.03303572	0.05419698	0.10317381	0.18838313	0.06017099	0.14267228	0.03179129	0.11195748	0.16835592	0.14613388	-0.02864323	0.23426378	-0.02540997	-0.12154801	1.02645571	-0.00741405	0.22216251	0.22371376	0.01125285	0.03873702	-0.01462392	0.05770093	0.02752418	-0.00006502	0.24237505	0.22139638	-0.02996208	0.03242773	0.00198094	0.08978312	0.22236891	-0.01642906	0.17050574	0.28000859	0.06341324	0.05098802	0.01659301	0.09861276	0.01488649	0.14224111	0.21477201	0.24769158	0.17964951	0.08764527	0.20719803	0.04098361	0.04539617	0.12352919	0.15609140	-0.04279525	-0.06908844	0.11434945	0.05308450	0.10220519	0.07970543	0.06396748	0.00708653	0.07756909	0.20303573	0.27520609	0.25236406	0.06243780	0.07760529	0.27897657	0.04628073	0.13775277	0.10451039	0.15235108	0.18481840	0.02831600	0.09788246	0.07066368	0.04672179	0.04911543
THA-VP-lh	-0.04856212	-0.09151117	0.06966525	-0.05109150	-0.11650471	0.07675145	-0.07467409	0.00211060	0.09275560	-0.02158184	-0.09207590	-0.11400701	-0.12602011	-0.18163873	-0.13976913	-0.09407429	-0.17133561	-0.09454139	-0.21225480	-0.15346363	-0.25199963	-0.18354219	-0.16561915	-0.30222806	0.01407590	-0.17439320	-0.05896701	-0.11042254	0.01872247	-0.09431966	0.10636097	0.19067832	-0.08349284	0.08603463	-0.02221576	-0.08790559	0.00531877	-0.06424271	-0.05465258	-0.02429969	-0.02779861	-0.10804669	-0.10562722	0.00342290	-0.01109682	0.04392916	-0.01908397	-0.04035618	-0.03399293	0.09473184	-0.08295974	0.09900474	-0.01343721	-0.08406965	-0.02967517	-0.01257514	0.10586504	0.02981005	0.23491409	-0.14063999	-0.05778769	-0.12943771	-0.00204213	0.06068495	-0.08524627	0.03387594	-0.14803787	-0.06785116	-0.08904127	0.05321153	-0.07851409	-0.10059852	-0.07071625	0.04277088	0.06556939	0.11755872	0.04892183	-0.17150749	-0.23514334	-0.19191759	-0.17684831	-0.06242003	0.09610220	-0.17656279	0.13231494	-0.12295003	0.00237691	-0.01788705	-0.05597342	-0.11369144	0.10276750	-0.01142080	-0.10666331	0.19682122	-0.03604931	-0.13028780	-0.30086791	-0.06229316	0.01703312	-0.05102845	-0.01670246	-0.06642701	-0.05663822	0.17180092	0.13166499	0.12260913	-0.15391935	0.02240440	0.12686968	0.02687175	0.02764957	0.04860608	-0.07800862	0.13791623	0.19328351	0.16514095	0.05817630	0.18193790	0.16771121	-0.04895946	-0.03672657	-0.03401318	0.07080655	-0.03598198	0.08485306	0.04116058	-0.00366286	0.10583827	0.08193061	0.15417708	0.10688541	0.07952559	0.00142410	0.01293887	-0.06233145	0.00867698	0.03677933	0.08601218	-0.05285513	0.11954971	-0.00049604	-0.04215830	-0.04266773	0.02296077	-0.13240929	-0.09389602	-0.05771367	-0.05905939	0.08483614	0.05199108	-0.05771414	-0.05955315	-0.00240227	-0.02426454	-0.00735565	-0.01846872	0.03378854	-0.07909213	-0.02423434	0.01128652	-0.04927943	-0.05545542	-0.03471574	0.00014530	0.03836892	0.08907260	0.03771625	0.10940210	0.19490169	0.11647999	0.06790764	0.09756679	0.08231288	0.05714174	-0.00646921	-0.06187503	-0.09207800	-0.09206667	-0.09035968	-0.03756263	-0.11892650	-0.05065267	0.04689270	0.08460422	0.08319945	0.04647844	0.01946064	-0.00419075	-0.18557122	-0.05511510	-0.06462522	0.06006806	-0.06976033	-0.05689898	-0.07043084	-0.16222753	-0.00886194	-0.05017850	-0.10468315	0.02020221	-0.03670825	-0.09627923	-0.12838993	-0.05495230	0.03775254	-0.03751298	0.01932699	0.05247252	0.05686440	-0.00968938	-0.10513483	-0.10393573	-0.13000379	-0.09223422	-0.17728461	-0.04073129	-0.19533344	-0.20137812	-0.09426170	-0.17240746	-0.24668727	-0.23903178	-0.17484036	0.01180353	-0.06051480	-0.14255575	0.06872410	0.07395724	0.09891093	0.01531375	-0.06060467	-0.04696294	0.05223157	0.13449396	-0.10906988	-0.09593374	0.02700770	-0.07925888	-0.10086869	-0.06867272	-0.11845513	-0.15264693	-0.08795944	-0.23235338	-0.15275670	-0.09235465	-0.03426840	-0.03376393	-0.13172143	0.03714634	-0.10958714	-0.00352736	-0.05281733	-0.10747477	0.00007432	-0.01573378	0.16683931	0.05631616	-0.16276815	-0.09167429	-0.08863586	-0.04759945	0.03485294	-0.02789144	-0.16196258	-0.13173345	-0.13171149	-0.00414210	-0.04306627	0.05542256	-0.07797301	-0.14577273	-0.02524546	0.07146252	0.00772350	-0.01800830	0.02015978	-0.00990596	-0.20558408	-0.16387165	-0.13871179	-0.16658428	0.01235054	-0.09593227	-0.14910898	-0.17520504	-0.12144813	-0.05191390	-0.12511476	-0.10775186	-0.14256647	-0.11411513	-0.21484714	-0.12811056	0.03286074	-0.19957961	-0.15478254	-0.09951854	0.01348588	-0.13621776	-0.12147643	-0.05364621	-0.10849238	-0.00694817	-0.03438498	0.00440429	-0.01775233	-0.20373038	-0.01081724	-0.04020156	0.00544166	-0.12244966	0.02382872	-0.08335113	0.12197791	-0.01448113	0.04069035	0.15319319	0.21807779	0.08984497	-0.07800865	0.22044191	0.05791931	0.07582124	-0.10350442	0.08596546	0.10418519	0.05568407	0.02838520	0.08093867	0.07583551	0.04898495	-0.08764389	0.04093238	-0.09978639	0.13525571	-0.05861187	0.06053837	0.13531269	0.05431570	0.07252358	-0.03852251	0.03431741	0.05724022	0.00304415	0.14451885	0.00395755	0.01473351	-0.06128750	0.14613793	0.00857383	-0.05862515	0.06191999	0.02990266	-0.01501868	0.00556029	-0.08074351	0.08313419	0.08652747	0.11723292	-0.04487191	-0.06160630	0.03528460	0.02010910	0.06225624	-0.09590133	0.01168468	-0.00487279	0.02155767	0.00397936	0.02540857	-0.00822072	-0.11179680	-0.09884557	0.11332267	-0.06067877	0.01422181	-0.00187110	0.12897640	-0.06417446	-0.00738576	-0.05002458	0.04132604	0.01025424	0.05585015	-0.00635783	0.01991676	0.00896201	-0.12296655	-0.11134148	-0.10550210	-0.04876492	-0.07950771	-0.16258293	0.04819276	0.13766740	-0.03752115	-0.07655082	0.06620066	-0.02080915	0.26087103	0.11476154	0.16513067	0.17587433	-0.00741405	0.89953064	0.16771204	0.10761559	0.03066642	0.00761692	0.19185782	0.15439946	0.14220889	0.08281246	-0.00432605	0.08114772	0.16684448	-0.03240859	0.14150548	0.11131770	0.00267381	0.22660652	0.15687821	0.17441597	0.03757412	0.08006354	-0.08229796	-0.01194640	0.12773989	0.01741012	0.03641281	-0.06217093	-0.10068903	-0.02380229	0.02066795	-0.02279671	-0.02107302	-0.12591372	-0.05713126	0.05307810	-0.11567143	0.03652985	-0.10898822	-0.04836150	-0.08266984	-0.03998634	0.12001954	0.00709351	-0.05827694	0.04478274	-0.03576336	-0.09520226	0.08899240	-0.06659317	-0.13546526	-0.07585618	-0.14410343	-0.14848581	-0.08616723	-0.05772020	-0.13649700	-0.07929020	-0.03001544	-0.05853254
THA-VA-lh	0.13635928	0.07692605	0.04600036	0.07896955	-0.03389401	0.04460723	0.08685487	0.07285817	0.19280061	0.12984867	0.05068372	0.11761569	0.06442354	0.14740977	0.11935020	-0.03551234	0.04307662	0.09666282	-0.06457593	0.14199978	-0.05376039	0.06062164	-0.03191117	0.02464587	0.25587355	0.04778960	0.13828770	0.21330840	0.20332066	0.12395292	0.31030085	0.20785014	0.15600236	0.29635863	0.23442454	0.13683209	0.05395605	0.14743184	0.25557312	0.12523420	0.18255714	0.28907810	0.10174947	0.11069433	0.06574619	0.08297324	0.07685029	0.05554189	0.00780461	0.10960119	-0.02495835	0.07524663	0.03045090	-0.15784868	-0.00999142	-0.18029245	0.05146545	0.12785514	0.26131687	0.09615375	0.13587360	0.13057065	0.07838394	0.06829851	0.24916585	0.14289685	0.04530441	0.12581098	0.17125467	0.09763712	0.06633758	0.08781640	-0.12374854	0.08217994	-0.05330663	0.06345692	0.15326735	0.17437612	-0.00657142	0.03278052	0.00269837	0.13485894	0.11429587	0.05800148	0.20308286	0.06203960	0.07283920	-0.09741438	0.01140952	-0.00053176	0.23495590	0.18530227	0.15083315	0.15565212	0.17311639	0.07486453	0.11129852	0.18247524	0.34807005	0.17661599	-0.04307480	0.08791764	-0.11562729	0.19303397	0.36813449	0.16952105	0.01919809	0.30641092	0.09342700	0.31876510	0.10181739	0.18119642	0.09736621	0.07175542	0.08852794	0.00961323	-0.25101180	0.01765675	0.06074960	-0.01076348	0.00407244	0.28886892	-0.05829468	0.17534832	0.04305481	0.02487305	0.06435557	0.19125606	-0.05101734	0.11414714	0.21442175	0.11251550	0.18301658	0.17351981	0.09430041	0.10213001	0.07402465	0.05935035	0.08591124	0.19771903	0.15678869	0.11267338	0.28938127	-0.01616861	0.01466879	0.05942747	-0.03026722	0.11939626	0.20935338	0.07541232	0.03616532	0.04433190	0.14529686	0.16259605	0.11511093	0.13056524	0.06080794	0.25508130	0.17291384	0.18313345	0.20150025	0.13526685	0.17403726	0.17608769	0.08499817	0.22512861	0.20338507	0.08985748	0.08770898	0.20095410	0.15724881	0.30590186	0.23679708	0.16722962	0.26984030	0.12589615	0.12228175	0.09751517	0.03788488	0.20927966	0.07373907	0.19017678	0.33228793	0.14381759	0.30601634	0.33336710	0.29566296	0.04215641	0.10815245	0.21707736	0.09267548	0.14066466	0.11355236	-0.06517652	0.19316105	0.14891395	0.12768278	0.10024866	0.01552680	0.03231672	0.26540039	0.12051242	0.12549835	0.22271543	0.01027509	-0.02340742	0.20226557	0.18542706	0.19174248	0.20289646	0.09792077	0.12109297	0.18937592	0.11583002	0.08746143	0.10675906	0.00087812	0.02836542	0.16368215	0.04050047	-0.01706676	0.03725480	-0.00573937	-0.04025935	-0.07270536	0.03952917	0.17663781	0.15202694	0.24717222	0.15995959	0.25900881	0.21478786	0.24391431	0.24586008	0.07708595	0.04520037	0.20398457	0.25098538	0.16707028	0.05808627	0.13537218	0.14142106	0.15879622	0.04193557	0.05808898	0.08423759	0.03507061	0.21587807	-0.07825987	0.13254170	0.13291892	0.06833782	0.08435531	0.00718215	0.13125635	0.03557117	0.09384291	0.14753789	0.17740031	0.16279709	0.03874659	0.15229336	0.10052331	0.11223879	0.06553500	0.15848355	0.03121935	0.15431198	0.09629187	0.05121684	-0.03298480	-0.06295956	-0.06521202	0.02444700	-0.05647761	0.03927248	-0.02212130	0.14518428	-0.04183753	0.01702217	0.08778829	-0.01626255	0.00607994	-0.03273645	-0.12562424	-0.07518304	-0.11796006	0.10311557	0.20415818	0.02911278	0.04758717	-0.08738013	-0.02735886	0.05597670	-0.09424994	0.08574331	0.06047838	0.08409612	0.03413640	-0.02761136	0.10686882	0.13561722	0.06399095	-0.16217633	0.00790405	-0.07496763	0.02066243	-0.01220803	0.17790030	0.05879739	0.21704495	0.28247729	0.00872662	0.13707232	0.03844267	0.04814655	0.17215567	-0.02345166	0.05773964	0.08127161	-0.05881940	0.18431171	-0.06948398	0.08263692	0.08356763	-0.09841501	-0.02468591	0.04271763	0.16852467	0.16324015	0.15768225	0.06646855	0.04575809	0.17490511	0.16061484	0.19534834	0.10139159	-0.01775900	0.02390421	-0.13955588	-0.04234669	0.03283131	0.03843821	0.07584102	0.11134396	0.18287321	0.10043656	-0.00026934	0.10797836	0.10806519	0.03940832	0.00780595	0.21309635	0.11545753	-0.08109865	0.14280209	0.18434292	0.20494765	0.13884160	0.06110490	0.26137848	0.15299342	0.21120491	0.20573429	0.11243073	0.13433141	0.06071513	0.19845621	0.08036672	0.19537540	0.22813392	0.07802555	0.18942549	0.20085658	0.15956182	0.13372957	0.12527079	-0.00644457	0.26270396	0.08266301	0.08082854	0.22648894	0.21137064	0.07983940	0.06432059	0.03397784	0.18221529	0.12893147	0.13321383	0.11988131	0.11540632	0.07657820	0.03121652	0.05810196	0.16396472	0.11140918	0.07524706	0.03368751	0.13827140	-0.04754793	0.15844217	0.12017786	0.07846834	0.04994814	0.22216251	0.16771204	0.90862314	0.32370454	0.17000524	0.19423537	0.19206543	0.19800220	0.16860315	0.17284721	0.38683139	0.33594484	0.06212840	-0.05516580	0.05737488	0.22769174	0.14172768	0.13341000	0.33786553	0.32746763	0.27028826	0.17882190	0.02078833	0.17672364	0.24971650	0.15664746	0.27033247	0.31526999	0.16306541	0.02459063	0.15132284	0.00408353	0.01439554	0.05704984	0.07428135	0.07450206	0.02039499	0.16082176	0.05598410	0.11076941	0.11579050	0.14616166	0.18282039	0.11956168	0.16154980	0.21183892	0.26523944	0.06391356	0.16514453	0.27764135	0.03907498	0.11118966	0.09141276	0.11027872	0.24830886	0.10442980	0.24907670	0.19362916	0.16322655	0.07174611
THA-DA-lh	-0.05980273	-0.01754150	-0.02242812	-0.05265010	-0.05729823	-0.04263681	-0.04634328	0.10822028	0.01097120	-0.01514904	-0.03662301	0.07301292	0.08911762	0.07031005	-0.09482736	0.03955106	0.18330304	-0.12800347	0.00217268	0.16833160	-0.12997082	-0.00096245	0.01189201	0.11435294	0.32689767	0.13224956	0.11555074	0.31521745	0.22832680	0.16555155	0.37860186	0.35973221	0.35576061	0.48043535	0.26216161	0.16988387	0.19014931	-0.01330913	0.17357692	0.29606156	0.17984879	0.16019115	0.19675499	0.12328719	0.10071655	0.05637003	0.09016356	0.12021937	-0.00081957	0.21338174	0.29088353	0.17628320	0.19259266	0.03265772	0.16263250	-0.07019695	0.15103549	0.29636787	0.15723908	-0.02296056	0.14435188	-0.06208458	0.03255569	0.25969022	0.03754441	0.03327120	0.08818692	0.16043171	0.22748300	0.19915850	0.10777278	0.13256894	0.15972169	0.12503913	0.23412819	0.31486174	0.36126291	0.24523576	0.06873717	0.00519161	-0.04020268	0.10740817	0.10714186	0.14800956	0.29755713	0.10766034	-0.15400894	0.07375863	0.21885224	-0.01429079	0.33193305	0.25414319	0.19237797	0.05877919	0.45311816	0.19047596	0.05994798	0.35001164	0.18561140	0.10741775	0.11185396	0.22467688	0.14360515	0.02779583	0.03916081	0.29514324	0.10593807	0.14092819	0.02478842	0.17754641	0.00747405	0.02492026	-0.13822154	0.04937824	0.08199912	0.03046465	-0.15607095	0.00583186	0.09201279	-0.01185974	0.09143891	0.22533523	0.04709734	0.12820966	0.25117689	0.06345604	0.07458353	0.08346382	0.08556478	0.25149265	-0.05725692	-0.03208540	0.27771906	0.03272183	-0.00715410	0.03449963	0.04081397	0.15185626	-0.02201729	-0.02766731	-0.00507082	0.08568873	0.01515722	0.00955721	0.05300509	0.00065480	0.09284830	0.07685463	-0.10837777	-0.11162485	-0.11334699	-0.01256235	-0.13519758	-0.07103454	-0.11203129	-0.03446156	0.02261143	0.20006989	-0.08310074	-0.11499588	-0.06401731	-0.07602125	-0.06398775	-0.06818108	0.01019867	0.01084232	0.01076976	-0.08941079	-0.06743656	-0.09416375	-0.09846788	-0.03833241	0.03876801	-0.04541121	0.00104407	-0.03216798	0.04229814	0.00479458	0.01594000	0.14722909	0.02164746	-0.01702870	0.13986649	0.02947406	-0.03070404	0.04237722	0.02039499	0.01543274	0.02982340	-0.04489016	-0.11082056	-0.01008478	-0.05993784	0.05994136	0.03035702	0.04534777	-0.08652449	-0.06767522	0.06221439	-0.12807650	0.13677641	-0.09417260	-0.07336276	-0.03821294	-0.26019315	0.02357599	-0.04325589	0.05140802	-0.01874627	0.08945643	-0.04273733	-0.07561893	0.05341529	0.11399772	0.00085015	0.08584506	0.03784046	-0.10756650	0.09846901	0.10646813	-0.13773525	0.15499109	-0.04462801	0.10583522	0.01951525	0.18334288	0.32562061	0.29432733	0.32013150	0.33072514	0.23192497	0.27471806	0.33122079	0.41776395	0.18703167	-0.02185114	0.07437998	0.06737132	0.01165635	0.14655913	0.08387122	0.16679048	0.14060135	0.20140559	0.18137117	0.13988167	0.04488192	0.15624382	0.10868758	0.16603057	0.19730661	0.15240447	0.12541149	0.14355975	0.22792665	0.17886643	0.26096457	0.21838904	0.15095823	-0.01444566	-0.14694401	0.13317620	0.01174594	-0.01900974	-0.00498553	0.16665182	0.05439932	0.07271381	0.04948143	0.11674186	0.02950140	0.05293521	-0.02244576	0.08229061	0.10356759	0.17737423	0.16907245	0.28094807	0.04136295	-0.02736608	-0.04414439	0.09693047	0.12898766	0.20903812	0.10431964	0.08820217	0.15227466	0.04923776	0.10811297	0.24527680	0.10155449	0.14991033	0.23413415	0.13988966	0.04118138	0.26418219	0.04386661	0.19995311	0.19729178	0.15059384	0.24140756	0.22875143	0.16672834	0.00350363	0.11959191	0.07773641	0.08026566	0.10000121	0.17876366	0.16579049	0.06261778	0.32564218	0.02365277	0.12264066	-0.04765457	0.00905531	0.03077274	-0.15966161	0.07452943	0.02296855	0.16387774	0.06543907	-0.02000884	-0.06252947	0.11151713	0.13503390	-0.03468691	0.18862066	0.04604572	0.10449340	0.00110021	0.05144575	0.09660386	0.06431710	0.18714257	0.06113225	0.10416868	-0.13268162	-0.03721953	0.04691750	-0.09536805	0.15041664	0.05082952	-0.01394506	0.06941902	-0.01803839	-0.02176131	0.07511223	0.04352505	-0.00866466	-0.02455994	0.02110846	-0.05744619	-0.03465945	-0.04520623	0.02187110	0.17870495	-0.01527844	-0.01183656	-0.00654609	0.09358821	0.00569158	-0.05624658	-0.07110411	0.01114112	0.14318511	-0.04804511	0.00677807	-0.06162259	0.02933453	-0.02238376	-0.00787338	0.02908097	0.04520917	-0.04878940	0.12299658	0.13500845	0.06514212	0.13679321	0.10444339	0.16393849	0.07849642	0.10673611	0.15513144	0.02296224	-0.02567454	-0.01890673	-0.07007975	0.00831509	0.04962291	0.10585585	0.11334581	0.17765691	0.08731894	0.11948826	0.17153005	-0.08343111	0.15485962	-0.03909764	-0.02938445	-0.06499134	0.07229346	0.06343507	0.12066987	0.22371376	0.10761559	0.32370454	0.89882824	0.09789354	0.15084291	0.17154577	0.06844286	0.20843581	0.20812314	0.28057251	0.28177187	0.04326068	-0.02381354	-0.00259113	0.17454272	0.24539245	0.14092618	0.19043070	0.31362267	0.16542625	0.26414566	0.02669040	0.12300114	0.26673108	0.25160610	0.16851075	0.26892093	0.09473642	0.05393767	0.23798533	0.07980647	-0.02305021	0.04428535	0.08241321	0.03498060	-0.09687733	0.08866944	-0.03186457	0.01209344	-0.03131793	0.01376661	-0.00136073	-0.06050158	0.11223033	0.21246226	0.34466503	-0.02156893	0.11556332	0.29092954	0.09419765	0.06811517	-0.05208402	0.08083452	0.07983151	-0.06897036	0.03770601	0.02136011	-0.02970015	-0.07681358
NAc-shell-lh	0.20498997	0.08178707	0.17324344	0.14371307	-0.01765849	0.09498925	0.28715134	0.11227659	0.09940821	0.12288005	-0.00133335	0.07690122	0.05376549	0.16928093	0.06642496	-0.09096070	0.07592258	0.01811047	-0.07864931	0.06325573	-0.09141681	-0.05163303	-0.07278271	0.00388625	0.07453400	0.09865481	0.14569029	0.10992414	0.17372442	-0.00554350	0.12080504	0.12594125	0.09879850	0.20655132	0.14665813	0.07899855	-0.14358690	0.14644173	0.16771056	0.11727014	0.01029494	0.09978231	0.00674935	0.23316662	0.10507552	0.06451409	0.27712578	0.18058820	0.07959239	0.10893292	0.17540745	0.15131912	-0.01075666	-0.06078010	0.03022769	0.10704713	0.10711205	0.06436808	0.14160088	0.17255162	0.14721427	0.23423933	0.11090141	0.11844699	0.09049723	0.03651540	-0.00510723	0.01300538	0.02187158	-0.07685187	0.05483270	0.00848466	-0.03747295	0.10751382	0.02111116	0.03957209	0.04440065	-0.02744800	0.09910408	0.00821337	0.08918895	0.11659641	0.07448341	-0.05844764	0.00189428	-0.02872428	0.08710855	-0.03781289	0.14328460	0.00763136	0.16991142	0.06289492	0.07781372	-0.00559372	0.14331555	-0.06117838	0.11372258	0.03757708	0.13393562	0.14838239	0.09370884	0.00932443	0.04830511	0.19028548	0.19151000	0.00607550	0.09080960	0.09483617	0.06740301	0.12969435	0.12855732	0.12993965	0.23048505	0.06992432	0.01941539	0.02543265	-0.04344116	0.11292057	0.05114366	0.05774480	0.04687262	0.09953275	0.03548644	0.05563261	0.03608905	0.01285139	0.13592394	0.07184272	-0.01680124	0.05984692	-0.00714890	0.02629414	0.11871795	0.18950531	0.13793198	0.11766557	0.08260541	-0.08262526	0.23595319	0.10786321	0.14511359	0.08667875	0.10969162	-0.06402516	-0.02611527	0.06895026	-0.05749513	-0.00614350	0.14764314	0.08587164	0.03285580	0.02154075	0.07776673	0.05725494	0.06872244	0.03957142	0.05021968	0.18218508	0.11617864	0.10213629	0.16398715	0.06187426	0.14068846	0.08410437	0.19006834	0.15622847	0.20180132	0.27020083	0.09832193	0.09706870	0.17832366	0.10896070	0.23628961	0.15690571	0.28976685	0.21098251	0.09491902	0.15967437	0.07129517	0.17767601	-0.00516656	0.05280267	0.07729266	0.22240054	0.15161536	0.11956874	0.06164817	0.08211361	0.04931006	0.02863675	0.00329039	0.04181296	-0.02946816	-0.04740191	0.11740898	0.15471419	0.11916732	0.09232468	0.08636606	0.04537861	0.20121757	0.15855686	0.07784447	0.25750021	0.21742349	0.10418900	0.22859421	0.13344426	0.23112116	0.16107868	0.07681410	0.10724838	0.08743717	0.09708371	0.08270278	-0.00738743	-0.06202034	-0.02595630	0.10326377	0.03090029	-0.11645783	0.04167367	-0.10648555	0.14424660	0.08159298	0.06384449	0.06915053	-0.05617861	0.19466122	0.09040600	0.04522058	0.02073855	0.13910687	0.06842975	-0.01158036	0.02892880	0.12918734	0.01857473	-0.03675046	-0.05654008	0.11750422	0.08831051	0.13625130	0.09843186	0.09260289	-0.00765680	0.09357112	0.14087319	-0.02199506	0.14639212	0.00678834	-0.00257415	0.02801227	-0.01584416	0.04301099	0.01811510	0.08574601	0.05076202	0.04382640	0.09123645	0.01757757	0.15434871	0.18992972	-0.04588134	0.01497078	0.10994992	-0.00649952	-0.02568257	-0.07812415	-0.03640733	-0.10904568	-0.10316166	-0.04778208	0.10261133	-0.07720783	-0.10935088	-0.03550065	-0.07838539	-0.08044518	-0.05302252	0.08212574	-0.03625527	-0.05456932	0.02724199	-0.08984386	-0.07518997	-0.10583615	-0.02174992	-0.00590101	0.02422996	0.00111028	-0.11574065	0.00404175	-0.02449535	-0.04648202	0.01153410	-0.05268625	-0.08589967	-0.08180713	-0.05511365	-0.00615535	0.13269035	0.07730188	-0.01614284	-0.01673520	-0.01242580	0.13670035	0.13759736	0.17503996	0.08233287	0.16025226	0.18010182	0.19060268	0.20230594	0.11528954	-0.11414266	0.16985863	0.16106653	0.14484455	0.09954953	0.11396798	0.09003735	0.03896368	0.00412899	0.01559982	-0.07833934	0.01566673	-0.03053338	0.14649504	0.09345922	0.02533078	0.00236470	-0.03878076	0.02258126	0.12370166	0.19542996	0.11093171	0.08154671	0.03794971	-0.05320178	-0.03221551	0.09963991	0.03399853	0.08201055	0.20042657	0.10745711	0.04934534	-0.02619191	0.09579408	0.12734913	0.04862638	-0.00171030	0.12445875	0.07400912	-0.07543075	0.09164298	0.11960935	0.25917703	0.21212551	0.15478714	0.23200608	0.16339889	0.14627180	0.12929270	0.10588979	0.14282013	0.05678006	0.23205451	0.21526615	0.20109457	0.22172199	0.16885326	0.17912471	0.17324131	0.25829454	0.16408342	0.17590043	0.15680650	0.25742509	0.02994773	0.09992215	0.06910628	0.18611251	0.05844378	0.03364126	0.03211009	-0.02352456	-0.04803023	0.07703279	-0.11289262	0.07724561	0.03397572	0.04520715	0.11943482	0.07974915	0.18261192	0.13296273	0.09508884	0.21868431	0.07945149	-0.06598472	0.10531581	0.02155723	-0.02460455	0.01125285	0.03066642	0.17000524	0.09789354	1.00032862	0.28117911	0.11900372	-0.06695389	0.21755248	0.03215550	0.18151697	0.25728616	-0.09587072	-0.04464741	-0.00868022	0.15656520	0.01543082	-0.26311996	0.02105442	-0.10130795	0.44027394	0.38081927	-0.07131914	-0.00030246	0.21978639	-0.02143148	0.15037939	0.19931677	0.21641033	0.10871955	0.12482083	-0.00473003	-0.01697824	0.09433808	0.01190196	-0.04073893	0.03351505	0.18326813	0.15325014	0.18513227	0.14693351	0.23433138	0.24014369	0.25181856	0.20855433	0.02447463	0.15264530	-0.11510149	-0.00235028	0.17232999	0.08743805	0.06982295	0.04727969	0.24722530	0.12992921	0.21246304	0.21649696	0.25162569	0.28611543	0.19082947
NAc-core-lh	0.08048488	-0.02953374	0.03524192	-0.00464671	-0.03982300	0.04264598	0.08763909	0.02160760	0.05661713	0.01171354	0.04069720	0.09326667	0.09448604	0.08968299	-0.03627533	-0.11898815	0.09218537	-0.02315209	-0.01964006	0.08948173	-0.06141516	-0.03598169	-0.04474393	0.00199048	0.05588446	-0.01086568	0.17338766	0.23454640	0.17935201	0.06368275	0.08363220	0.18765913	0.20703953	0.22066378	0.18086000	0.06817899	0.01250967	-0.00558587	0.09999085	0.18930042	0.01400359	0.04199484	0.06639569	0.05598556	0.00416723	-0.02520023	0.09644475	-0.00177854	0.03825812	0.05413081	0.09240916	0.21587327	0.04517556	-0.06922427	0.09162793	-0.06551467	0.04686009	0.20905041	0.09876850	0.09692729	0.10201527	0.01549003	0.03156421	-0.02598035	0.16719150	0.10323869	0.06992493	0.05676277	0.08574094	0.03414714	0.05357853	0.02868373	-0.01182555	-0.01327380	0.00983381	0.02906685	0.14200624	0.03297810	-0.01704636	-0.08879728	-0.03525142	0.06924749	-0.05818322	-0.05153243	0.05801002	-0.07467934	0.00992438	0.04118135	0.08107882	-0.03442718	0.12990743	0.08861934	0.07010632	-0.03458132	0.21683402	0.06628734	0.01780642	0.09187126	0.11022680	0.15298688	0.14592823	0.15231712	0.06090209	0.07152886	0.17234177	0.12341525	0.18469816	0.19618915	0.02748052	0.14412619	0.09857770	0.02620547	0.06837822	-0.03243597	-0.02113170	0.01500048	-0.12580818	-0.01830244	-0.07199752	0.00253680	-0.04643505	0.15625780	0.05885023	0.05367758	0.05763066	0.02079994	-0.02425578	0.05487043	0.08253346	0.03557145	0.00485840	0.07528616	0.19730892	0.05242413	-0.02605332	0.05227393	0.01885543	-0.00341492	-0.00431743	0.05540880	0.11983740	0.16437899	0.03210425	0.05569920	0.00035130	-0.07442765	0.04523776	0.12984638	0.03391465	-0.06133350	-0.06258748	-0.08683752	-0.01112197	-0.02804318	-0.05155657	0.05454373	0.06552427	0.06768244	-0.05579022	0.02330136	0.06972164	0.10142529	0.01386974	0.07068830	0.16474667	0.16077022	-0.00699078	-0.03217687	-0.02507082	-0.03386392	0.00977857	0.04771607	0.02265444	-0.06012011	0.06550932	0.02393592	0.02379889	-0.06344231	-0.01002348	0.12439973	-0.07160731	-0.02087951	0.07507309	0.05140511	-0.00585068	0.11901609	0.07149542	-0.05838752	0.05429237	0.06224681	-0.00612027	-0.04391900	-0.03702616	0.05559137	0.13795999	0.14005007	0.02803924	0.19152008	-0.05474255	-0.09648626	0.24674735	0.12039279	0.08715852	0.15179265	0.04685688	0.08185446	0.10838008	0.17513628	0.17599577	0.12789521	0.15047938	0.05236971	0.15597672	0.04773803	0.05643182	0.09326696	0.01688486	-0.03589456	0.01244065	-0.01814563	-0.08032457	0.03360441	-0.00858218	0.08901116	0.07043312	0.07277319	0.14810314	-0.03195691	0.21649250	0.12932049	0.11586048	0.05712327	0.16832638	0.09829044	-0.01809663	-0.10913735	0.01313680	-0.01450608	-0.01577489	0.07916957	0.00021258	-0.00765273	0.00728807	0.01843208	-0.02599300	-0.00269692	0.00591413	0.00698559	0.01926389	0.11490900	-0.02818665	0.05738133	0.05217018	-0.04565940	0.01911690	-0.02045497	0.05365785	0.02160452	0.11057577	0.09870821	0.04840426	0.10853692	0.00910001	-0.02183347	0.03442718	0.11375541	-0.07255606	-0.06094530	-0.11656378	-0.06033677	-0.14130957	-0.14780596	-0.06941877	0.01672849	-0.09890176	-0.07135473	-0.07915801	-0.03598649	-0.18139403	-0.18000227	-0.02401004	-0.13537971	-0.05750660	0.05609867	-0.04879620	-0.08742455	-0.04222696	0.01592788	0.02554115	0.00527715	-0.04978244	-0.00401142	0.00462648	-0.06530561	-0.07812106	0.03433257	-0.09024576	-0.02277995	-0.08679298	-0.10876642	-0.00679926	0.14548387	0.09450537	-0.01637793	0.00898047	0.07669140	0.11664693	0.12603756	0.22030788	0.14525066	0.19959096	0.26007627	0.02453272	0.09942907	0.04399700	0.03845266	0.15840594	-0.02369389	-0.00219292	-0.05225109	-0.00549809	0.02550837	-0.04092869	-0.06741346	0.00676324	0.00039112	-0.02005990	0.02060358	0.10629596	0.09340174	0.00240379	0.11578402	-0.08976869	0.06490352	0.10172350	0.07275018	0.06378823	0.06551365	0.06773024	-0.00998957	-0.05070624	0.07467255	0.14712340	0.13419854	0.11277449	0.09109669	0.13572277	0.07310826	0.18282462	0.14650489	0.04806108	0.09873566	-0.06480332	0.03405581	-0.20241089	0.09121311	0.16644485	0.15641323	0.12194880	0.09963422	0.10554448	0.08105296	0.00008489	-0.00486867	0.16316091	0.07632126	0.00771092	0.14650688	0.07861937	0.23179559	0.10565007	0.10617873	0.23785365	0.13466549	0.08625102	0.08493152	0.08761551	0.07990376	0.17438503	0.05709872	0.08644265	0.06443620	0.13447090	0.12939285	-0.02999230	-0.04763476	0.00168580	-0.06955112	0.12242564	-0.08348519	0.05676321	0.07723243	0.12996531	0.12488234	0.12681381	0.22892893	0.03504748	0.10690042	0.12365513	0.05142639	-0.10598023	0.08669222	-0.02196908	0.02451459	0.03873702	0.00761692	0.19423537	0.15084291	0.28117911	0.79221243	0.13557478	0.10910576	0.29936053	0.08697354	0.32360709	0.21348967	-0.14157671	-0.08333204	-0.02654100	0.07124216	0.01995581	-0.03147723	0.14863863	-0.00136928	0.38258304	0.37857803	-0.00600175	0.12598356	0.30950583	0.08492537	0.28207162	0.22904113	0.06672754	-0.03132768	0.13804446	-0.03214668	-0.00883601	-0.00827813	-0.06503067	-0.11184996	-0.06675493	-0.00303505	-0.03719080	0.05824865	0.03548405	0.06433209	0.11092376	0.00417665	0.10659575	0.07127619	0.19487095	-0.13067713	0.03816789	0.15898828	-0.08215623	0.14173367	-0.03323211	0.19531312	0.12509506	0.04108392	0.08058081	0.11624965	0.11492733	0.08222231
pGP-lh	0.01431958	-0.00223039	-0.03517945	-0.01451391	-0.04579754	0.10532197	0.06671835	0.08195766	0.11890737	0.04672205	0.07854661	0.00094411	0.10289013	-0.01205809	-0.06743263	0.05669408	0.04241362	0.02910942	-0.03788392	-0.05252018	-0.05132242	0.03595913	-0.06926112	0.08060043	0.08870425	0.02498422	0.05919655	0.02852254	0.11055635	0.05101388	0.10717139	0.07321506	0.05832062	0.12981912	0.14306098	-0.08254667	0.04112047	0.03849918	0.08836134	-0.00420876	0.04709854	0.14938225	-0.02884007	-0.06941625	0.01527297	0.00090992	0.03903768	0.15864664	-0.01873740	0.06687390	-0.03533894	0.00862434	-0.01146806	-0.21812024	-0.01877108	0.04853788	0.10025040	0.07612009	0.20310934	0.04137187	0.06557697	0.02244076	-0.01101229	0.00042665	0.03462369	-0.00564995	-0.09629791	-0.01451590	0.04070759	0.00059954	-0.10465103	-0.04948262	-0.24155341	-0.04830754	-0.24208709	-0.07284440	0.02435247	0.11588419	-0.05816609	-0.05821420	-0.00832541	-0.00525819	-0.17245376	-0.06603046	0.05198294	0.02749857	-0.05786444	-0.21278504	-0.05199128	0.11258660	0.04491592	0.07407499	0.05619977	-0.05374214	-0.01206738	-0.10989398	-0.05890684	0.03961056	-0.04362483	0.02988322	-0.16479696	-0.00394323	-0.17730797	0.09027750	0.05859732	0.20387808	-0.13554950	0.09780058	-0.17617337	0.06124503	-0.05798579	0.01157724	0.05837216	0.03204837	-0.03091571	0.02623865	-0.07814370	0.07251034	-0.03251387	-0.10859913	-0.08616949	0.07570093	-0.25194719	-0.11429897	-0.15013269	-0.26149387	-0.16266699	-0.09811255	-0.18323824	-0.10028926	0.06275753	-0.05122630	-0.06359589	0.00405316	-0.16614590	-0.04671259	-0.17559936	-0.16908114	0.13602346	-0.03892693	0.02414515	0.03049006	0.09691098	0.01946122	-0.02519360	0.00368695	-0.12344164	0.01652358	0.08273669	-0.11526828	-0.13600516	0.08220507	-0.00561832	-0.04327126	0.06745776	0.10949209	-0.02579047	0.13247738	0.15646870	-0.06529707	0.04186425	0.02680556	0.00519779	0.05777590	0.01546814	0.03019610	0.04868382	0.00750660	0.05843925	0.11911217	-0.03265128	0.11282509	0.11926901	0.13339750	0.12386416	0.11334465	0.08275595	0.07786408	0.02442276	0.09027077	0.09472968	0.12843470	0.19085307	-0.02644674	0.14600625	0.19431598	0.16967532	-0.17441883	-0.10569102	-0.04293283	-0.12772738	0.01121670	-0.00542524	-0.04317105	0.01522832	-0.07140812	0.05402223	-0.03119584	0.04049209	-0.06026430	0.11050087	-0.04115722	0.03536092	0.03911229	0.11118958	0.10005759	0.10020930	0.09506140	0.09664950	0.05489495	0.01080754	-0.01842514	0.05267075	0.05256042	0.05389563	0.04549562	-0.01815343	0.00430887	0.12028256	-0.00885996	-0.07750840	-0.11959611	-0.01703322	0.07308780	0.05091922	0.00924246	0.06896007	-0.03638985	0.07192208	0.10853960	0.09277606	0.14010357	0.16583084	0.14758900	-0.00638910	-0.02206606	0.13694475	0.23150635	0.17465690	0.03818027	0.06823113	0.05936103	0.09373036	-0.07055314	-0.07319478	0.01809394	-0.03895289	0.07193214	-0.09207738	0.28760544	-0.04557857	0.02717957	0.11138212	-0.02195068	0.06160115	-0.11154163	0.07483816	-0.01288193	0.03756556	0.04513297	-0.06104036	0.00589415	0.08394948	0.00024358	-0.11864292	-0.00504423	-0.03714579	-0.08522228	-0.10572415	-0.07460779	-0.03432717	-0.08749699	-0.09951075	0.11483455	-0.16830188	-0.16278980	-0.07327720	0.10916506	-0.11059701	-0.02080586	0.04422019	-0.09206990	-0.10798673	-0.12568462	-0.14446626	-0.10079101	-0.15223294	-0.14103741	0.08007631	-0.05955629	0.05605179	0.02604605	0.07664528	0.02824309	-0.05342279	0.12318513	-0.04302017	-0.08757834	-0.07972010	-0.09376948	0.05343737	0.04032012	0.11337363	-0.21451940	-0.14070559	-0.18168540	0.02430875	-0.07846296	0.16550238	-0.01065646	0.09297574	0.20392077	-0.06382564	0.02358941	-0.05583627	-0.03298647	-0.04040092	0.03508338	0.03527847	-0.02226467	-0.15969069	0.06362982	-0.05766580	-0.07485896	-0.12175031	-0.21918277	-0.23358227	-0.12456088	0.02587324	-0.02087775	0.00701893	0.03023936	-0.03631686	0.07079222	0.08646291	-0.01291303	-0.08439735	-0.04539174	-0.12429825	-0.24842026	-0.13773752	-0.09983385	-0.00768979	-0.02189810	0.00528444	0.03010950	-0.02367526	-0.08941257	0.05960909	-0.02215097	-0.04713501	-0.11644125	0.12570665	-0.06187681	-0.13735357	0.04529853	-0.08250966	0.07960377	0.05059235	-0.05058168	0.09797335	0.08169018	-0.00887924	0.10610442	-0.10846776	-0.09865072	0.02751932	-0.04119116	-0.05193474	0.06897733	0.06739939	0.06044618	-0.02002536	-0.01389854	0.08471261	0.03343869	0.09023529	0.00812883	0.14893077	0.01934572	0.03100703	0.19975705	0.13614653	0.13779418	-0.01970088	-0.10322243	-0.14442021	-0.08872058	-0.06218768	-0.10006510	0.04399822	0.05333702	0.06659442	-0.01361470	0.15128670	-0.08605811	0.03457448	0.02899194	0.08435992	-0.05202113	0.04113140	0.06383141	0.00325127	0.07791332	-0.01462392	0.19185782	0.19206543	0.17154577	0.11900372	0.13557478	1.00610991	0.03601473	0.09096669	0.12650398	0.06143426	0.07604329	-0.02227579	-0.13683070	0.04188590	0.01968135	0.07457224	-0.04590173	0.14174117	0.05345376	0.16100161	0.22111703	0.10642983	0.23302972	0.12739845	0.05684125	0.08379174	0.07415519	-0.00350772	-0.06112511	0.08698728	0.05128943	-0.22769225	-0.00880415	0.11497666	0.06457106	-0.09856033	-0.06786684	-0.08815715	-0.02346267	-0.02610736	0.04625036	0.03891461	-0.02682092	0.05288110	0.04273239	0.13456664	0.01476468	0.06670591	0.17774211	0.03722126	0.03048710	-0.11739050	0.01711552	0.11048704	0.02708555	-0.00822756	0.04285670	0.00668391	0.01870698
aGP-lh	0.01927249	0.01979024	-0.02111174	-0.00756094	0.05563527	0.10648568	0.03567710	0.06848110	0.20320802	0.06352508	-0.04426823	0.02679412	0.05935389	-0.09031958	-0.02130697	-0.03905924	-0.04042643	0.00022572	-0.18088442	0.01598178	-0.19948356	-0.19074418	-0.08532764	-0.12475492	0.13045277	-0.13899876	0.08596973	-0.00230656	0.16761423	-0.07696741	0.13726562	0.25240272	0.09606168	0.07571371	0.08691843	0.01941420	0.17515436	0.04950099	0.06183008	0.05451103	0.17474527	-0.02538638	0.10202956	-0.11435634	0.00217526	-0.04154826	-0.01786864	0.05750211	-0.01936171	0.10951558	0.00391894	0.06744156	0.02502026	-0.07492838	0.09050240	-0.13525658	0.21092667	0.19228083	0.16824648	-0.00502162	0.06091527	0.03256215	0.10481589	0.06117448	0.17649896	0.18517085	-0.01598078	-0.00515541	0.11550269	0.14978649	-0.08872323	-0.01629552	-0.08434957	0.08101164	0.00807666	0.02797064	0.06828817	0.02915025	-0.11797420	-0.10561656	-0.13136055	-0.02172894	0.02793669	0.04127438	0.13906938	-0.08228790	-0.01608283	-0.08356805	0.00230644	-0.07652015	0.15334217	0.18743260	0.00524650	0.09593915	0.14075061	-0.02061026	-0.03757961	0.14236241	0.11167243	0.00378545	-0.06543241	-0.00137584	-0.12731052	0.02298564	0.07645714	0.28329710	0.01311397	0.10540232	-0.00949444	0.02370602	0.03011226	-0.01249693	-0.05671868	0.14468702	0.06105507	0.04515786	0.01746323	-0.03923531	-0.07921859	-0.16290199	0.01014635	0.19286778	-0.00568447	0.00477721	0.05422442	-0.02385378	-0.10892860	-0.01694145	-0.09351735	0.07796967	0.03116446	0.04327505	0.05790415	-0.09504815	-0.09372761	-0.02493961	-0.06076924	-0.02801172	-0.13822802	-0.04653380	-0.09640258	-0.01905042	0.03768122	-0.03597729	-0.05407854	-0.04438464	0.02590043	0.01636787	0.00728141	-0.12802441	-0.04698881	-0.06267119	-0.06402643	-0.06921180	0.00655756	-0.02515414	-0.00147435	-0.03264208	0.08035601	-0.02504599	0.00373724	-0.03252200	0.03570379	0.06438331	-0.02669346	0.00916460	-0.04698786	-0.05167151	0.07163492	-0.00187906	-0.11552058	0.04452831	0.10665858	-0.01402200	0.00856041	-0.06100022	-0.06166939	-0.08331309	-0.11722346	-0.04010516	-0.02749057	-0.05083594	0.05121690	-0.14496504	-0.01675802	0.04827088	0.12528402	-0.02744266	-0.14626281	-0.10447990	-0.14877888	-0.09500937	-0.03459162	-0.02700962	-0.02542400	0.00131397	0.01618387	0.04751747	0.10609176	-0.04999675	0.06408383	0.01724537	0.01111363	0.04490812	0.04723396	0.03579959	0.09504936	0.21741514	0.24800581	0.11395384	-0.00216724	-0.05094998	0.11393290	-0.04956003	-0.09673369	0.00193283	-0.00728148	-0.12639312	0.03683574	-0.02649584	-0.18547695	-0.02065665	-0.08013192	-0.02820711	-0.08564371	-0.03180390	0.05021600	0.24462282	0.07561644	0.04011637	0.13479893	0.06932140	0.11483113	0.14311116	-0.03425165	-0.01216467	-0.09863179	0.00489316	0.02049626	0.05309988	-0.02058095	-0.07203014	-0.05470486	-0.12814652	-0.15123964	0.06239823	0.02016089	-0.05100265	0.03246002	0.12766807	-0.04091752	0.03447480	0.11636586	0.04796872	0.08807772	-0.01919193	0.18635075	0.15150728	0.00469882	-0.02392186	0.05029090	0.13188243	-0.00132702	-0.00879683	-0.02223931	0.11515626	-0.07365458	0.05974908	-0.03758629	0.03889763	-0.04074235	-0.05413817	-0.03032943	0.05007289	-0.09294251	-0.06057092	0.05349469	0.05273025	-0.09717804	-0.06623117	-0.04576652	-0.04595618	0.02728976	0.02737870	0.07045307	-0.03305381	-0.05165284	0.04771927	0.05681936	-0.07301594	-0.04006375	0.00919136	0.05504908	0.03082014	0.09247462	0.04199787	0.01577456	0.01423009	-0.00109091	-0.00410479	-0.08825437	0.07795775	0.05473481	-0.11091015	-0.04312098	0.00431730	-0.00499537	-0.02639832	0.08488302	0.05061822	0.15033140	0.09650754	-0.05193107	-0.08931554	0.02532195	0.09014890	0.07643692	0.09123716	-0.05132961	0.13860940	-0.05461149	0.07952926	-0.08410870	0.04154898	0.06420431	-0.04035453	0.02185833	0.06397790	0.04173169	-0.02278751	-0.05685111	-0.01189989	0.04482671	0.05429730	0.03299181	0.01578806	-0.01271263	-0.01866780	-0.07379996	-0.07149884	-0.07538878	0.00711887	-0.01474205	-0.02575525	-0.01980932	-0.10372867	0.02323045	-0.03212991	0.03875867	0.00431470	0.01775908	-0.02201919	0.05618765	0.01601177	0.00418062	0.03676335	0.01957432	0.06036130	-0.01858688	-0.05570415	0.02038108	0.02032977	0.05506139	0.05855966	-0.01296456	-0.00914174	0.06536213	0.01577310	-0.07260337	0.05766031	0.09326493	0.05929259	-0.00820490	0.02006678	-0.06123077	-0.00037054	0.05011243	-0.08755054	0.11722116	-0.05222694	-0.06182424	0.04584908	0.02578442	0.08280436	-0.00468442	-0.00812424	-0.08039545	-0.10592332	-0.07068102	-0.04981093	0.02295022	0.16364270	0.09695196	-0.01293905	0.18029895	0.13674027	0.01514962	0.18868083	-0.01896165	-0.07461274	0.10327195	-0.00235611	-0.02144546	-0.01015816	0.05770093	0.15439946	0.19800220	0.06844286	-0.06695389	0.10910576	0.03601473	0.93728380	0.20296372	0.03064434	0.10371727	0.04854874	0.00772687	-0.09510380	0.11751623	-0.05089741	0.00459466	0.22455617	0.23857040	0.12751365	0.09328842	0.05811735	0.04971376	0.09491738	0.20668871	-0.01469982	0.11956164	0.00143450	-0.04589950	-0.01317822	0.09853717	0.05334697	0.06577169	-0.03856702	-0.12207308	0.09814916	-0.04762714	0.04422500	-0.04248612	-0.00058404	0.02606383	0.01093248	0.15716147	0.03071836	0.01626080	0.07355253	0.20285518	0.03495791	-0.00710784	0.10248712	-0.12662415	0.04030790	0.02481916	-0.11727297	0.04405040	-0.02737872	0.01038832	0.07839491	0.10990966	0.07939561
aPUT-lh	0.11421626	-0.02202771	0.18372787	0.06162253	-0.08695115	0.04668899	0.06895497	0.10963219	0.09408991	0.08382023	0.03102633	0.11760309	-0.03218811	0.03190806	-0.05831563	-0.13899743	-0.07307760	-0.12377568	-0.21625989	-0.01573797	-0.23327349	-0.14204854	-0.18725614	-0.10356910	0.25879058	0.05072234	0.24034068	0.20211614	0.27031810	0.09925319	0.23001967	0.33464529	0.28097372	0.31496124	0.18542668	0.19427937	0.12201867	0.09988637	0.21744260	0.23887072	0.07629282	0.02316244	0.11756858	0.18949977	0.09971486	-0.08269304	0.10667119	0.06396723	0.06101434	0.19772679	0.23337928	0.25773190	0.12478927	-0.04720467	0.18336770	-0.00346937	0.19068997	0.32718960	0.21372111	-0.03966720	0.01708103	-0.01883937	0.06671562	0.19490890	0.12747959	0.14753128	0.17177141	0.18957426	0.15515934	0.21583142	0.21543020	0.11618235	0.01634793	0.07528504	0.08200095	0.23793258	0.27311791	0.09171905	-0.00594863	-0.11972501	-0.10292209	0.18879023	0.13104205	-0.04330613	0.20119627	-0.04214039	-0.06295068	0.02838232	0.18785307	-0.02608217	0.18334477	0.08823258	0.14749139	-0.03004808	0.40690554	0.16822203	0.08993683	0.34922484	0.22652224	0.05476304	0.10248220	0.04933083	0.08580204	0.14258717	0.01548144	0.19333487	0.08543891	0.04521838	0.06769275	0.21205934	0.15796872	0.07643720	0.09345897	0.13175456	0.10530353	0.11191261	-0.09379192	0.11760297	0.11057868	-0.05200440	0.10805679	0.19009730	0.03860319	0.16297734	0.15009739	0.14541108	0.01926613	0.09055769	0.08269848	0.15467706	0.06607209	0.02495259	0.21398971	0.09415782	0.01073860	0.10955870	0.00061055	0.13389928	-0.03711595	0.08937975	0.09267477	0.00276814	0.04857300	0.02621678	0.03550610	0.05619925	0.02718293	0.02183960	-0.03238714	-0.05477210	-0.11987399	-0.16698359	-0.05676708	-0.04784468	0.03902015	-0.02297457	-0.03449903	0.15341472	0.00600127	0.02252981	0.10603937	0.03857416	0.06954802	-0.00368276	0.16236050	-0.01358225	0.12170261	0.07805195	0.08920004	0.04242278	-0.03141174	-0.01487355	0.11435150	-0.08627570	0.09358705	0.05062473	-0.07957324	-0.06428437	-0.05044388	0.03220610	-0.05999853	-0.03952388	0.08846898	0.05305868	0.05880417	0.06375199	0.00231746	0.09440328	-0.05114964	-0.02307647	-0.08993111	-0.05081229	-0.11416625	0.01478594	0.02995578	0.04325413	-0.09134634	0.02529134	0.01644488	-0.07526033	0.19290546	0.05438691	-0.02459827	0.14887609	0.11637160	0.08442591	0.09972229	0.09586431	0.12135432	0.19023098	0.04064677	0.04893848	0.03730312	0.05092122	-0.06452068	-0.03925030	-0.10526408	-0.19365430	0.00785939	-0.07532338	-0.20358697	-0.01260431	-0.06079260	0.04985482	0.13086253	0.29862614	0.19920081	0.24144715	0.31110469	0.22676668	0.15876290	0.13289724	0.25349716	0.32156783	0.13656733	-0.06904349	0.01169989	0.02386065	-0.03941674	-0.03631182	0.11065842	0.07310363	0.08427735	0.16122661	0.05810468	0.10524204	0.03019928	0.09454364	0.24020670	0.02675202	0.11050618	0.10530939	0.21339836	0.09404309	0.10248370	0.02166130	0.34679919	0.24624988	-0.00719819	0.06728495	0.00614870	0.28230954	0.12666307	-0.00523885	0.10101746	0.11754211	0.08146911	0.11132375	0.11084460	0.11292733	-0.05905097	0.02278912	0.05202516	0.04481954	-0.05594151	0.05317879	0.11395887	0.08051984	-0.02514635	-0.20122829	-0.11919330	0.07588416	0.16879015	0.25037727	0.15536067	-0.00070284	-0.00695726	0.01068583	0.10097507	0.12933235	-0.06036369	0.00614160	0.02725351	0.09820517	0.05010219	0.11692661	-0.04220883	0.14712938	0.07317049	0.09762248	0.15689118	0.18386003	0.07995156	0.01391383	0.03748763	0.10767058	-0.00512801	0.10547271	0.12497134	0.12818765	-0.03946680	0.11034197	0.17017205	0.13207794	0.13369235	0.00257027	0.21363019	0.00404140	0.14980641	0.11504421	0.04944081	0.08325181	0.01450143	-0.11326047	0.12058633	0.05608051	0.01960748	0.20832212	0.02929398	0.16512223	0.02046782	0.05461295	-0.08843099	0.01324485	0.06847653	0.11858410	0.14893072	-0.00480486	0.02816760	0.06354960	-0.14705085	0.14451871	0.07626050	0.09042551	0.13214312	0.14130810	0.03217372	0.10721078	0.08801413	0.09835419	-0.03432806	0.03360155	0.02868995	0.00439746	0.01713273	-0.00582519	0.02699467	0.09538105	0.04587013	0.07624585	0.10579349	0.04528528	0.07427802	0.11596226	0.04008841	-0.01878050	-0.08317478	0.15361113	0.20352873	0.04397962	0.14577285	0.05719364	-0.03411436	0.11669592	0.11589291	0.02791930	0.13850424	0.07403079	0.12826982	-0.00439616	-0.00018048	-0.03531514	0.13266973	0.18271331	0.07861743	0.07095503	-0.11069463	-0.06545683	-0.03194509	-0.11719060	0.06101158	0.15084834	0.08921930	0.16619363	0.07775992	0.12056413	-0.02243323	0.21790852	-0.00754087	-0.06668121	-0.06671180	-0.07338002	0.06032271	0.03108703	0.02752418	0.14220889	0.16860315	0.20843581	0.21755248	0.29936053	0.09096669	0.20296372	0.91242459	0.36403765	0.32657620	0.28260012	-0.08631252	-0.02051414	0.03439115	0.20522979	-0.08188951	0.12260013	0.22984898	0.04975941	0.25553543	0.34779579	-0.06991851	0.09896532	0.56482171	0.32698917	0.27996178	0.23299471	0.10998341	-0.02152479	0.17919146	0.06403065	-0.00905335	0.04709006	-0.06218828	-0.01292895	0.03859929	0.08560085	0.00612104	0.09743490	0.10923908	0.10481674	0.23709792	0.06269360	0.07626811	0.15675959	0.12529078	-0.25558239	0.02883821	0.09905993	-0.11688312	0.04214867	-0.03939251	0.21425259	0.07829616	0.14185913	0.08185271	0.16214924	0.22606708	0.14518442
pPUT-lh	0.02247421	0.00332287	0.15102572	0.08592903	0.04693043	-0.02597670	-0.01789154	0.04255263	0.01103021	0.05078709	0.11953723	0.09257566	0.04179581	0.11677239	0.06901098	0.04185554	-0.02463091	0.00119740	-0.07905643	-0.02920019	-0.10332276	-0.06866668	-0.04829440	-0.03360215	0.15112432	0.18632458	0.18157570	0.07248542	0.20902184	0.17392419	0.15130654	0.00656383	0.09023218	0.14944435	0.12586500	0.03419821	-0.03632378	0.08703911	0.19516373	0.05142962	0.06973911	0.19643735	0.04730277	0.15060897	0.17063080	-0.01080908	0.05569193	0.09588904	0.02630927	0.25983975	0.07812213	0.12070921	0.15254857	0.01994850	0.18755946	0.00326642	0.09226081	0.12979228	0.14723805	-0.13013642	0.01109091	-0.00714805	-0.02398179	0.15203972	-0.03986773	-0.08105571	0.03899668	0.02763599	-0.06710974	0.03129180	0.06461780	0.06344379	-0.00629716	0.02468639	-0.02568529	0.08567011	0.14202158	0.12713082	0.05464506	0.03495824	0.07394571	0.06893481	0.02264700	0.02020175	0.09884399	0.14853916	-0.17177478	-0.02205928	0.19169590	0.13339504	0.14522860	0.28108407	0.21567040	0.00514823	0.27220733	0.15337394	0.10023203	0.25755002	0.06130817	-0.05686035	0.04755734	-0.06287341	-0.06336743	0.03635856	0.00804886	0.08425350	0.07843018	-0.11606545	0.09200220	0.12470548	0.05322959	0.04561920	0.07539020	0.12411880	0.14402407	0.18243571	0.03599675	0.18967254	0.13754457	-0.10278157	0.07254293	0.02484799	-0.07381073	0.02633428	-0.07009274	0.09258910	-0.05052839	0.01722086	-0.00222637	0.08095798	0.06715332	-0.07840830	0.21169928	0.02192072	-0.01633043	-0.06128853	-0.12179491	0.03957167	-0.02893286	0.07674345	0.07119845	-0.04481046	0.00415389	-0.08373360	-0.00993124	-0.01009815	-0.07259577	-0.00198659	-0.06964472	-0.07960014	-0.14510106	-0.15763410	-0.02863274	-0.07434258	-0.00911443	-0.11811177	-0.16439594	0.04435249	-0.03413777	-0.09477495	-0.04342234	-0.00852516	-0.02347592	-0.06448257	0.01156622	-0.05188103	0.03690157	0.12323908	0.09109980	-0.02004914	-0.00191691	-0.05504321	0.00439443	-0.07520960	0.05671944	0.10370465	-0.06979774	-0.04646410	-0.00088970	-0.03472464	-0.02865056	-0.02727649	0.07396049	0.12701657	0.07041165	0.04150784	-0.01486872	-0.02860537	-0.09066990	0.00510962	-0.03514857	0.11671820	-0.04360553	0.03958676	-0.09664713	-0.09453572	-0.12679031	-0.03575831	-0.07304907	-0.08660080	0.09562542	-0.00915038	-0.01246419	0.07713166	0.05558493	0.00135610	0.02359889	-0.01053769	0.00210816	0.07487762	0.06626264	0.08802489	-0.00262687	0.13112440	0.00039617	0.05576231	-0.03717766	-0.07472741	-0.06845427	0.01133991	-0.04878240	0.02591950	0.01557905	-0.02549452	0.22931908	0.20888490	0.11697577	0.12584936	0.21262927	0.11450679	0.17077010	0.17392789	0.20188508	0.18513089	0.08706058	0.06263222	0.07414321	0.27921128	0.20045320	-0.07322827	0.19222009	0.20435534	0.18753787	0.14755401	0.21139371	0.31133402	0.11774031	0.12393231	0.22501322	0.12848619	0.23111456	0.07045573	0.35895637	0.22820626	0.11741489	-0.03302745	0.19799223	0.11405876	-0.09213449	0.01971014	-0.01956636	0.11904957	0.03592257	0.03901676	0.00649634	-0.05212464	0.06580409	0.01608607	0.00492280	0.04302823	-0.04061712	0.04298611	0.05325002	0.00044473	-0.05646436	0.02054401	0.03836112	0.02842263	0.05703192	-0.01464438	0.09111864	0.10860136	0.13848578	0.17012763	0.06619486	0.12181838	-0.03824154	-0.03066573	0.07895689	0.14914507	0.19790705	0.15717284	0.09428705	0.17736021	-0.10689370	0.19683239	0.17474164	0.14771251	0.06768382	0.17335548	0.07200001	0.05497785	-0.01135612	-0.02859559	0.01679714	0.01495033	-0.06059880	0.00013022	-0.02065329	0.00335759	-0.15193653	0.02422587	0.03084811	0.10959365	0.06828458	0.00620872	0.11927107	-0.02894609	0.18361927	0.20306928	0.06107641	0.18104269	0.00330899	-0.11151792	0.00968346	0.02535469	-0.02873406	0.03221105	0.01191088	0.12649643	-0.02218245	0.11030988	-0.05154937	-0.07271139	0.03648726	0.18289136	0.05489284	-0.06326542	-0.02157793	0.02014236	-0.06810145	0.06928495	0.05956413	0.03689262	0.09011359	0.07304434	-0.08907660	0.02123448	0.00633361	-0.01357901	-0.02872113	-0.02496405	0.02774706	-0.05703341	0.00256142	-0.09190871	-0.03682407	0.06189313	0.03714898	0.06781327	-0.00109093	0.02901314	-0.02253132	0.02660905	-0.10811270	-0.13490847	-0.10631011	-0.02169879	0.12147570	-0.05930749	0.02826907	-0.04212649	-0.00160713	-0.00150415	-0.00788264	-0.07634617	0.03996920	-0.06659502	-0.02569427	-0.05367162	-0.06344699	-0.08601338	-0.03421404	-0.01968726	0.07847231	0.08714938	-0.04868118	0.03522239	0.06676359	0.00584729	-0.13531170	0.00648971	0.03524083	-0.00711894	-0.10141051	-0.03138960	-0.12896020	0.01578611	-0.10664648	-0.19401473	0.06136668	-0.01460008	0.19207309	0.17431258	-0.00006502	0.08281246	0.17284721	0.20812314	0.03215550	0.08697354	0.12650398	0.03064434	0.36403765	0.90850917	0.22137355	0.15859225	0.16141655	0.00475016	0.17892459	0.31143283	0.08699801	0.04731424	0.12605258	0.16714020	0.07860463	0.16317275	0.03577321	0.11408424	0.33791807	0.33993300	0.14061602	0.20343517	0.10310893	-0.06237237	0.07300943	0.09110307	-0.10146843	0.08384857	0.07225001	0.08550889	0.01085918	0.07897229	0.02274727	0.07523968	0.09760536	0.12987195	0.16949561	0.09805861	0.05255101	0.12531829	0.05752181	-0.21035488	0.06516718	0.10856664	-0.00653645	-0.03229755	-0.12448833	0.12814765	0.06967486	0.12376595	0.06869716	0.11459453	0.17995965	0.08045306
aCAU-lh	0.19128609	0.14262627	0.21099595	0.17066307	-0.11082046	-0.03345526	0.09656316	0.13253191	0.08411649	0.22464439	0.15955156	0.29635930	0.12915113	0.20961104	0.18015328	-0.08347135	0.08751408	0.04890295	-0.04192857	0.19893004	-0.00186760	0.00914646	0.00084133	0.09690354	0.19076399	0.13281064	0.22380960	0.31513816	0.18567666	0.15440537	0.24812782	0.26780406	0.27028941	0.28892775	0.21040117	0.31525901	0.06323166	0.01297404	0.25543322	0.25933300	0.08361532	0.14863308	0.21824662	0.23770280	0.17340668	-0.04146939	0.06697182	-0.07824018	-0.05233879	0.10650478	0.19497066	0.28592942	0.11495433	-0.07385659	0.11570756	-0.00816951	0.17492140	0.13611726	0.28887281	0.03970582	0.17081459	0.02613718	0.08499165	0.07867118	0.19382246	0.09737748	0.20224496	0.23014154	0.16076846	0.13956377	0.24827732	0.14218391	0.00261873	0.10470291	-0.04280044	0.16674705	0.27876920	0.21996715	0.00925710	-0.00708139	-0.01016274	0.26083806	0.15854421	0.05865892	0.23926925	-0.07954913	0.08568531	-0.02305944	0.04282142	-0.05551300	0.21755827	0.23402812	0.19266790	0.17877193	0.30943558	0.18532980	0.09249250	0.30147302	0.39074446	0.31912760	0.08625707	0.16498092	0.02405293	0.05147213	0.24397518	0.12926994	0.18715672	0.29163513	0.03389489	0.21383087	0.11101440	0.04322161	0.21138940	0.00166869	0.01772711	-0.12338562	-0.25583489	-0.04653945	0.00230717	-0.02638384	0.01939763	0.20712316	0.05079676	0.25280600	0.12592689	0.14364497	0.16582713	0.23647198	0.09952712	0.13289207	0.18583794	0.21359810	0.18742852	0.28783427	0.03851639	0.25492546	0.10879661	0.13657864	0.03276169	0.32021964	0.31756007	0.28193327	0.33025480	0.05851829	0.08231012	-0.06616829	-0.06637058	0.06538741	0.11366841	0.03534419	-0.05529471	0.14690536	0.01709325	-0.00854030	0.01645402	-0.08399571	0.00790686	0.18273171	0.04546356	0.01438626	0.14573315	0.01946066	0.08617578	0.18782076	0.28440486	0.19576013	0.07392822	0.02050352	0.11177594	0.07632466	0.08490812	0.20404180	0.09323654	0.14094404	0.24085607	0.17271513	0.17637582	0.12129122	0.01018261	0.33847343	0.09776123	0.23895441	0.16083864	0.00931716	0.21961704	0.25643402	0.24212039	-0.01056297	0.06660436	0.01013199	-0.05656651	0.00313247	0.12283309	0.10627763	0.25745070	0.25962045	0.05786518	0.05453516	-0.04870979	-0.07800989	0.38661983	0.19588031	0.24675986	0.33619555	0.14992010	0.11129471	0.28128587	0.24343900	0.18842822	0.30609309	0.10338959	0.27462474	0.33516840	0.20206474	0.13089835	0.16071768	0.07265132	-0.00162754	0.12338579	0.11901209	0.01114056	0.28962483	0.03736821	0.24976278	0.15184953	0.23430426	0.20771230	0.13986529	0.33665836	0.18199568	0.22764790	0.16632302	0.23643893	0.23042008	0.18649928	-0.01474942	0.00974245	0.03912767	0.11621456	0.21583152	0.18525645	0.23316525	0.01580404	0.18845058	0.13043226	0.10093910	0.17284996	0.13952888	0.15619490	-0.00854748	0.11566074	0.09785688	0.07968993	0.01152679	0.16930668	0.09846976	0.22359747	0.17376719	0.18789770	0.24934391	0.21627063	0.29808070	0.02464418	0.18323769	0.23378919	0.25918715	0.12282296	0.16477517	0.13940907	0.10962455	-0.06229705	-0.03764991	0.06533261	0.16219622	0.04013541	0.14050060	0.06949807	0.15223439	-0.08510678	-0.14050802	-0.08187393	0.07083851	0.23229962	0.24254843	-0.01166339	0.00740240	0.08406023	0.22979613	0.26335796	0.07725167	0.12594901	-0.05311993	0.13167776	0.08889658	0.10519405	0.11547859	-0.04099215	0.08371030	0.13506159	-0.04707525	0.15908772	0.36102236	0.11170328	0.09826397	0.19348907	0.22597658	0.11335009	0.03835887	0.22753011	0.19513881	0.15363857	0.32671129	0.05684282	0.04425144	0.00281024	0.11032552	0.09922516	-0.07689428	0.05135533	0.03119969	-0.08147091	0.07418335	-0.04064931	-0.03459949	0.17371379	-0.03052299	0.04721417	0.23683464	0.18652351	0.35398023	0.21592004	0.25668568	0.08653564	0.20705086	0.13868629	0.26265470	0.28358372	0.18993416	0.28600465	0.08042766	0.02051617	0.15358414	0.31987505	0.27861668	0.23578676	0.08028926	0.24511534	0.30153349	0.22017603	0.29673962	0.02656626	0.23509327	0.00592109	0.00262752	-0.10984856	0.02177452	0.13945716	0.18350966	0.16809958	0.18467670	0.16122954	0.12411876	0.07504042	0.09743410	0.09070384	0.16624438	-0.06287109	0.13454609	0.07454408	0.15456038	0.14747361	0.25126917	0.19074313	0.33508058	0.14858589	0.15647934	0.17188611	0.16149410	0.32936706	0.17002997	0.18381141	0.10115567	0.20468465	0.24617711	-0.05460237	0.01649683	0.06089519	-0.10765203	-0.00607458	0.00727771	0.13847925	0.13931120	0.04298756	0.25598249	0.01360371	0.22075009	-0.08012033	0.06215041	0.12358578	0.03620058	-0.08030327	-0.04864146	0.00334565	0.02667517	0.24237505	-0.00432605	0.38683139	0.28057251	0.18151697	0.32360709	0.06143426	0.10371727	0.32657620	0.22137355	1.02948552	0.47818854	-0.02766419	-0.12786882	0.07257363	0.15864211	0.09716260	0.08128790	0.32904025	0.26664985	0.31858443	0.30019844	0.06559220	0.19380623	0.42067654	0.30694960	0.60823905	0.48874876	0.14888689	-0.00850464	0.22139232	0.02341092	-0.00274473	0.09472449	0.00226725	-0.09279725	0.00092728	0.10980272	0.02678167	0.14434229	0.16476491	0.21836715	0.17473911	0.13858557	0.17140852	0.31580449	0.23595988	-0.08843893	0.05300948	0.24020429	0.00733882	0.08823281	0.05282593	0.29065625	0.26661044	0.22670171	0.23266538	0.28096750	0.28903329	0.19363529
pCAU-lh	0.27913058	0.25605257	0.27977510	0.20257659	-0.08043390	0.09255546	0.14081162	0.19717070	0.15628583	0.21631283	0.17492068	0.25740509	0.12737332	0.25562533	0.22199150	-0.07737390	0.10510489	0.11422582	-0.05310127	0.16834461	-0.00031080	0.00962651	0.04433464	0.11618427	0.16532653	0.10277976	0.20836850	0.18599606	0.12764868	0.10941766	0.22035425	0.22079865	0.20586549	0.32310243	0.11681969	0.25396870	-0.03872045	0.25204917	0.33335782	0.24807609	0.07489334	0.17124938	0.17494536	0.29110969	0.12256321	-0.03143601	0.14251327	-0.05225584	0.04880946	0.16271146	0.18688912	0.22800896	0.05878368	-0.00126379	0.10640466	-0.00697726	0.17162025	0.19936220	0.28817828	0.07020906	0.16608269	0.17416458	0.10130378	0.13897152	0.16542396	0.18383342	0.14397873	0.21594127	0.19913624	0.11084225	0.17811023	0.11821623	0.02212169	0.08124240	0.04600590	0.12617283	0.20146553	0.12330178	0.12295640	-0.03024729	0.11837330	0.32684068	0.10131757	0.04717959	0.31562000	0.02628350	0.15180676	-0.02260864	0.09847161	-0.04498497	0.21575414	0.14392927	0.21972122	0.30403840	0.24807652	0.07373681	0.10766251	0.15307341	0.39402911	0.31300708	-0.04258063	0.09519624	-0.06859452	0.10177485	0.27710755	0.13638686	0.12587595	0.25749647	-0.01981544	0.30644649	0.16047493	0.07116706	0.24685134	-0.00852397	-0.05995255	-0.04839459	-0.26621249	-0.03905406	-0.03939871	0.06329183	0.07343625	0.27322738	0.03149192	0.25548112	0.13010823	0.11829640	0.23215280	0.34743835	0.07490059	0.23491664	0.20921144	0.18991946	0.15564392	0.29069766	0.12419022	0.27323613	0.19036761	0.13541300	0.16807383	0.31649460	0.27616854	0.14731912	0.44408179	-0.15010578	-0.04598162	-0.04983619	-0.18479636	-0.04149805	0.12043934	0.07100828	-0.03255978	0.19480549	0.08930194	0.08483406	0.10352343	-0.05163143	-0.01799843	0.12933390	0.12853149	0.08160690	0.24104879	0.07562222	0.19213911	0.18974799	0.17712943	0.25278557	0.17596077	0.13122251	0.08891067	0.21756413	0.26001834	0.24219541	0.18579959	0.26404124	0.35301711	0.29104827	0.26962562	0.21356115	0.22728371	0.44198393	0.28305982	0.36227625	0.22592321	0.16742091	0.37302528	0.43361479	0.38418855	0.03251415	0.05721727	0.06612093	-0.11289823	0.05022982	0.14093384	0.04139019	0.20546252	0.32183386	0.13779008	0.08753121	0.10966294	0.06414803	0.37818883	0.23720402	0.27652474	0.38378125	0.08322647	0.11263281	0.34307758	0.19311426	0.23947793	0.28740060	0.22219879	0.33049809	0.27764925	0.14548685	0.11340074	0.15783108	0.01666099	0.01952724	0.24490919	0.14921756	0.02183706	0.07412170	0.04149106	0.18283325	0.05423882	0.13633648	0.18865559	0.13601056	0.30009001	0.19086428	0.14916509	0.18887904	0.24928750	0.23923388	0.15519259	0.18157264	0.05222129	0.02172545	0.12903198	0.16482039	0.21716435	0.23346866	0.17215655	0.11231429	0.10828068	-0.02045496	0.11154729	0.17328470	0.06236784	0.00398238	0.13547007	0.06264611	0.15460780	-0.01155743	0.16884780	0.08211122	0.24290343	0.18392267	0.12585344	0.24139445	0.16421039	0.26892053	0.12591550	0.10779257	0.24759033	0.24159050	0.07701718	0.22589861	0.17745945	0.09352556	-0.05805662	-0.04796578	0.09440627	0.15693963	0.04060789	0.07854366	0.14093353	0.10542556	-0.01315383	-0.05065024	0.06538050	0.07461392	0.11402409	0.19274896	0.03744001	0.00266228	-0.00174546	0.13038317	0.29867456	0.05264068	0.09399619	-0.08694176	0.00134003	0.05290730	0.00565921	0.06724647	0.08030671	0.00906877	0.07755240	-0.02839904	0.11807231	0.34510834	0.24583179	-0.00959798	0.09895888	0.11288330	0.13286634	0.08790337	0.23587910	0.06886387	0.16242526	0.20545477	0.06410013	0.16614124	0.04082383	0.00946718	0.06266183	0.07693508	0.05918439	0.11740480	-0.02906372	0.10895674	-0.10523524	0.11009746	0.16730515	-0.04671191	0.05394702	0.21442757	0.22126757	0.26699199	0.15587795	0.18685171	0.06407582	0.20048655	0.20351621	0.20143668	0.26031313	0.21895665	0.22255693	-0.03077592	-0.04643402	0.06130562	0.13405392	0.21585065	0.25731547	0.09022709	0.13471980	0.12228075	0.11794714	0.16616622	-0.17695610	-0.01751462	0.06964545	-0.02445554	-0.07645027	0.01305153	0.00885485	0.20557556	0.20051924	0.12003611	0.21266901	0.17893249	0.10291557	0.11736550	-0.04634620	0.05762974	-0.04219725	0.23559035	0.10508118	0.16583525	0.24050846	0.27750525	0.06683186	0.27290839	0.24681976	0.09504612	0.21309832	0.18131548	0.34640532	0.18654867	0.27599837	0.17183641	0.26777314	0.20738079	0.01502175	-0.05237492	0.03151988	-0.04969398	0.00743215	0.02393836	0.09065075	0.19396839	0.19387454	0.30653379	0.18008246	0.10416242	-0.01872129	0.11927640	0.17443249	0.08473764	-0.03247196	0.02805464	0.06377559	-0.00999902	0.22139638	0.08114772	0.33594484	0.28177187	0.25728616	0.21348967	0.07604329	0.04854874	0.28260012	0.15859225	0.47818854	0.97778258	-0.08009654	-0.07155485	-0.02252748	0.15360941	0.04092350	0.00516452	0.25836255	0.17887923	0.25477079	0.26443475	0.04577262	0.09827771	0.38848748	0.22234068	0.47451023	0.50955157	0.22587084	0.12909366	0.19047610	0.01892711	-0.03286152	0.17337135	-0.01189530	0.03179736	0.08841549	0.22760446	0.17636613	0.21487546	0.21961567	0.24684527	0.26325964	0.26569044	0.24837229	0.28079540	0.23973875	-0.17194055	0.05721599	0.20760619	-0.01598892	0.00949887	0.10622851	0.33784806	0.33168464	0.30493655	0.28765657	0.35392519	0.33734275	0.23457621
aHIP-rh	-0.12094118	-0.02832395	0.04818391	-0.07825603	-0.16663663	0.10289095	-0.12555175	-0.00688393	0.02180785	0.03184945	0.08472477	0.00811968	0.15209405	0.04509530	0.05863246	0.08427720	-0.00164472	0.02017650	-0.00554940	0.05715269	0.04168699	-0.00540906	0.10862221	0.01377392	0.04352270	-0.04510740	0.10756071	0.05951505	0.10643506	0.06914951	0.09438755	-0.02469015	0.00333443	0.02525779	-0.00916662	0.00766994	0.13666953	-0.04346535	-0.03962820	-0.07633363	0.18503632	0.03847446	0.07794313	0.00590213	0.07273466	0.23741136	-0.01766503	0.05517810	-0.01044232	0.10034289	-0.02143143	-0.03425020	0.20488245	-0.07855271	0.15846566	0.08980215	0.23704735	-0.11421477	0.20985095	-0.03578590	0.07847454	-0.14277711	-0.09531430	0.13247513	-0.13421590	-0.08918439	-0.11717266	-0.07907711	-0.07415125	0.07414176	-0.02273997	-0.00253606	-0.04003105	0.09259177	0.02046342	0.13943707	0.09260818	0.04029315	-0.03161190	-0.02993456	0.00224536	-0.00137098	0.03475902	0.11385281	0.10630531	0.06187360	0.02312413	-0.01363530	-0.04834245	0.04194649	-0.01896662	0.00623738	-0.01878735	0.05675658	0.08361311	0.00610382	-0.05307085	0.02172328	-0.02640337	-0.07675313	-0.02313236	-0.03661786	-0.00607081	-0.17022429	0.01794754	0.05311442	-0.22393684	-0.15062337	0.17805107	-0.02365740	-0.04699151	0.01656866	-0.03914239	0.29247099	0.34429078	0.19335238	0.21271461	0.20885170	0.12241616	0.01716775	0.04671902	-0.09480589	-0.04924606	0.01343896	0.05426600	0.06187973	0.00411307	0.00108488	-0.00950346	0.00918436	0.10072495	0.04926269	-0.00605704	-0.10041299	-0.05946165	0.02964389	-0.00554922	0.11290859	-0.12911682	0.07730373	0.04643205	-0.09028994	0.06013102	0.03986507	0.06341970	0.10196260	-0.03683514	0.00687318	0.13231800	0.11335081	0.04128637	-0.01334584	0.01943907	0.10738037	0.15604751	0.08843991	0.04785135	-0.08418315	0.07090982	0.11411008	-0.06859499	-0.06778574	0.04037577	-0.01016749	-0.05448419	0.00090095	-0.03926364	0.13867938	0.18429736	0.08582801	0.10151701	0.10784434	0.04458251	0.09430229	-0.03330870	-0.03652881	-0.08802077	-0.13162297	-0.18902419	-0.17453729	0.03809282	0.06088948	-0.01218266	-0.05617507	0.06125663	-0.03621150	-0.00523310	-0.02344772	0.07227843	0.12451511	0.08338671	0.21042656	0.08033789	0.18832186	-0.11964500	-0.09962866	0.10950867	-0.00894205	0.03595550	0.13156232	-0.05418026	-0.14220356	-0.01195812	-0.07074465	-0.05106770	-0.11804254	-0.02403057	-0.10558494	-0.13508210	-0.00718515	-0.01690680	0.00375358	0.05751233	0.11155734	-0.03929039	-0.09590721	0.07975468	-0.00023978	0.00117622	0.03825964	0.04051911	0.07728661	0.00773452	0.04052815	0.05261782	-0.00098388	0.11309922	0.03133006	0.10465649	0.02575452	0.06069368	0.04616249	0.08507871	0.04181965	0.07798654	-0.00415002	0.04240061	0.05606724	0.04713847	0.02238398	-0.01818726	0.04616586	-0.14992790	0.05461395	0.06459063	0.17010904	0.06254350	0.04212555	-0.04739817	0.06875378	0.13199657	-0.00470096	0.07499267	0.05675480	0.04833267	-0.09204508	0.04738332	0.00354620	-0.01418215	-0.07703609	-0.00594383	-0.06122207	-0.00143048	0.13556737	-0.05733547	-0.13145665	0.01831056	0.11916989	0.05789597	0.04574076	0.12539477	0.03814288	-0.05015358	0.09687299	0.04702171	0.06174878	0.05003758	0.09307069	0.07167309	0.03990726	-0.03285098	0.05026428	0.16582606	0.03811712	-0.04279739	-0.00281730	-0.06294664	0.01289152	0.19182735	-0.11705072	0.15493443	0.08565005	-0.11931311	-0.03335593	0.05039601	-0.01467002	0.12750794	0.05449087	0.06221086	0.03035029	-0.11061707	-0.06848780	-0.24213364	0.02221205	0.01359367	0.05314322	-0.04157070	-0.13091458	-0.16719451	-0.15099962	-0.11668225	-0.11536199	-0.03325891	-0.05848456	0.08054278	0.08353789	-0.00323450	0.14907225	0.34424858	0.29429093	0.10263439	0.39363133	0.28093877	0.23688216	0.00774951	-0.00943703	0.08437234	0.06793002	0.11557783	0.14734348	0.04859132	0.12794919	-0.10763545	-0.00948415	-0.11114174	0.32457722	-0.05512282	0.07586870	0.18019069	0.06101620	0.03318274	0.04338545	0.12062309	0.09239075	0.01718825	-0.06570161	0.14805020	0.12786004	-0.02648615	0.14034825	0.10494459	0.03362865	0.10952356	0.14278388	0.11169219	-0.04189738	-0.05045209	0.26229688	0.07890586	0.16723242	-0.06821771	-0.02574268	0.11460342	0.06761186	0.05567562	-0.02346286	0.11297883	-0.02751124	0.06652281	-0.07577304	-0.01580817	-0.04153681	-0.05088010	0.02849473	0.03659502	0.10217810	-0.05761109	-0.03391243	-0.02177394	-0.03589895	-0.13297216	-0.01151142	-0.10713903	-0.07461689	0.06682626	0.06908407	0.21577023	0.13732108	-0.00913644	0.15685990	0.06649397	0.04187716	-0.05294737	-0.12631251	-0.07566581	-0.00973890	-0.04430167	-0.04303361	-0.01677789	-0.12756424	0.48381103	0.05078424	0.23960075	0.31467729	-0.02996208	0.16684448	0.06212840	0.04326068	-0.09587072	-0.14157671	-0.02227579	0.00772687	-0.08631252	0.16141655	-0.02766419	-0.08009654	0.97646328	-0.02667328	0.36459590	0.21966865	0.15758443	0.05247710	0.03644946	0.13657857	-0.15933490	-0.11264574	0.13713029	-0.00465118	-0.15943956	0.04267524	-0.05277872	-0.09672359	-0.01544503	0.05359744	-0.01896044	0.15746031	0.22616489	0.01615916	0.05997279	0.23111880	0.01859198	0.11154343	0.03722071	-0.01757835	-0.09291635	0.03749264	0.09670659	0.17628288	0.04807604	0.19057324	0.02104473	0.08838947	0.27658960	0.08304451	0.08462693	-0.05656749	-0.03588177	-0.26786262	-0.04485112	-0.12470913	-0.03663592	-0.08307349	-0.03873560	0.02729545
pHIP-rh	0.02901987	0.08872968	-0.02773142	0.05814652	0.01199124	-0.08257957	0.02226695	-0.09597870	-0.02830853	-0.00619115	0.12722018	0.11226024	0.01919560	0.08861903	0.05811353	0.13939075	0.08231831	0.17950567	0.23399797	0.10131115	0.19811828	0.15596064	0.10855798	0.12112906	-0.05256035	0.08060836	-0.08390120	-0.00927798	-0.05718356	0.03642006	-0.12611893	-0.07225912	-0.04753389	-0.01110035	0.03284272	-0.00161234	-0.07402661	0.07475994	0.01658087	-0.01919517	0.03240892	-0.00925239	-0.02446062	-0.03027066	-0.00156357	0.01735692	0.05412478	-0.00379671	0.18833606	-0.02248687	-0.06522810	0.00922365	0.02296750	0.05046905	-0.07784215	-0.20227706	-0.21078731	-0.02530880	-0.17366836	0.05720356	0.11335367	0.09480972	-0.08534006	-0.03620134	0.07118646	-0.12497299	-0.01044911	0.03519567	-0.01910688	0.00399522	0.08444408	-0.00372854	0.02183780	-0.14395504	-0.01763674	-0.11054158	0.00854789	0.01512706	0.07079506	0.09202422	0.09008218	-0.05769763	0.07037032	0.04139549	-0.19382511	0.06273707	0.01816164	0.01397815	0.05807757	-0.04156668	-0.10108691	-0.09778578	-0.02270290	-0.17651144	-0.05422117	0.17163393	0.15207910	-0.00311579	-0.02511216	-0.01537470	0.06138788	0.08663776	0.08470429	0.05004945	-0.02434536	0.04548921	0.12053065	0.06342553	0.11458295	0.10224913	0.09022965	0.07573446	-0.04855645	-0.08302998	-0.03477905	0.01630491	-0.04648202	-0.03207898	0.10494938	0.11199800	-0.03607567	-0.00875143	0.06378320	0.00470085	-0.02533315	0.11127838	0.01293183	-0.07689987	0.05008037	-0.11933877	-0.02938294	-0.10448083	0.09017150	-0.06652601	0.19865048	0.00447445	0.04777584	-0.02294788	0.05798122	-0.04210083	-0.04913392	0.01392535	-0.08120335	0.11483819	0.19264311	0.12506950	0.03896615	0.07362101	0.08454031	0.19286538	0.13676438	-0.05875905	0.14986730	0.14336849	0.04675490	0.19686243	0.26280164	0.01671424	-0.00253421	0.18061859	0.18839245	0.25587110	0.10911047	0.02155404	0.06245613	0.05085286	0.12482239	0.19308588	-0.04119435	0.00672374	0.13450727	0.03288063	0.01265431	-0.00028180	-0.02205036	-0.06210763	-0.05117315	-0.01923024	0.05972207	-0.03303369	-0.04935104	-0.08313293	0.04256445	0.20239260	-0.01624655	-0.05699130	-0.06873910	0.14347798	0.28165621	0.21690004	0.19460197	0.03237615	0.23076529	0.11779292	0.03561405	-0.02727444	0.03171623	0.08869017	0.04944704	0.12490788	-0.06227054	0.03426701	0.03552214	-0.00183919	-0.02570539	-0.06102555	-0.04832019	-0.21471534	-0.11478916	-0.22708638	0.08895608	0.01216974	0.01913438	-0.01093563	0.10138430	0.17001289	0.12808093	0.26117083	0.08053057	0.10538654	0.19310855	0.12942598	0.15266864	-0.07020303	-0.09411661	-0.07878993	-0.02104955	-0.00398532	-0.05545344	0.00338332	0.09465051	-0.00534756	-0.02024210	-0.04712445	0.01507515	0.12364870	0.04280335	0.02337988	0.05462644	-0.02225125	-0.01066040	-0.02589683	0.01830964	-0.01087958	0.02120203	-0.03514781	-0.14802147	0.03857520	-0.10000296	-0.10461219	-0.04370853	0.08654188	-0.02497460	0.05939836	-0.13461061	-0.07718733	-0.21922913	-0.12543988	0.00279581	0.00723906	-0.05458237	-0.07810783	0.12193130	0.04363353	0.08288404	-0.06657323	0.07858611	-0.05277705	0.03861034	0.00109871	0.08087445	0.03169501	-0.02452828	-0.24744803	-0.07319142	-0.00362093	-0.17104398	-0.05061434	0.12653488	0.17284758	0.06594351	0.11082849	-0.00805141	-0.02685153	-0.00353832	-0.02608956	-0.11361331	-0.07007285	-0.04703442	-0.00516109	0.00556332	-0.01990991	0.01535977	-0.02346006	-0.16923970	-0.03819637	0.15490608	0.10683020	-0.05288162	0.11731988	0.05287760	-0.05063775	-0.01825516	-0.10193242	-0.08121292	-0.05508608	0.02855176	0.07545125	-0.03342669	-0.00491215	0.03628118	-0.01529924	0.10271462	0.14501687	0.09003588	-0.11195329	0.09205166	0.05322744	0.02063744	-0.08549845	0.03182853	-0.06146535	-0.04939821	0.10171605	-0.06725733	0.08430869	0.07944975	-0.09547320	0.00361783	-0.08467528	-0.05220224	-0.02375380	-0.11877456	-0.04561976	-0.00051670	0.02059701	0.02402617	-0.05208431	-0.06536191	-0.00150236	-0.00501426	0.02474934	-0.09467902	-0.06271801	0.03838640	0.15841207	-0.11384293	-0.00712044	0.10486525	-0.08686928	0.06716729	0.07083676	0.09520184	0.12079788	0.06813373	0.11069433	0.13780225	-0.02925484	0.12301209	0.07785246	0.02399146	0.04666699	0.09726751	0.04403151	0.19165816	0.11043512	0.15450869	0.18402947	0.22223712	0.13913501	0.10606316	-0.07999767	-0.04472991	0.04404160	0.01522245	0.04818383	0.05810685	0.02415446	-0.06733002	0.04086579	-0.07146738	0.00535130	0.01808016	-0.13484178	0.11107218	0.06618639	0.15779661	0.18763943	0.09713037	0.13950956	0.05911760	0.08527194	-0.09027706	-0.04375963	0.05980481	-0.00421703	0.16344713	-0.05189845	0.04819257	-0.11518109	-0.06114269	0.23206037	0.03217786	-0.07828286	0.03242773	-0.03240859	-0.05516580	-0.02381354	-0.04464741	-0.08333204	-0.13683070	-0.09510380	-0.02051414	0.00475016	-0.12786882	-0.07155485	-0.02667328	0.88237844	-0.04204730	0.06022125	0.06014180	0.09814958	-0.06055555	0.02891372	-0.04524314	-0.13918064	-0.07181815	-0.04945390	-0.08347231	0.00257687	-0.14502750	-0.02741833	0.05570045	0.04929003	-0.00282742	-0.06651949	-0.00460282	0.03976462	0.11463835	0.01937848	0.11516613	0.01989967	0.08818730	0.08720161	0.02940683	0.01492953	-0.04825709	-0.00885660	0.05447708	0.02513055	-0.09186723	-0.04930391	0.02831689	0.00571218	-0.11279497	0.00325326	-0.07484668	0.00875496	-0.05661930	-0.05036644	-0.05007658	-0.03850891	-0.10563070	-0.07493814
lAMY-rh	0.05408657	0.03850360	0.03881595	0.09779577	0.04008930	0.14355447	0.09732798	-0.05204839	0.20653733	0.07706548	0.08661246	0.01452137	0.05165647	0.00942729	0.04878592	0.03820969	-0.02234170	0.06020930	-0.02999925	0.06388415	0.02188575	-0.06680044	0.06624459	-0.00468890	0.04064129	0.10782353	0.16625714	-0.02474295	0.18591057	0.03254987	0.02175670	0.03892169	-0.05452001	-0.01908805	0.02736944	-0.02255758	0.03458492	-0.04657684	-0.00862000	-0.04837352	-0.00632550	-0.01132454	-0.04782337	-0.01398714	0.16241361	0.03862846	0.00939284	-0.01181883	0.12249393	0.17481731	-0.01535686	-0.08501197	-0.00496220	-0.04950986	0.10872967	-0.03158663	0.22556262	-0.06322120	0.28341619	0.03034418	0.03322276	0.11896517	0.17459490	0.06555161	0.01557745	0.00239709	-0.11382079	-0.06878341	-0.05178312	0.05653236	0.03018862	-0.05328446	-0.02266126	-0.06288425	0.01722464	0.06789139	0.04668727	-0.04403037	-0.13329903	-0.08979250	-0.07480288	0.12037602	0.04863386	0.06404298	0.10371581	-0.04232344	-0.06732613	-0.09348499	0.03041040	0.08948897	-0.00840982	0.07221932	0.03163339	0.09035527	0.01876202	0.03294352	-0.09342947	-0.02517084	-0.02937990	-0.10300648	0.00538499	-0.07148504	-0.08118743	-0.11028241	-0.05334485	0.04879665	-0.03480615	-0.12126404	0.03557840	-0.04375439	0.04550966	0.08870561	0.05977398	0.37030263	0.30985444	0.36918674	0.17063609	0.30378298	0.31554391	0.03338349	0.06552647	-0.04309051	0.02034858	0.13015833	0.05629146	0.09505798	0.03144519	0.07751186	-0.00004737	0.14586992	0.13993562	0.02267352	-0.03725391	0.02953124	0.09422393	0.05317783	0.05208799	0.07888019	0.04365845	0.09521969	0.00442896	-0.07971555	0.02805222	-0.11835167	-0.03082521	0.11895500	-0.13999643	-0.11865095	0.05575886	0.10429909	-0.06244558	0.00409491	0.04011297	-0.04925162	0.03727164	-0.07489411	-0.02508572	-0.11962038	0.12908999	0.00387578	-0.02772343	-0.08949284	0.01646600	-0.02625938	0.05820912	-0.03719713	0.11558410	0.18669439	0.21772971	0.02459932	0.13622841	0.08227356	0.05726589	0.15254657	0.03797931	0.06744980	-0.07437836	-0.04988316	-0.00738240	-0.04976978	0.02049609	0.09539977	-0.00747074	0.02496774	0.09182672	-0.01299906	0.05031154	-0.10518636	0.00263174	0.00274396	-0.08927953	0.10381152	0.11126669	0.13250415	0.02138458	-0.04753845	0.09027940	0.11778855	0.14555386	0.11884175	-0.03039033	-0.06994421	0.03483062	0.01741896	0.10613709	0.01829278	0.06901272	0.10034226	0.13170851	0.02173209	0.09337620	0.05559952	0.00325817	0.10299519	-0.03494909	-0.00012246	0.06547243	-0.04063189	0.05834741	0.07677952	0.01834656	-0.00829086	0.05767757	-0.00700680	0.12079467	0.03132962	0.00407146	0.02126630	0.05534468	-0.04554645	0.06912661	0.00847325	0.00624494	-0.00909971	-0.02119428	-0.01858575	-0.02692420	0.03766451	0.03025020	-0.14534924	-0.01863736	-0.03471217	0.00065337	0.04130816	0.07435124	0.03679065	0.07792023	0.03291153	0.02677259	0.00523323	-0.02575783	0.01741656	0.00059721	-0.03839112	0.04874989	0.04774802	0.09262147	0.07143926	-0.16279278	-0.04950101	0.06025912	-0.00501548	-0.00901006	0.09734099	-0.01231714	-0.01942972	0.06621850	0.10970094	0.06191353	0.07959151	0.02269406	-0.08509997	0.01300232	0.22552853	-0.00428505	-0.01250819	-0.01640819	0.03118915	-0.00865930	-0.05175948	-0.00771484	0.01110980	0.07491602	0.00195669	-0.03195053	-0.02184567	-0.04874324	0.01706378	0.04142395	-0.11732223	0.10379821	0.08245744	-0.05329722	-0.04011233	0.10571988	-0.07743186	-0.04788565	-0.06317199	0.01835578	0.01074785	-0.07423022	-0.01094824	-0.13582099	0.04920073	0.03915711	0.03432413	-0.04193988	-0.17218925	-0.10869812	-0.17562414	-0.15320017	-0.18079248	0.22307265	0.13448647	0.23165263	0.00822085	0.11448750	0.18493120	0.41744124	0.23842278	0.01010161	0.43340158	0.38292872	0.05059680	0.10913304	-0.05824204	0.09111029	0.04659897	0.07755617	0.18827858	0.05329295	0.18511223	0.02522036	-0.00815186	-0.02777282	0.26767500	0.03728352	0.07736499	0.17855551	0.06124836	0.07072774	-0.02522171	0.07037144	0.12711911	0.13206252	0.02596792	-0.00478340	0.04264835	0.01193613	0.09699508	0.02804473	-0.02808554	0.08133709	0.02928921	-0.00431525	-0.17493925	-0.13091651	0.04409685	0.12295297	0.17434052	-0.08696896	-0.00983970	-0.00053252	0.03488726	0.01035790	-0.19366751	0.07981211	0.01257634	0.05154585	-0.05424194	0.01014064	0.06803858	-0.08988133	0.09669088	0.11737718	0.08744290	0.04271176	-0.00514753	0.08901040	-0.02824091	-0.02509252	-0.11210426	-0.05079707	-0.09794555	0.07524452	0.14868408	0.09254579	0.02761266	-0.01704718	0.09554036	0.04613404	0.05279469	0.05268247	-0.11931088	-0.00380831	0.08332647	-0.01630795	0.06818710	0.05087139	-0.07631721	0.43181097	0.03686164	0.33266915	0.34967809	0.00198094	0.14150548	0.05737488	-0.00259113	-0.00868022	-0.02654100	0.04188590	0.11751623	0.03439115	0.17892459	0.07257363	-0.02252748	0.36459590	-0.04204730	0.88017837	0.30915861	0.10939746	0.08830814	0.08533901	0.09412557	-0.03803211	-0.03344395	-0.01461865	0.03363726	0.02462443	-0.02446275	0.01642273	-0.01939206	-0.08148708	-0.10188877	-0.05501923	-0.03771336	-0.08874836	-0.16232554	-0.04649757	-0.04819027	0.04148446	-0.04607988	-0.02766322	-0.01928241	0.04789093	0.08633676	0.14711314	0.04698713	0.00016601	0.04757706	-0.01931426	-0.14099158	0.01724403	-0.01200282	0.01135164	-0.23041693	-0.00609311	0.02033735	0.03314492	0.13636952	0.08539981	0.14482114	0.13773777	0.07133225
mAMY-rh	0.14326459	0.01679205	0.22374291	0.21758645	0.00168404	0.04025820	0.14835093	-0.01937470	0.21480704	0.04044790	0.17876322	0.06648376	0.04950996	0.19275373	0.11777358	0.06988092	-0.00364197	0.09609241	-0.00935379	0.07522072	0.00185685	-0.01438969	-0.02003351	-0.03150143	0.13153503	0.14696314	0.14679312	0.11973835	0.22979378	0.20287757	0.11055358	0.12776920	0.08588185	0.18809097	0.18433997	0.12259484	-0.00857390	0.20217960	0.24418491	0.12423676	0.14060508	0.23180069	0.05277667	0.18681945	0.19102900	0.05102219	0.11501725	0.02639778	0.17678627	0.19246619	0.05221564	0.14263536	0.06513116	0.03807970	0.03068903	-0.09419449	0.12226852	0.09587436	0.21545663	0.24092460	0.18035507	0.14852507	0.05190937	0.10230083	0.04983029	-0.01541171	-0.02301642	0.04716409	0.05160240	0.08060399	0.14701777	0.09389025	0.03745130	0.00674242	0.03606457	0.13194984	0.11575178	0.08320465	0.12569863	0.00323681	0.12800060	0.16048428	0.14634719	0.06660800	0.14945203	0.13514333	0.03488102	-0.00313098	0.12187778	0.01838110	0.10809849	0.10336093	0.15650542	0.10381340	0.23014399	0.19104934	0.11947912	0.14355707	0.22415651	0.07446446	0.09402032	0.03610252	0.00997580	0.05811429	0.08042218	-0.01546263	0.06652498	0.03971669	0.12286934	0.24546367	0.04306067	0.10487017	0.07325375	0.12875368	0.19967723	0.16853563	-0.07543944	0.25320319	0.27030218	0.05684610	0.01864908	0.13758948	0.04894575	0.20280609	0.10242458	0.10141782	0.15315179	0.17770100	0.08252077	0.14645008	0.23656415	0.06936370	0.15807724	0.26791989	0.23005596	0.20957712	0.13604717	0.02605757	0.07628927	0.22901788	0.15979698	0.03787721	0.12730677	0.03428816	0.14714085	0.22234010	0.01266431	0.12539050	0.16245737	0.20286590	-0.00757993	0.01810920	0.17522914	0.08648189	0.14508956	0.08747197	0.12749524	0.25983789	0.15927101	0.15869411	0.16271758	0.11604829	0.10170465	0.05077804	0.20485935	0.09807282	0.19076562	0.14804023	0.10356021	0.16978052	0.17101673	0.13284822	0.08844618	0.16433675	0.18557831	0.13332236	0.00863477	0.09914626	0.03578329	0.12712173	0.00106557	0.13482620	0.17765264	0.26012832	0.18533932	0.14074888	0.09187921	0.06146577	0.10786941	0.09749176	0.07765658	0.27829287	0.14924434	0.14890349	0.18057086	0.07106312	0.07172706	0.11355057	0.02468662	0.14164340	0.11697399	0.10409817	0.07526808	0.18743817	0.12882272	0.12445749	0.11531170	0.00370208	0.04751032	0.10011431	0.13910768	0.09736458	0.09347090	0.08185322	0.14827377	0.10406259	0.02880221	0.04059156	0.02336507	0.05052415	0.01360284	0.04330487	0.05369436	-0.02164041	0.10619213	0.15150070	0.12541732	0.10520709	0.20321018	0.09246326	0.13597788	0.08262568	0.10487822	0.18019801	0.05466510	0.08408282	0.18026840	0.18013607	0.15332670	-0.07010597	0.23026072	0.16352813	0.21339140	0.18680816	0.22961613	0.21813392	0.14442698	0.12757275	0.16234951	0.08382486	0.16841549	0.06573349	0.11930536	0.10734693	0.09626871	0.05601310	0.09325079	0.14714100	0.06039603	0.17477756	0.09102386	0.11478707	0.19952750	0.08330950	0.02660183	-0.01336782	0.10404925	0.03456126	0.02704042	0.06023218	-0.03126464	-0.04201268	-0.06923696	0.06742548	-0.02732104	-0.03780257	0.01911482	0.06735171	0.06890411	0.01937827	0.15483826	0.10263352	0.10994517	0.12680282	0.02183693	-0.01372808	-0.09673395	0.08353223	0.06831118	0.04727303	0.13288911	0.01630492	-0.04127981	0.09111297	-0.08702539	0.08170438	0.04705662	0.08767274	0.08549204	0.11038469	0.04546886	0.13154527	-0.01572942	0.03055444	-0.00394453	0.03870352	0.01333426	0.03222800	0.00554841	-0.05797216	-0.00238423	0.08610712	0.22910171	0.23361650	0.13766675	-0.00873177	0.09495866	0.10273227	0.32106288	0.06510910	0.11854911	0.20366097	0.25527035	0.00168460	0.09337549	-0.01270845	0.05620692	0.02313410	0.22235524	0.26594701	0.21055491	0.19513076	0.00536195	0.08988561	0.12265733	0.25292955	0.22601991	0.11551307	0.13676587	0.01239106	-0.04794844	0.09163561	0.09953006	0.23329883	0.27739393	0.24564173	0.04135377	0.10363200	0.14897259	0.12633063	0.00742594	0.07753387	0.23691464	0.11935836	0.06163521	-0.03957003	0.11164289	0.09860929	0.26286940	0.26521267	0.12561937	0.17490741	0.16808309	0.22369954	0.16896686	0.12686874	0.11582952	0.27228096	0.31546826	0.09330874	0.20422756	0.11312358	0.07409895	0.27950878	0.23252948	0.11562256	0.20716891	0.05729321	0.22237590	0.12987090	0.03664568	0.04217711	0.12874617	0.01125482	0.23970648	0.13781302	0.05486203	0.11389218	0.09335076	0.18144166	-0.04721332	0.01348381	0.07707763	0.05444036	0.06244096	0.18453767	0.10317652	0.15169770	0.20636120	-0.01996145	0.17520127	0.05402785	0.36124631	0.30405385	0.08978312	0.11131770	0.22769174	0.17454272	0.15656520	0.07124216	0.01968135	-0.05089741	0.20522979	0.31143283	0.15864211	0.15360941	0.21966865	0.06022125	0.30915861	0.92228680	0.18353316	0.03440356	0.19496278	0.24130749	0.11194663	0.00054866	-0.11126748	-0.01231145	0.19001633	0.19270526	0.10860705	0.22869924	0.18127688	0.09743960	0.11403773	-0.01901580	-0.09083575	0.01774716	0.12339584	-0.00904720	0.16982622	0.11307888	0.12258619	0.11901009	0.21098653	0.12573853	0.09642686	0.11858161	0.06967901	0.14373785	0.06614349	-0.13854492	0.05072185	0.11665658	0.08174818	-0.12312259	0.02396684	0.25958576	0.14868745	0.12014549	0.12052108	0.10906726	0.08962828	-0.00338811
THA-DP-rh	0.04124039	0.11110707	0.05197505	0.10856558	0.01323272	0.05167569	0.10005373	0.15918740	0.08763880	0.08792552	0.11916618	0.10889103	0.20323181	0.19503733	0.17348500	0.16399542	0.12813078	0.13214437	0.11048012	0.18349611	0.13654966	0.07118324	0.19361865	0.14915813	0.14566896	-0.07149584	-0.03960044	0.13181342	0.15777682	0.12394574	0.17055407	0.05418456	0.19522010	0.16156348	0.14381562	0.07892548	0.08614558	0.06131492	0.16615501	0.02191225	0.23238187	0.15994675	0.24071682	0.00358446	0.07479732	0.03882845	0.10257807	0.06556423	0.02749375	0.13054593	0.07044502	0.03168614	0.12365111	0.04844259	0.05505981	-0.08319802	-0.05028128	-0.05677778	-0.01754484	0.13974461	0.22084191	0.10420727	0.00280626	0.07819553	0.06456658	-0.08621607	0.05187653	0.02513845	0.11654880	0.16306219	0.00406798	0.05395402	0.04575322	0.04071947	0.01742151	0.05174481	0.17081206	0.11236520	0.17044973	0.15485184	0.16353371	0.00950549	0.01831307	0.10278974	0.05499604	0.13754579	-0.07859874	-0.01875574	0.09073158	-0.01187477	0.11412698	0.14243567	0.10246668	0.01850871	0.21347363	0.12365960	0.09956509	0.06852189	0.05363620	0.12063133	-0.02742295	0.03251097	0.00328669	-0.10390588	0.04813076	-0.01181449	0.01959717	0.08259174	0.05889042	0.19880806	-0.03095121	-0.01210212	-0.01923358	0.02709127	0.10123542	0.01545508	0.03792129	0.05354085	-0.01060354	-0.03019053	0.08965736	0.08697210	-0.01800705	0.04859920	0.05817017	-0.05068061	0.10261991	0.00436900	-0.06242681	0.06324960	-0.03140965	-0.10772995	0.13666960	0.03313623	0.09611474	0.02577286	0.02417462	0.03448592	0.12417683	0.02070162	0.00874966	-0.00031886	0.08207055	-0.04195178	0.08358679	0.00224393	0.05912548	-0.04281478	-0.00317908	0.04934829	0.04104260	0.06535755	0.00124557	0.09541350	0.05290851	0.09150678	0.20059562	0.14628827	0.15172914	0.04738865	0.06508689	0.06388235	0.06603117	0.07215751	0.08000929	0.08275761	-0.06965600	-0.05822248	0.04952568	-0.00600551	0.11115123	0.04120018	0.05788539	0.06136328	0.08058664	0.06082532	0.06219533	0.12837682	0.12877001	0.07244224	0.08383730	0.05441560	0.15729170	0.05905382	0.05745061	0.02684407	0.05053736	0.00314004	0.10802470	0.03889286	0.00772371	0.19916525	0.22253025	0.20349149	0.06591120	-0.01617832	0.10872049	0.02430266	0.07173506	0.04879664	0.05125758	0.07511627	0.15395426	0.15429633	0.02376020	0.06904777	0.15457335	0.04859063	0.10716022	0.07622841	0.07520569	0.14919793	0.15757134	0.16419687	0.23672363	0.20553749	0.18622911	0.16753085	0.16987817	0.17550666	0.12602832	0.15317033	0.10847098	0.09908388	-0.07346588	-0.07852466	0.17707681	0.08379713	0.16653220	0.14335771	0.20264419	0.14029386	0.18616525	0.09599843	0.15334918	0.08212233	0.01673733	0.04201215	0.11206507	0.21975803	0.15931582	0.19556860	-0.04619586	0.13941245	0.20558158	0.15814847	0.04620313	0.11571575	0.06411303	0.08729170	0.09872672	0.15537014	0.12640669	0.14439345	0.08540219	0.10942425	0.01765806	0.05572052	0.09097620	0.13454379	0.10501335	0.09163252	0.08760364	0.16501798	0.10652460	0.14462868	0.00655812	0.05577708	-0.01628580	0.09165577	0.05850646	0.00632500	0.03874655	0.05161117	0.10066504	0.13790275	0.07719558	0.20338089	0.09519298	0.19774612	0.09409161	0.04627579	0.11186262	0.08804562	0.06608636	0.11544924	0.00845641	0.02873286	0.14275030	0.12370569	0.22633158	0.12830626	0.04722383	0.14321230	-0.06346059	0.10970099	0.08332862	0.05176743	0.11251640	0.12314130	0.05721684	0.12930657	0.01528972	-0.04239718	-0.00912954	-0.06212553	0.04102912	0.02930423	0.06635036	-0.05641086	0.06450274	0.23066192	-0.00336247	0.18452700	-0.09349852	0.07807079	-0.00579554	0.08039109	0.12339324	0.07692364	0.02466104	0.19681063	0.07149842	0.07254192	0.05766488	0.01897330	0.01000409	0.12342481	0.15111032	0.03534425	0.01694530	0.02243055	0.09603489	-0.02119662	0.15596743	0.17636983	0.20432683	-0.04977945	0.00890443	-0.03704590	0.07599789	0.09901106	0.02873367	-0.00984437	0.14207603	-0.00401476	0.09144201	0.03081188	0.05805759	0.00410791	0.07518147	0.02654980	0.13151941	0.04704284	-0.01343944	0.20701779	0.10007114	0.11178484	0.09145674	0.08107542	0.09652010	0.11199964	0.10906953	0.06647685	0.01196001	0.09233177	0.03546461	0.08760673	0.03610143	0.12248473	0.06714589	0.07217096	0.05207563	0.14818478	0.04552543	0.04902499	0.11946631	0.09230119	0.12011283	0.13127169	0.05893641	0.07630076	0.03537786	-0.05425369	0.03835546	0.06356413	0.11186365	0.06397892	0.12885366	0.11690624	0.04578966	0.12566738	0.16218008	0.08630798	0.09084431	0.13071303	0.02514310	0.04316396	0.03012542	-0.07325281	0.07929644	0.19097013	0.21125179	0.16923423	0.22236891	0.00267381	0.14172768	0.24539245	0.01543082	0.01995581	0.07457224	0.00459466	-0.08188951	0.08699801	0.09716260	0.04092350	0.15758443	0.06014180	0.10939746	0.18353316	0.90897479	0.09041004	0.13474731	0.20234315	0.18462847	0.01790221	0.01380438	0.10736816	-0.00615366	0.11863655	0.12219003	0.14370383	0.14439637	-0.00466930	0.12593130	0.08782888	0.03897619	0.08752028	0.14126621	0.10373252	0.03465975	0.09425998	0.09391843	0.05099363	0.10548577	0.15441192	0.07308385	0.16499314	0.22083776	0.17593016	0.17946243	0.12539489	0.10124297	0.22902016	0.13066852	0.02088313	0.03269400	0.05505568	0.15809250	-0.01049361	0.12335193	0.05484789	0.06902030	0.08118143
THA-VP-rh	-0.15290608	-0.18446424	-0.03416485	-0.13326650	-0.07889953	-0.01897847	-0.14156539	0.02524909	0.03747786	-0.01445582	-0.17983070	-0.05793097	-0.10689214	-0.19017999	-0.20468947	-0.00205156	-0.20774872	-0.14558693	-0.27145907	-0.11238712	-0.26237821	-0.22640626	-0.13921494	-0.12643203	0.15202892	-0.17723828	-0.07315609	0.01770835	0.18341532	-0.07316184	0.18135733	0.19838641	0.02092699	0.00734530	0.02031918	-0.01494600	0.13703025	-0.02609872	0.01522552	-0.04021035	0.17554247	-0.08910884	0.09025610	-0.08126145	0.00069393	-0.00582546	-0.14184606	-0.04175071	-0.07669378	-0.04951516	-0.02475005	0.12754581	0.00044574	-0.11733849	-0.07069353	-0.15707514	-0.06309935	0.12024978	0.05905430	-0.18324033	-0.13758784	-0.19421814	-0.01064148	0.07738066	0.02973684	0.07165523	-0.11348980	0.04742808	-0.02849164	0.13860801	-0.04214053	-0.05142538	-0.04308918	-0.00347283	0.09000223	0.10910604	0.15038001	0.02720434	-0.16075108	-0.10336139	-0.09367686	-0.06302696	0.05875091	-0.02717578	0.07479470	-0.06592656	-0.14812045	-0.06113623	-0.07259540	-0.06067852	0.10796851	0.07372233	-0.05833609	-0.03302527	0.08549967	-0.03704124	-0.18822108	0.03759371	0.00922207	-0.03213008	-0.10581009	-0.11479732	-0.09230703	-0.02844779	0.00019804	0.21090508	-0.10970160	-0.06489835	0.05923989	0.06799742	0.15338469	0.10113909	-0.10657066	0.08537127	0.09709438	0.15436161	-0.05475579	-0.00783053	0.14988547	-0.03316193	0.02530401	0.02868009	-0.03002079	-0.07237800	0.13851683	0.01152704	-0.06757892	-0.00566507	0.02650537	0.02340677	0.03440026	-0.03750882	-0.00621330	0.11857974	-0.05245184	-0.01321497	-0.00314031	0.11013042	-0.11411861	-0.04932907	-0.05100636	-0.08599605	-0.11785120	0.00029588	-0.07422670	-0.05308668	-0.07582189	-0.04914051	0.00997830	-0.05255663	-0.11304871	-0.15640194	-0.02756423	-0.03619510	-0.02855358	-0.14278217	-0.04162420	-0.10683563	-0.08316558	-0.02912262	-0.06681591	-0.07069917	-0.01191494	-0.04849675	-0.04906141	-0.04279291	0.09023645	0.00516147	0.10209891	0.03376979	-0.16328983	0.09424203	0.07257835	-0.08552082	-0.11284344	-0.20308636	-0.18323479	-0.20502193	-0.16642588	-0.14449293	-0.14855785	-0.10030767	0.00777678	0.00445418	-0.07646927	-0.07814657	-0.05337961	0.01112369	-0.11545106	-0.01332449	-0.02935987	-0.15687000	-0.10939886	-0.03519864	-0.03464371	-0.02207193	-0.14212801	-0.13633764	0.06584192	-0.03406801	-0.11359621	-0.14328705	-0.18017013	-0.07455899	-0.16711464	-0.02548093	-0.08801034	-0.01158995	-0.03908571	-0.03322844	-0.28858239	-0.18246317	-0.06974484	0.03451986	-0.23294117	-0.06079107	-0.12162104	-0.22893037	-0.09224188	-0.19489308	-0.24084167	-0.15402162	-0.16429777	0.00515060	-0.15986724	-0.10569023	0.06418905	0.23974938	0.11105238	0.13086586	0.07020698	0.07549764	0.12260404	0.20898341	0.00650750	-0.01041686	-0.06901261	0.00331290	0.00370891	0.05252043	-0.00071210	-0.09587957	-0.10852737	-0.25959591	-0.09478643	0.00346316	-0.05712395	0.12660456	0.03355692	-0.13120374	0.01897335	0.12339345	0.02792564	-0.00267010	-0.02044938	-0.02579540	0.12223021	0.09270275	-0.10016113	-0.06768940	-0.13091494	-0.00349060	0.05729486	-0.04698733	-0.04729582	-0.06559511	-0.01216941	0.01024963	-0.00237182	0.08143693	-0.00394146	-0.05828541	0.01844616	-0.08466894	-0.00233270	0.00900527	0.05211252	0.14717572	-0.05734284	-0.06189037	-0.12802419	0.02589067	0.06286935	-0.02703128	0.09868506	-0.09181348	0.02160082	-0.02921688	0.00215729	-0.02961443	-0.09836859	0.03182659	0.09209943	0.03293324	0.07241311	-0.10902716	0.02141977	0.02665484	0.02634261	-0.01175079	0.03363386	-0.03044805	-0.11880777	0.02020198	0.01648633	-0.04716188	-0.11076174	-0.18482328	-0.02877318	0.04779368	-0.05430399	-0.11863728	0.08332022	0.01932734	0.12882874	0.10732537	0.23136878	-0.04567084	0.02740769	0.07421620	-0.05353464	0.08569771	-0.08409167	0.08832090	-0.09138646	-0.05167358	-0.00445982	0.03589402	0.01891620	0.01839280	0.07210503	-0.03074943	-0.03489115	0.12587118	-0.07098265	-0.04540276	0.02053691	-0.11371523	-0.00614842	-0.02345587	-0.13450719	-0.10739532	-0.06802103	-0.03653135	-0.07021733	0.07256047	0.04640315	-0.00084290	-0.05739874	-0.00244379	-0.09666146	-0.13132985	-0.06496546	-0.06451345	-0.06553341	0.09172895	-0.07926326	-0.02599689	-0.04102748	-0.07980117	-0.00214237	-0.01522829	0.04323337	-0.00434813	-0.02580076	-0.08995344	0.02408252	0.02630485	0.00568584	-0.06238176	0.02172255	-0.08826508	-0.08836448	-0.03681243	-0.03398175	-0.01366130	-0.00710379	-0.07200526	0.00755496	-0.04538391	-0.11748841	-0.03138173	0.03589377	0.10252555	0.12442275	-0.04303107	-0.03302602	0.01200310	-0.11170294	0.10823649	-0.03705630	0.13923147	-0.09308647	-0.11574485	0.13768794	0.11366118	0.02933948	0.08667460	-0.01939525	0.04349308	0.18344335	-0.03503333	0.05082951	0.12037213	-0.01642906	0.22660652	0.13341000	0.14092618	-0.26311996	-0.03147723	-0.04590173	0.22455617	0.12260013	0.04731424	0.08128790	0.00516452	0.05247710	0.09814958	0.08830814	0.03440356	0.09041004	1.03465415	0.21762195	0.29003801	-0.02589076	-0.01901000	-0.17778346	-0.03083693	0.13500614	0.06099170	0.02257368	0.01935491	-0.12766506	-0.16701040	0.01187002	-0.03174071	0.07469020	-0.17835651	-0.14031025	0.04158787	-0.16449376	-0.17221935	-0.20337278	-0.23812834	-0.17991688	-0.17401503	-0.02348171	-0.20407230	-0.15828401	0.02821073	0.01432800	-0.13819974	-0.03417889	-0.09813148	-0.24071444	-0.15788740	-0.26930191	-0.11580479	-0.13892493	-0.11515400	-0.16225215	-0.09966146	-0.10514027	-0.10133411
THA-VA-rh	0.07597209	0.03646543	0.13763349	0.06909574	-0.12072221	0.10588341	0.06987820	0.12146002	0.21575002	0.09264870	0.03716102	0.09115931	0.00559838	0.10030212	0.09362212	-0.07938926	-0.13173627	0.05602260	-0.15085974	0.03378577	-0.09564202	-0.08383599	-0.06256567	-0.04074389	0.17574996	-0.08629533	0.15760910	0.07656382	0.18158186	0.05358208	0.19321738	0.20561911	0.12596490	0.21630959	0.16572730	0.12273128	0.10665816	0.06486947	0.17093208	0.06829206	0.18216616	0.12840999	0.06438129	-0.00470053	0.10936268	-0.01975982	0.09184209	-0.06673863	-0.04543286	0.11707779	0.04414780	0.14091964	0.04798468	-0.18520143	0.02953029	-0.06178221	0.16200050	0.12945618	0.27465697	0.13074983	0.12313853	0.05472906	0.01287995	0.05351155	0.19565432	0.17750072	0.09212285	0.10925881	0.13637915	0.09670420	0.04549881	0.01510118	-0.11074057	0.16339742	0.03946031	0.15006294	0.08295074	0.07459448	-0.09066122	-0.11384069	-0.08413216	0.08121870	0.15108360	-0.01105113	0.24834752	-0.08183392	0.01394548	-0.15534005	-0.02711437	-0.08484946	0.22994856	0.15526436	0.04240725	0.07387408	0.15645854	-0.01185890	-0.04108460	0.08698397	0.31312996	0.12646827	-0.09189641	-0.01492094	-0.09033173	0.14911849	0.25663669	0.17551733	0.02706977	0.23093043	-0.01303101	0.30073007	0.12119710	0.12437706	0.11987027	0.09328348	0.03635978	0.04474211	-0.17427081	0.09539484	0.07846030	-0.03070444	-0.01773178	0.30342807	-0.00254211	0.15054569	0.14629888	0.03304378	0.06534546	0.09796853	-0.02765780	0.09576074	0.19400520	0.05058710	0.04441516	0.13834293	0.06342269	0.17035413	0.03475181	0.08691785	0.02376701	0.22364083	0.16100098	0.07567179	0.22814275	0.04955908	0.03816267	0.02081018	0.01207005	0.09299574	0.16182738	0.08100814	-0.09819012	0.11198530	0.10605206	0.07630649	0.12527623	0.06448899	0.09843873	0.10649564	0.14268971	0.08113386	0.14099299	0.08725657	0.07988424	0.12778285	0.15789337	0.14698636	0.18497718	0.06252832	0.12557625	0.17789445	0.03452771	0.21655765	0.14351654	0.08685491	0.15724455	0.08175179	0.05212509	0.11363211	0.05020311	0.15733833	0.09833835	0.17940998	0.33774582	0.02956304	0.22877660	0.18987082	0.17860137	0.01148710	-0.01402292	0.04102491	0.03062130	0.05310561	0.13703559	0.09883554	0.06622275	0.13157067	-0.01798148	-0.03535945	0.03470652	0.03529005	0.18742911	0.10908771	0.12998913	0.20528916	0.09054401	0.06432756	0.24060344	0.12636774	0.19026172	0.17131066	0.02893763	0.10320013	0.18809436	0.07553356	0.04952827	0.12647564	0.00250278	-0.06160478	0.06810144	-0.04657751	-0.10671632	0.00892097	-0.03938386	0.08443149	-0.02294727	-0.02238348	0.11339258	0.11957019	0.20641869	0.13445619	0.23971501	0.09345464	0.17086088	0.23307855	0.03563284	-0.03844578	0.04950960	0.07830913	0.06836142	0.07739038	0.12208581	0.05420288	0.02241647	-0.03251991	-0.02329920	0.11667669	0.11393014	0.10827928	-0.02934089	0.03631516	0.05499924	0.09916300	0.03511962	0.04490741	0.15684442	0.03206619	0.19250794	0.15891604	0.06381453	0.15106062	0.06287212	0.15245077	0.15893702	0.08626925	0.01229425	0.13730017	0.10827102	0.13033511	0.09871018	0.09591645	-0.09049366	-0.06554752	-0.02364086	0.13577941	-0.03591026	-0.01911314	0.04206093	0.09079778	-0.04265831	-0.06381168	-0.00542023	0.01315673	0.15599657	0.05683086	-0.03613058	-0.08195670	-0.04250560	0.14366072	0.17720174	0.00461361	-0.02201185	-0.04714127	-0.00111868	-0.02651430	0.08855998	-0.05857252	-0.04837722	-0.01742765	0.12443887	-0.07924954	-0.00435575	0.18282510	0.12023207	0.02738873	0.05675465	0.01662714	0.05758843	-0.03957108	0.17170712	0.08038763	0.18089319	0.21140416	0.13866956	0.13140005	0.10264340	0.12187345	0.14444157	0.04890209	0.05542751	0.08299072	-0.02490701	0.07687846	-0.01730645	0.04755189	0.12009532	-0.09199013	0.06648341	0.10602185	0.28425402	0.27649928	0.29988746	0.14644614	0.11329555	0.24259298	0.05001542	0.22057109	0.23629401	0.23563360	0.15576453	-0.01308693	-0.06610050	0.05261492	0.16388404	0.25085516	0.22292422	0.16381137	0.18110323	0.09968921	0.13831158	0.22704465	0.08000905	0.12425522	0.17091911	0.08213043	0.01965542	0.14610766	0.14060380	0.24634412	0.22210874	0.19655554	0.20872180	0.20268190	0.13956726	0.19172148	0.14394189	0.11024032	0.08129805	0.15018043	0.11752509	0.14620487	0.21885418	0.16817561	0.16704226	0.21805917	0.15496103	0.18581453	0.16976137	0.11596179	0.30110843	0.22094266	0.13621833	0.16009868	0.28650848	0.22562100	0.10565352	0.03303151	0.06368106	0.05553895	0.11891744	0.03025092	0.00963633	0.19259195	0.09101660	0.10016084	0.17937454	0.21596933	0.12977080	0.16578075	0.17152006	0.06375977	0.04073831	0.08371617	0.06583097	0.04780120	0.17050574	0.15687821	0.33786553	0.19043070	0.02105442	0.14863863	0.14174117	0.23857040	0.22984898	0.12605258	0.32904025	0.25836255	0.03644946	-0.06055555	0.08533901	0.19496278	0.13474731	0.21762195	0.82350681	0.26321750	0.19885875	0.16859859	-0.03796760	0.20008122	0.20243533	0.04128773	0.27920199	0.22418525	0.16447166	0.00111269	0.12765035	0.11285217	0.04625238	0.07169722	0.06631359	0.07795616	0.05835041	0.14362536	0.03995334	0.06072577	0.11239321	0.15768595	0.23541753	0.13066008	0.11655572	0.12591630	0.18927049	0.00204621	0.15593821	0.18863665	0.02873870	0.09848681	0.02141435	0.15730896	0.19973991	0.10259504	0.13747397	0.13020296	0.13843522	0.09444373
THA-DA-rh	0.01880179	0.04715763	0.12901730	0.09584525	-0.05255848	0.04327668	0.03306468	0.10427528	0.18359451	0.09839008	0.03181112	0.11979342	0.12581988	0.04322322	0.09770860	-0.04121601	-0.09305154	0.07495710	-0.05994404	0.08800785	-0.06846307	-0.04867506	0.00963946	-0.07577409	0.18832710	0.07525636	0.06087883	0.12982887	0.12206212	0.04905874	0.23138775	0.24836003	0.10277914	0.25790104	0.14869669	0.06629855	0.12689918	0.08501219	0.17581026	0.12534178	0.09188579	0.17064569	0.07482888	0.13822635	0.13905210	0.11643733	-0.00035636	0.00189769	-0.00578251	0.09610085	-0.01784538	0.14868299	0.06900741	-0.10290273	0.03253923	-0.14490531	0.17200528	0.05937932	0.18207787	0.02729611	0.16514675	0.00327842	0.06817118	0.03735032	0.11560160	0.11428278	0.00461231	0.08449475	0.10376567	-0.01045436	-0.00785594	0.10191387	-0.05861469	0.04851863	-0.05295503	0.10793389	0.12078895	0.15508081	-0.01869860	0.07317560	0.05706419	0.08503515	0.08368528	0.13180915	0.22086179	0.00552250	0.08290342	-0.10907640	0.00243427	0.02166130	0.19157805	0.05451469	0.10122605	0.12633923	0.05172994	0.06029189	0.01526934	0.16197424	0.29549918	0.12024991	-0.05079097	0.10028647	-0.10120397	0.03184279	0.17436421	0.14994210	0.03749370	0.18778315	0.01502385	0.23990321	-0.04861102	0.05548747	0.05087277	0.02215432	0.05041642	-0.00176410	-0.17414966	0.11783196	0.07285883	0.02965496	-0.01926141	0.23451245	-0.04477705	0.09454260	0.06663484	0.02287700	0.07591396	0.08324880	0.07509193	0.10166932	0.20771404	0.10106659	0.08003169	0.19162231	0.06312434	0.15298588	0.10937003	0.06115204	-0.00107666	0.18279484	0.12735584	0.12615465	0.15999720	0.14513632	0.14980281	0.05920926	0.02982037	0.08465240	0.14500327	0.10404903	-0.04340942	0.08563858	0.13099085	0.04229550	0.01413824	0.00335530	0.00936811	0.14307672	0.06784334	0.01947698	0.09661805	-0.00857395	0.04694420	0.12180685	0.13473864	0.13192297	0.05943704	0.05487021	0.07157884	0.10870509	0.03995913	0.20139556	0.03942418	0.10436761	0.13719667	0.05080412	0.07847853	0.11780774	0.03283462	0.14940679	0.03390890	0.14388109	0.26858022	0.06893911	0.18009363	0.12292693	0.16331009	-0.09687421	-0.03349523	-0.00668157	-0.02560449	0.09950485	0.15462074	0.02815560	0.26341859	0.05979665	0.09281182	-0.10758579	-0.01309414	0.07420606	0.05493042	0.00820677	0.05674057	0.11459150	0.04166996	0.07512676	0.11343336	0.07064926	0.06873457	0.08762173	-0.07796501	0.00227875	0.13881950	0.09207028	0.01228103	0.09879592	-0.01913916	0.00400202	0.02705897	-0.06435178	-0.03032747	0.09476718	-0.02273257	0.05509585	-0.05545497	0.02269165	0.18764659	0.20741027	0.18940711	0.15919134	0.22557595	0.23565438	0.17367843	0.28950296	0.13622980	0.14399837	0.17174567	0.17711796	0.14963760	0.17643039	0.15650067	0.20662275	0.11552152	0.06604824	0.14911272	0.15066576	0.03637991	0.21133272	-0.01515333	0.01383477	0.14526841	0.05484268	0.01378681	0.07661524	0.14048802	0.00789483	0.11308556	0.14641275	0.11410157	0.10966929	0.08456763	0.11377765	0.17960304	0.08295777	0.02407172	0.08656722	0.03121262	0.08171775	0.07542374	0.04912925	0.09476272	0.03602006	-0.06311032	0.06626360	-0.02604539	0.01219754	0.02717135	0.19965057	0.01963404	0.12542487	0.11154947	0.13234790	0.12584165	0.12013114	-0.04057539	-0.07786425	-0.04886924	0.17401497	0.12731351	-0.04164736	0.00371609	-0.08018019	-0.02823507	0.12930130	0.03452575	0.12321408	0.13325521	0.04455294	0.18357067	0.00292986	0.08821518	0.24522233	0.11498006	0.00680340	-0.01319093	0.07674138	0.13826249	0.00294474	0.16652318	0.18334071	0.24435096	0.24036021	0.06715925	0.03163479	0.04773210	0.06867925	0.01557158	0.04947434	0.10907123	-0.00024513	0.05523986	0.10880738	0.02648699	0.08306426	0.03281652	-0.09328185	0.04012240	0.01382665	0.27095421	0.27424367	0.25695634	0.14674709	0.10025385	0.31991420	0.05098863	0.20564747	0.22217151	0.14359375	0.14941562	-0.04011066	-0.08292306	0.03573818	0.19034186	0.25158351	0.22984882	0.09196479	0.22285056	0.16170101	0.15527618	0.23151721	-0.04720043	0.12431306	0.19263523	0.02776661	-0.00950838	0.03614962	0.10648869	0.20069360	0.26439268	0.16504014	0.12794087	0.20171014	0.09453642	0.15898150	0.17984086	0.22353717	0.16462011	0.14102512	0.11199427	0.10395844	0.13884036	0.18585279	0.05992586	0.22060459	0.10443154	0.19444349	0.21764624	0.14634702	0.29909420	0.24547685	0.18051957	0.18146076	0.26774311	0.22131179	0.10631604	-0.07953290	0.02397474	-0.00241206	0.01600062	0.06544461	0.09178763	0.18016198	0.05167445	0.09498771	0.24755032	0.15523095	0.10704388	0.14325798	0.24336671	0.14256611	0.16813397	0.00159012	0.08219116	0.09478468	0.28000859	0.17441597	0.32746763	0.31362267	-0.10130795	-0.00136928	0.05345376	0.12751365	0.04975941	0.16714020	0.26664985	0.17887923	0.13657857	0.02891372	0.09412557	0.24130749	0.20234315	0.29003801	0.26321750	1.00465646	-0.01088176	-0.00175770	-0.02021472	0.10934764	0.14032517	0.19620096	0.27104095	0.33433090	0.07356791	0.04702429	0.14887114	0.05825959	0.03080126	0.06409223	0.14477894	0.07156065	0.07595585	0.14119978	0.08355866	0.05947197	0.11945559	0.12861133	0.08122625	0.11621266	0.08383382	0.21585471	0.22258532	0.07830083	0.10777275	0.18049155	0.11244162	0.04111765	-0.02553944	0.08382034	0.13892267	0.05531872	0.02398730	0.00798755	0.00124134	0.01077243
NAc-shell-rh	0.18143624	0.02793044	0.08277544	0.03927476	-0.06323527	0.11066025	0.16249170	0.16247401	0.11169395	0.07575186	0.01965272	0.16631475	0.17388493	0.06300836	0.02412289	-0.12823191	0.05367898	-0.00704661	-0.10845904	0.09994163	-0.10207795	-0.01087810	-0.11971026	-0.07936583	0.13661152	-0.02407201	0.15972955	0.13490932	0.19463251	0.02583279	0.18683488	0.18983123	0.16618375	0.22487878	0.18225671	0.10425639	0.05442076	0.10061704	0.20843963	0.10171863	0.14873305	0.09010501	0.14314727	0.12177910	0.01062151	-0.08832135	0.16359896	0.14052375	-0.03536980	-0.00940494	0.13128210	0.21816092	-0.00808066	-0.15647886	0.04336993	0.00061199	-0.05604866	0.21762203	0.16585079	0.18666939	0.17224105	0.19638423	0.13768850	0.07963515	0.18899544	0.15296524	0.10793165	0.08748207	0.14615971	0.13736977	-0.03487689	-0.04725273	-0.12681415	0.12799809	0.02128934	0.09398667	0.15963122	0.04210393	-0.02114206	-0.05950557	0.05321988	0.04193120	0.05859975	-0.13757784	0.10227028	-0.10752781	0.09547012	-0.14960810	0.07777620	-0.08296199	0.13395931	0.11803426	-0.00695918	-0.01445486	0.20817236	-0.01041290	0.05506592	0.10539008	0.15090683	0.26207746	-0.00963762	0.00819104	-0.08173537	0.14576256	0.27961427	0.03386668	0.01653156	0.25370934	-0.01281753	0.29318101	0.16305707	0.10815934	0.17592091	0.05024931	0.11217730	-0.01345825	-0.14894050	-0.00755359	-0.03744474	0.02885889	-0.00518757	0.26806013	-0.09643557	0.06082402	0.04786683	-0.00481030	0.02530639	-0.01375628	-0.18666672	0.02900560	-0.00311603	-0.01977143	0.20330762	0.15190118	-0.03406835	0.02289321	0.02808378	-0.05392191	0.16739399	0.01597066	0.09662364	0.14151585	0.13321877	0.02284492	0.04703493	-0.09756883	0.11554770	0.06811182	0.15825991	-0.02472873	-0.02532750	-0.03263225	0.05740075	0.11686644	0.12802961	0.15014512	0.16929273	0.34026055	0.10936882	0.16802792	0.17434438	0.12776839	0.11673002	0.16709926	0.16013232	0.25394471	0.15808895	0.09922446	0.03741630	0.09517486	0.09424145	0.21200158	0.31655201	0.13561833	0.25066200	0.15029356	0.04395174	0.07575376	0.07572450	0.16629078	-0.02939865	0.06426160	0.28241053	0.09243238	0.17038316	0.22462665	0.20808767	0.05826193	-0.01917695	0.06914444	0.01729879	-0.09750001	0.01968757	-0.00774105	0.28836387	0.14847980	0.17717793	0.08655413	0.07504507	0.00358651	0.23749422	0.15163558	0.08991757	0.22574009	0.12747238	0.07592875	0.19828418	0.23990593	0.24949130	0.26084167	0.09176302	0.13498387	0.13656287	0.11732384	0.09873287	0.04029680	-0.06854673	0.00703328	0.10626112	-0.04594815	-0.17137354	0.02893128	-0.09921434	0.14017386	0.03128739	0.00053662	0.20050208	0.04877564	0.25715217	0.18474339	0.19905103	0.11383219	0.25706627	0.16814344	-0.01545769	-0.08025406	0.09660087	0.01095560	0.05201538	0.13555229	0.11447933	0.03021718	0.02835151	0.02487198	-0.00087166	0.01588233	0.03364747	0.16724241	-0.08332428	0.14070611	-0.02905138	0.05256063	0.05140868	-0.05201582	0.07341887	0.08746035	0.12967977	0.09589431	0.16057500	0.21045540	0.06809802	0.16594644	0.10110374	0.01591111	0.08684757	0.34229491	0.00227118	0.01134507	-0.03989947	0.02198225	-0.15428054	-0.17173560	-0.01494411	0.01768084	-0.05281315	0.03633951	0.03681494	0.03982761	-0.13820170	-0.08042404	-0.00708341	-0.17461232	-0.01739157	-0.03553418	-0.10462754	-0.15244749	-0.12345309	0.00848557	0.09869266	0.04241574	0.00676816	-0.04111967	0.09783391	-0.00064674	-0.13598390	0.04129855	0.01659460	-0.02017076	-0.12165510	-0.07874812	0.11400522	0.12193847	0.14548189	-0.09769801	0.00112542	-0.12370427	-0.03968339	-0.00874293	0.32367161	0.10554185	0.19922858	0.22460023	0.01640288	0.21844186	0.04513343	0.01265025	0.17827076	0.03041497	0.00344845	0.03345170	-0.03736857	0.07863540	-0.11635842	-0.09100436	0.12566233	-0.01358590	0.00209415	0.09488332	0.04617386	0.00490063	0.00910515	-0.02959288	0.03430712	0.09427576	0.27730232	0.04943748	0.08088774	-0.00861582	-0.08812003	-0.15038346	-0.00726203	-0.02978478	-0.10737556	0.02081992	0.06646000	0.09049482	0.12990801	-0.05599341	0.05429588	0.02678768	0.03778656	0.04574659	0.04181657	-0.00287244	-0.11382290	0.28101571	0.29380633	0.16073593	0.09881501	0.09333781	0.21736055	0.15992280	0.20433888	0.12019124	0.16337014	0.12131209	0.00340024	0.13098752	0.09337710	0.23806320	0.17954590	0.05052608	0.20695715	0.19429195	0.16803870	0.08296427	0.08755837	0.10875309	0.21383767	0.10780392	0.00967044	0.21617599	0.25561949	0.10748982	-0.02889043	-0.05176725	-0.00625860	-0.02282268	-0.00002684	-0.01603540	0.11739477	0.12287940	0.11724412	0.16049374	0.18184903	0.16753561	0.05989854	0.03497518	0.13840097	-0.04032347	-0.08053924	0.06875539	0.06356159	0.07470065	0.06341324	0.03757412	0.27028826	0.16542625	0.44027394	0.38258304	0.16100161	0.09328842	0.25553543	0.07860463	0.31858443	0.25477079	-0.15933490	-0.04524314	-0.03803211	0.11194663	0.18462847	-0.02589076	0.19885875	-0.01088176	1.05346405	0.43762791	0.14162505	0.09523281	0.36101510	0.12486291	0.29869714	0.22581234	0.19795466	-0.02967917	0.19511839	0.04002323	0.05256449	0.06319085	-0.05096426	0.02291371	-0.01532720	0.09213097	0.05834713	0.17720777	0.13788527	0.19401860	0.16386089	0.17306170	0.20365926	0.09134677	0.17534982	-0.07220545	0.03818699	0.15725807	-0.11000931	0.14258575	0.03752165	0.17400373	0.13587626	0.09072081	0.19068875	0.22251849	0.22083132	0.19183780
NAc-core-rh	-0.04796961	-0.08970176	-0.03735929	-0.17652173	-0.18522116	0.12879215	-0.03043531	0.11977417	0.04428667	0.08386186	-0.05660467	0.05396445	0.01067674	-0.02583105	-0.15692465	-0.15208769	0.06811953	-0.19616292	-0.11007590	0.07085682	-0.19756452	-0.17268839	-0.17442486	-0.03143504	0.18018517	-0.02392572	0.12461524	0.12387006	0.09908765	0.07566818	0.23014446	0.21400552	0.16754079	0.20952587	0.15319749	0.06422133	0.04932983	-0.09979439	0.03610972	0.09981669	0.00080238	-0.03335305	0.10577252	0.01901243	-0.06314783	-0.06587339	0.14160804	0.02981416	-0.03643269	-0.00293873	0.15514988	0.05873661	0.11890785	-0.09922996	0.02471745	0.08826121	-0.02317429	0.18668895	0.08279428	-0.19099674	0.01473225	-0.07381316	-0.00428394	0.14622574	0.05468834	0.12729029	0.10155828	0.06905034	0.14524845	0.04889281	0.05201376	-0.05582664	0.05721160	0.11605657	0.13409481	0.13650076	0.13797470	0.03369707	-0.09236412	-0.12267673	-0.17280400	0.05350209	-0.01824025	-0.05546986	0.14741568	-0.10031629	-0.06572305	0.09888895	0.21973521	0.06993201	0.23725782	0.16594108	0.10085401	-0.02796538	0.33829719	0.12037745	-0.03676520	0.19736014	0.06157707	-0.02642591	0.14943802	0.02925115	0.06291637	0.09838024	0.09100192	0.21390221	0.02944573	0.05264994	0.00146281	0.08706692	0.15153212	0.03290574	0.04839370	0.11367591	0.06223884	0.09176890	-0.07883217	-0.00732603	-0.02472202	0.01598636	0.09650573	0.13400817	0.08085499	0.08590554	0.06555151	0.03458688	-0.13069730	0.03232505	0.01602293	0.14364376	-0.16954929	-0.06981318	0.32165221	-0.01998030	-0.08419615	0.01234063	0.02278007	0.05856158	-0.06292890	-0.02813836	-0.02963856	0.01244658	0.01828948	-0.00168207	-0.04462269	-0.11755215	0.00044728	0.02854402	-0.16630227	-0.12480665	-0.25277843	-0.12747209	-0.22529819	-0.22584379	-0.22589326	-0.11461866	0.00551571	0.07421703	-0.16184647	-0.11308003	-0.12031151	-0.09503937	-0.15094264	-0.03769162	0.06035183	0.07392177	0.02493373	0.05468860	-0.00732341	-0.08520264	0.04393582	-0.01093543	-0.00205739	-0.07162731	-0.01110083	-0.06375361	-0.05428239	-0.09525767	-0.09402396	0.01220469	-0.02521112	-0.03650162	0.03945739	-0.03657300	0.01320082	0.06075158	-0.01803214	0.02813667	-0.13113058	-0.18439411	-0.19578888	-0.14123006	-0.14236129	0.02748522	0.01363772	0.06373397	-0.04321438	0.14802086	0.00473599	-0.13978792	0.12403691	-0.06568736	-0.11531420	-0.04929522	-0.00924993	0.00959413	0.00853513	0.20333177	0.27068679	0.15149645	0.05227467	-0.04940007	0.02007434	0.21465753	-0.07163475	-0.09662507	-0.09717299	-0.14948587	0.06409718	-0.05746724	-0.25652660	0.03958333	-0.19399521	0.07405842	0.04592150	0.04369856	0.08348801	0.08998502	0.17969426	0.16190161	0.01952538	0.00365439	0.19076843	0.21741717	0.03936660	-0.22693715	0.01228902	-0.07340416	-0.15732117	0.00850292	-0.03743831	-0.00787978	-0.03233545	0.04164813	0.00694901	0.03839942	0.07838993	0.00499698	0.03754204	0.13748085	-0.02059001	0.06527141	0.04938837	-0.00439737	0.01842777	0.12481387	0.20323510	0.15482396	-0.01124591	-0.04573628	-0.05837101	0.09804572	-0.04697347	-0.05155182	0.00168045	0.23181048	0.01157610	0.00583961	-0.04023622	0.03832084	-0.19015673	-0.11364412	0.10881410	0.02790714	0.08404896	0.09910642	0.06470938	0.01273032	-0.14010851	-0.27407951	-0.17634679	-0.09873507	0.12618096	0.13323808	0.07450915	-0.06785531	0.16661613	-0.00139423	0.03045765	0.16687153	-0.01644204	0.11225658	0.07822830	0.02500277	0.15073854	0.12053627	-0.13462027	0.10676697	0.04367008	0.07906916	0.15604845	0.10579097	-0.02857297	0.12353874	0.17095590	0.06078684	0.12202769	0.07032515	0.22175227	0.16865884	0.05909034	0.25290000	0.13389594	0.11317590	0.01269147	0.00327664	0.09114532	-0.00450973	0.03760774	0.13231579	0.01703681	-0.04081763	-0.03745658	-0.13634429	0.13271690	0.13734011	0.03051136	0.11940934	-0.07407641	0.07895037	-0.06252992	-0.01811254	0.01984972	-0.01848623	0.18379681	0.06328710	0.11962640	-0.00689395	0.09386292	0.13027240	0.04979047	0.06851467	0.02706041	0.03738928	-0.04354122	-0.13609318	0.02250880	0.04285242	-0.03040964	0.13413291	0.03929890	0.07114295	-0.18251732	-0.06149067	-0.06439347	0.01083118	0.18151675	0.07630372	-0.03057993	0.06935438	-0.07472720	-0.10603116	-0.16773740	-0.13978509	0.06299485	0.01188565	-0.17635510	-0.04645336	-0.05700910	0.07636398	-0.08679185	0.00118275	0.04108327	0.08943637	0.08229552	0.04811812	-0.03547225	0.08985285	0.05067433	-0.07747620	0.03549391	-0.06714358	0.05640821	0.18879551	-0.06987951	0.07461714	-0.14429971	-0.15817555	0.01229114	-0.15341158	0.08197210	0.02444128	0.17318799	0.06484848	0.02413476	0.21679455	-0.03368066	0.09234665	-0.01162808	0.09209056	-0.08111113	0.06644471	-0.04392727	-0.06639340	0.05098802	0.08006354	0.17882190	0.26414566	0.38081927	0.37857803	0.22111703	0.05811735	0.34779579	0.16317275	0.30019844	0.26443475	-0.11264574	-0.13918064	-0.03344395	0.00054866	0.01790221	-0.01901000	0.16859859	-0.00175770	0.43762791	0.96795941	-0.00910258	0.08246611	0.37375613	0.12786989	0.34516684	0.27397624	-0.06825682	-0.19193628	0.06015631	0.00253765	0.00656299	-0.08680619	-0.18450087	-0.09174131	-0.21462338	-0.08480648	-0.17798513	-0.08790749	-0.11852438	-0.04017707	0.11825511	-0.07486815	0.09365485	0.01924035	0.09548089	-0.31783216	0.02090735	0.09503470	-0.11592373	0.06588943	-0.20041143	0.02787061	-0.07958000	-0.04277026	-0.02538676	0.05827702	0.07491040	0.03011579
pGP-rh	0.12090906	0.13487895	-0.05055760	-0.03070822	-0.02214267	-0.06216323	-0.02665491	0.09557965	-0.07245158	0.13938213	0.14634744	0.19110753	0.31048897	0.11028417	0.09927912	0.05680651	0.19831646	0.10708186	0.09749906	0.19977819	0.12237135	0.17631250	0.15072096	0.11863354	0.08581942	0.14442116	0.17582916	0.09993046	0.03855039	-0.01899880	0.03521780	-0.06750796	0.03236944	0.00847900	0.05020026	0.05208349	0.04820589	0.03952968	0.05714107	0.05958319	0.16604554	0.07731866	0.12079282	-0.04847278	-0.08346696	0.15352721	-0.04036052	0.16478786	-0.12322203	-0.00587855	-0.06978311	-0.09213278	0.15358836	-0.11120402	0.13931388	0.11076267	0.11064909	0.02525412	0.18422802	0.05930315	0.23196555	0.06132147	0.01811122	0.01084764	0.08652045	0.07105761	0.05807101	0.04684369	0.06816331	0.01613794	-0.03891254	-0.00465026	-0.16000448	0.04626569	-0.10992970	-0.01340793	-0.05249899	0.12450989	0.07469112	0.06108452	0.03856550	0.11741037	-0.05522865	0.10378354	0.04690353	0.02541209	0.16874101	-0.06236449	-0.09160659	0.01597259	-0.10348605	0.00625077	-0.00847886	0.00185382	0.05130700	0.03800024	0.08510542	0.05994594	0.06197609	0.18615042	-0.14705031	0.11325739	-0.07953987	-0.22568609	0.04824662	0.06469162	-0.17117173	0.03350602	-0.22828820	0.00720491	-0.20420229	-0.10812059	-0.00720220	0.02912361	0.00604521	-0.15038621	0.03087501	0.03046478	-0.28422033	0.05511306	-0.06503963	0.09300767	-0.14207776	-0.02949063	-0.01519036	-0.07136932	-0.00564246	-0.16430226	-0.23534179	-0.22283665	-0.03835781	0.05280570	-0.05038510	-0.16258712	-0.15217183	-0.02561362	-0.07578575	-0.07274877	0.05865010	-0.18685547	-0.06163146	0.07818454	0.11456478	0.04350440	0.02947220	-0.03676226	0.06558468	-0.08271514	0.06704989	-0.05443519	0.00283627	0.03815549	-0.02870622	0.10453845	0.12154229	0.00671299	-0.06005128	0.12628692	0.08329345	0.00540807	-0.02566847	-0.07644697	-0.00100524	0.02646034	-0.07000344	-0.06076766	-0.11678984	-0.08046830	-0.00170196	0.01436820	0.00337122	0.09845638	0.01931934	0.15358262	0.05459736	0.16125369	0.17255480	0.07446508	-0.02392044	0.10209363	0.22030616	0.26924919	0.14993144	-0.13959955	0.05571041	0.17947627	0.22949598	-0.07433955	0.01083626	0.05351626	0.00619282	0.05342454	0.14234801	0.07387519	0.00606077	-0.00975487	0.15836804	-0.00838196	0.01353005	0.03919087	0.21355428	0.06834358	0.23698307	-0.01122082	-0.05932250	-0.11063981	0.05586391	0.04015566	-0.11479010	0.16207640	0.10421104	0.17092719	0.29643279	0.16564265	0.11217276	0.09433800	0.21186315	0.14447776	0.17779190	0.10545489	0.06841649	0.08748709	0.13429718	0.14770972	0.20844336	0.15950636	0.15153342	-0.05502734	0.03463181	0.05408280	0.13628156	0.12966965	0.05185519	-0.07193426	0.07104178	0.02890971	0.05686645	0.04691052	0.13668748	0.19560022	0.03581490	0.03288973	-0.09966720	0.17619151	0.04586270	0.05741780	0.08219538	0.09964816	0.04264763	0.12277960	0.10220712	-0.06939701	0.02358566	0.00007728	0.10036338	-0.10498169	-0.01998833	0.10935938	0.32873509	0.11775181	0.07406573	0.09184873	-0.11318445	0.21175359	0.18642806	0.27144855	-0.03413217	0.17016844	0.06304734	0.00833880	0.13977345	0.16036745	-0.00941365	0.12257377	0.04333407	0.04401726	0.00094693	-0.06894804	0.12199214	0.14119936	0.08050876	0.05637813	-0.04368052	-0.02218970	-0.05481642	0.06777069	-0.02378723	-0.10193419	0.19001338	0.00280703	0.06028267	-0.06206898	0.02824868	-0.00676426	-0.08229419	0.14879589	0.06671290	-0.00001801	-0.20968013	0.00370206	-0.00079129	-0.00925070	0.17279018	-0.10992117	-0.14018955	-0.09878330	-0.06522185	-0.00760413	0.13639535	-0.09789032	-0.00555121	0.08349124	-0.26499648	-0.02725999	-0.19798067	-0.03877684	-0.13121495	-0.03783349	-0.06515976	0.05775513	0.08893532	-0.01154539	-0.01336830	0.06245670	0.12004587	-0.04170758	-0.04400676	0.04775718	-0.03053758	-0.11511575	-0.13006105	-0.01717432	-0.13473260	0.08655478	-0.02856305	-0.10853586	-0.14692618	-0.00652398	-0.14656027	-0.10568972	-0.03262842	-0.07114400	-0.08721513	-0.02353411	-0.02895928	-0.13943261	0.00972277	-0.04702770	-0.10613848	-0.23127905	0.02587827	0.02156460	-0.05396046	-0.07704034	0.02423696	-0.03757482	0.03232142	0.09310886	-0.11409239	-0.12351383	0.00796034	0.07767912	0.03285039	0.06855330	-0.07352046	0.03629726	-0.07995210	-0.18611604	-0.20935807	-0.07850284	-0.06114820	0.01064294	0.01559705	0.04240535	-0.11659530	0.20978442	-0.04689164	-0.00699678	-0.08680192	0.14867378	-0.03201354	0.23474409	0.00630514	0.04231624	-0.20768999	-0.14981772	0.09691351	-0.07609526	-0.01757005	0.19692545	0.26034436	0.04742087	0.12679747	0.15231704	0.00100858	-0.19218828	-0.09983878	-0.08810475	-0.08610857	-0.06480199	0.02006811	0.03140761	0.01952572	0.02961423	0.01659301	-0.08229796	0.02078833	0.02669040	-0.07131914	-0.00600175	0.10642983	0.04971376	-0.06991851	0.03577321	0.06559220	0.04577262	0.13713029	-0.07181815	-0.01461865	-0.11126748	0.01380438	-0.17778346	-0.03796760	-0.02021472	0.14162505	-0.00910258	1.11608892	0.04973272	-0.03895740	0.18776108	0.10165783	-0.01505346	0.12823199	0.03914027	0.06871439	0.18291394	0.07848069	0.18624949	0.09005944	0.17152085	0.03278200	-0.01025797	0.08664966	0.05750510	0.05670698	0.10438803	-0.00264048	0.14292672	0.13841781	0.15886677	0.15199512	0.18852055	0.20439783	0.10020191	0.11448208	0.14979564	0.23448715	-0.02958571	0.21446437	0.02629377	0.13127404	0.07262122	0.06406061	0.15774084
aGP-rh	0.13596132	0.09186409	0.07848057	0.08094749	0.01162204	0.05460000	0.06586309	0.02927099	0.12367877	-0.02518459	0.14018006	0.15765929	0.13874858	0.20549527	0.15608173	-0.03112316	0.07861396	0.13580715	0.02896030	0.04957572	0.06768363	-0.01219439	0.04042833	0.10412003	0.15630058	0.03416971	0.11036226	0.12259669	0.10352118	0.21838520	0.18382075	0.11645214	0.12271755	0.14188533	0.21644392	0.07362909	0.04005718	0.09023582	0.25007950	0.14016646	0.06462691	0.16491703	0.10422902	-0.08248149	-0.02033654	-0.09791910	0.04389669	0.12722910	-0.08745349	0.06941311	0.06084791	0.03877074	-0.00872842	-0.16366486	-0.02090373	-0.22563333	-0.01319775	0.05423825	0.09928904	0.01043540	-0.01958831	0.04396875	0.04486066	-0.00123839	0.09994789	0.02442657	0.09193396	0.12931704	0.07538414	0.14810629	0.13219990	0.13312569	-0.15199749	-0.06731500	-0.16862550	0.11582119	0.16122322	0.13300562	0.05675451	0.01322148	0.00855146	0.03682516	0.05670520	0.10037454	0.08870914	0.07522376	-0.12834211	-0.17072137	-0.05795774	-0.02708182	-0.06524762	0.05475634	0.15926846	-0.08659056	0.06739577	0.09912285	0.01036613	0.14958849	0.12549752	0.13687403	-0.02943324	0.05987411	-0.09921614	-0.02838645	0.03770857	0.10134868	0.06354034	0.16806799	0.05217489	0.14296497	0.05284683	0.17519469	0.16236256	0.04970870	-0.08192102	-0.01490560	-0.14450745	0.01249503	-0.02169278	0.04812578	-0.01733170	0.10381349	-0.13315197	0.11355891	0.03143507	-0.07063611	0.11985348	0.02527431	-0.02564441	-0.05397962	-0.00232820	0.01357620	-0.01087363	0.01403912	-0.00576521	0.12306428	0.02005051	0.07348521	0.09835089	0.12649839	0.16435618	0.12189121	0.12224093	0.00857199	0.10916838	0.03689963	0.02377870	0.05697899	0.13118195	0.05100723	-0.08301137	0.13121460	0.02926604	0.04221950	0.05322436	0.06438224	0.05317996	0.04973939	0.10048690	-0.03490956	0.15430870	0.06680560	0.04380066	0.03808684	0.17118186	-0.01069220	0.09560129	0.05233950	0.07268434	0.02934462	0.01866982	0.10334542	0.05879896	0.13792016	0.09748043	0.10861231	0.07185471	0.09955104	0.11985608	0.24471337	0.17101326	0.16665394	0.18146907	-0.10597206	0.11048483	0.11719651	0.06333557	-0.15337658	0.01966541	0.02053289	-0.03277509	-0.04240296	0.03196506	0.08550560	0.01048883	-0.05834532	-0.04167816	-0.14285019	-0.01489534	-0.09751237	0.16836899	0.00599148	0.11590731	0.13369354	0.03742243	0.07499966	0.14024532	0.04813576	0.08855184	0.03600317	0.07427382	0.08059221	0.11085406	-0.02834948	0.11828230	0.24476438	0.03495739	0.08251604	0.10699540	0.07140659	0.07575202	0.07111488	0.07386670	0.14377987	0.04987755	0.11046161	0.19522913	0.13549925	0.16183987	0.18322326	0.21341188	0.24822372	0.23571691	0.21667847	0.21538176	0.01157781	0.10720846	0.18357595	0.12862171	0.12286220	0.17235936	0.23254030	0.14167359	0.12163406	0.06265853	0.11257586	-0.01482496	0.13293365	-0.02533480	0.12273707	0.00996338	0.02883384	0.15034097	0.08405747	0.00569683	-0.10594870	0.04807614	0.05265647	0.08554326	0.06925903	0.10003775	0.05670574	0.03589018	0.09018349	0.00472836	0.01263458	0.05034401	0.14601955	0.14946607	0.13396352	0.15295422	0.15927342	-0.02911778	0.01807257	-0.07410737	0.07561786	0.04133974	0.21935176	0.12257891	0.15601358	0.09480622	0.15975054	0.17537864	0.15540060	-0.08194448	0.01159149	-0.05165910	-0.11430011	0.08540043	-0.01625468	-0.01422632	0.01702866	0.03285950	-0.00504611	-0.09146376	0.15047248	0.13727739	0.09313704	-0.05164624	0.09145439	0.16896147	0.19884703	0.14860217	-0.15355284	-0.09793770	-0.03243546	0.07174730	0.04577389	0.06662227	-0.09653508	0.05657812	0.11120873	0.09438524	0.06601709	-0.01067518	0.09220104	0.14651193	0.04690403	0.03502066	0.02309347	0.00236456	0.06997233	-0.07292588	-0.05468015	-0.00050065	-0.06921673	-0.10372676	0.08351210	0.06622639	0.04571885	-0.07887803	0.14530268	-0.10586691	-0.03790527	0.02500238	0.06833798	0.04457842	0.07463720	0.05486648	-0.07004059	-0.07833323	0.04748047	0.15248838	0.05937443	0.11280866	0.03402620	0.09814956	0.04787163	0.15297514	-0.01055299	-0.02932011	-0.01552649	0.08929641	-0.00497930	0.01433744	0.07388084	0.01449572	0.12797559	0.10575664	0.01421141	0.10390904	0.05301636	0.01511786	0.05917870	-0.03945988	0.09315095	-0.01210014	0.05509212	0.02008567	0.06172290	0.09655283	0.13670773	0.20670958	-0.01877738	-0.02086544	0.12397157	0.11078353	0.03234293	0.10235899	0.04993511	0.12158273	0.03197930	-0.01568555	-0.03267731	-0.09734379	-0.05669631	0.01314211	-0.05761094	0.04170562	-0.10544472	0.05698497	0.01360976	-0.03775605	0.04932444	-0.02047683	-0.05876638	-0.21544623	-0.09824467	0.05050365	-0.11211215	-0.04903674	0.05633217	-0.00937465	-0.04543178	0.09861276	-0.01194640	0.17672364	0.12300114	-0.00030246	0.12598356	0.23302972	0.09491738	0.09896532	0.11408424	0.19380623	0.09827771	-0.00465118	-0.04945390	0.03363726	-0.01231145	0.10736816	-0.03083693	0.20008122	0.10934764	0.09523281	0.08246611	0.04973272	0.94190994	0.10944564	0.06090093	0.09758933	0.22666345	0.18257915	0.04140877	0.18227777	0.12165857	-0.15468441	0.11507842	0.12190541	0.04009710	0.06304056	0.08309004	0.06990941	0.09345783	0.01433875	0.17227389	0.15599097	0.07030587	0.21920712	0.26005519	0.24852712	-0.05006746	0.12461669	0.25294683	0.13588947	0.09971109	0.04344364	0.22920241	0.20556755	0.11024879	0.16841674	0.15123075	0.12544415	0.18164907
aPUT-rh	0.20574342	0.02715492	0.25078833	0.16868331	-0.07403076	0.11945366	0.17996325	0.09120319	0.24209359	0.14877408	0.05702829	0.17487441	-0.04612552	-0.00794346	0.01336860	-0.23623531	-0.06782089	-0.08292163	-0.25476911	-0.05794498	-0.26758719	-0.17783626	-0.24359886	-0.12631854	0.18932598	0.01462209	0.12541590	0.02688724	0.23464108	0.02974385	0.26900876	0.33352677	0.18999915	0.24394266	0.15753422	0.19065680	0.02114229	0.07133224	0.19998222	0.18319305	-0.01298486	-0.00060399	0.08959888	0.21366890	0.05978064	-0.14032849	0.05846962	-0.01428828	0.01821430	0.13665523	0.12637027	0.25343301	-0.00789854	-0.08531994	0.02906547	-0.14807243	0.02203880	0.32312582	0.17874136	-0.01801076	-0.02247663	0.07418892	0.14080103	0.16887605	0.15391546	0.19109621	0.09481576	0.15552064	0.12528139	0.16652508	0.16375623	0.06987285	-0.01983935	0.03155746	0.01318754	0.13635154	0.18257510	0.04155411	-0.04461258	-0.17000869	-0.10225565	0.24338256	0.11508138	-0.08189721	0.20652306	-0.12636465	-0.05657149	-0.00190533	0.13799598	-0.02697059	0.17711454	0.23123090	0.12681531	0.03484646	0.39973078	0.09046093	-0.00289843	0.25730975	0.25838815	0.09188659	0.05800296	0.02334773	-0.07316712	0.07182914	0.05939315	0.16524698	0.10369720	0.07659016	0.02019175	0.17120173	0.13835496	0.09339420	0.19875609	0.06493531	0.00635301	0.06111717	-0.15412671	0.05710618	0.03739551	-0.08856037	0.09150921	0.23479122	0.01232648	0.20014163	0.04934700	0.07867044	0.06022324	0.18080047	0.08240760	0.14158490	0.09793433	0.02482997	0.18794745	0.24450598	0.07846191	0.15243542	0.08327344	0.01939157	-0.04529122	0.13644057	0.15259721	0.03138698	0.12027560	-0.03926252	0.04198152	-0.07635196	-0.01597888	0.04687866	0.02028414	-0.07017278	-0.15120492	-0.10600951	-0.01678888	-0.06932672	-0.01694547	-0.05672157	0.02677785	0.13710124	-0.00387207	0.01544769	0.08434154	0.00109893	0.00343716	0.01159078	0.20736578	0.04222837	0.11466739	-0.00084351	0.09404791	0.00694170	0.07923861	0.08932858	0.07494146	-0.01685098	0.09997474	0.03176400	-0.04598757	-0.06283862	0.00938757	0.14597731	-0.01767112	0.04517448	0.03382928	0.07083239	0.09957861	0.14996676	0.10962277	0.08360347	-0.15533349	-0.08771932	-0.16080774	-0.04847993	-0.06704736	-0.07684837	0.17400300	0.18297109	0.01839392	0.13373193	0.05040415	-0.05085357	0.16883899	0.16994378	-0.00030485	0.26861431	0.17480153	0.15507065	0.20954560	0.26672587	0.28736803	0.23599743	0.10513295	0.07071026	0.03830939	0.03503181	-0.06739691	-0.03128655	-0.13492279	-0.21401028	0.00116254	-0.09359419	-0.23678962	-0.07366352	-0.14761170	0.03578857	0.06496575	0.22214044	0.13912238	0.21602736	0.25227230	0.19424243	0.17606727	0.10630822	0.20874052	0.29474196	0.05242940	-0.04038422	-0.03255913	0.01813422	0.02377789	-0.06492411	0.12705036	0.08249019	0.10264754	0.12503080	0.03628901	0.05280953	0.01123171	0.13363800	0.21382184	0.02638141	0.03696175	-0.01371584	0.15427271	-0.01199194	0.01765082	0.08153684	0.27083900	0.14470699	-0.01493450	0.14511247	0.10805096	0.23410793	0.08657821	-0.01299450	0.09883894	0.18881091	0.06454917	0.07315133	0.02740808	0.02303118	-0.15172631	-0.10539436	0.02471803	0.03024296	-0.11112199	0.02098536	0.05649162	0.03985719	-0.15617402	-0.22659144	-0.07987311	0.05635954	0.12228456	0.22508198	0.08241014	-0.08713870	-0.01792703	0.06569281	0.10584409	0.12581542	-0.03426227	-0.02520679	0.03266332	0.14480662	0.03874244	0.10974894	-0.07354088	0.07981244	0.02161706	0.00674183	0.10249154	0.22810831	0.10328716	0.01730494	0.08390191	0.14383558	-0.01470698	0.02858819	0.18720808	0.12574010	0.00204365	0.17183634	0.12194853	0.08115283	0.09961501	-0.03459408	0.13483786	-0.02770501	0.14887025	0.07562089	0.03498405	0.04504829	-0.01312389	-0.10365133	0.11796797	0.05163208	-0.01333408	0.12805482	0.04045981	0.24437987	0.08230547	0.13068039	-0.02780617	0.09658630	0.22805214	0.11295848	0.24570737	0.00523320	0.09640133	0.02470338	-0.11184614	0.05848034	0.09734774	0.14373851	0.16850509	0.09045262	0.06576862	0.11401086	0.18060627	0.13756922	-0.11268057	0.01575874	0.00788136	-0.03841928	-0.08691307	-0.01855876	0.08541714	0.07141083	0.11038363	0.14324621	0.06516369	0.04725866	0.04558711	0.06598387	0.05692403	-0.05586674	-0.04260860	0.14871708	0.13842857	0.05159780	0.11808057	0.07550599	-0.00932336	0.24066297	0.17257075	0.05093303	0.09490405	0.06276559	0.16497637	0.00511812	0.01961868	0.01243554	0.16330118	0.22838603	0.03997304	0.05313626	-0.13242364	-0.15515113	-0.02264580	0.01574156	0.10798391	0.10892212	0.10887639	0.24798943	0.13199004	0.22448009	-0.05602654	0.16734103	0.04106082	-0.01913631	-0.14699353	-0.16805250	0.05277800	0.00783254	0.01488649	0.12773989	0.24971650	0.26673108	0.21978639	0.30950583	0.12739845	0.20668871	0.56482171	0.33791807	0.42067654	0.38848748	-0.15943956	-0.08347231	0.02462443	0.19001633	-0.00615366	0.13500614	0.20243533	0.14032517	0.36101510	0.37375613	-0.03895740	0.10944564	1.01362888	0.39759186	0.42743708	0.42897911	0.11961447	-0.09025021	0.10566645	-0.01282518	-0.04667092	-0.01529466	-0.13414507	-0.00201730	0.09198690	0.11733964	0.05931500	0.14738480	0.22187922	0.17434004	0.27129430	0.11262374	0.11924441	0.12805766	0.13406634	-0.23163044	-0.02477392	0.08563607	-0.17598744	-0.00773079	0.01725859	0.28412066	0.17756991	0.25235408	0.21229895	0.26491067	0.31460773	0.17573668
pPUT-rh	0.14453315	0.10428557	0.12584128	0.12196479	-0.08939930	-0.05047476	-0.01112734	0.10273177	0.05059607	0.16027899	0.22216781	0.25328240	0.15633212	0.12098258	0.10220369	0.09536107	0.12370970	0.00142049	-0.04849081	0.04475728	0.00275241	0.03060654	0.03523003	0.06660896	0.23022482	0.16821392	0.21538464	0.28541565	0.17414818	0.20117513	0.26057857	0.12362163	0.25524839	0.23340126	0.15200374	0.15972498	0.07915925	0.16970698	0.31071513	0.18941006	0.16282760	0.22873070	0.24402258	0.22061256	0.05588088	-0.00982033	-0.02732540	0.01625955	-0.00966530	0.07654165	0.02673172	0.15780004	0.09022785	0.03146418	0.13757993	-0.01114711	-0.00183040	0.24019662	0.14090573	0.01779272	0.09916194	-0.01646503	0.02998949	0.00650191	0.11663147	0.02208912	0.16284703	0.15412515	0.05486834	0.11236333	0.14227404	0.15534433	0.03063494	0.03033206	0.00563606	0.08386384	0.16589015	0.18979898	0.18135235	0.07748115	0.17956284	0.20885552	-0.04239144	0.08943932	0.06717252	0.11255835	0.03149998	0.12449420	0.12457215	-0.02953355	0.03025128	0.12836336	0.21521158	0.07841506	0.31998595	0.26867688	0.16415361	0.34688989	0.14927572	0.15521186	0.04178600	0.03902775	0.01818461	-0.04530063	0.03318114	0.02657496	-0.01994504	0.01480302	-0.04006150	0.21901976	0.04143126	-0.00678866	0.00343438	0.00456969	0.06525510	-0.09383045	-0.08657087	-0.01407519	-0.09136345	-0.03024174	0.06493968	0.18565472	-0.00416617	0.04540182	-0.02215607	0.00569931	0.04668616	0.10517348	0.06994824	-0.02107464	0.04813006	0.00815138	0.14346639	0.06500117	0.01699229	0.07374844	0.04500156	0.01263338	0.03386238	0.07985612	-0.00091238	-0.01106385	0.11150530	-0.02602094	0.06968540	-0.05579637	-0.03203166	-0.04548952	0.00808571	-0.07588139	-0.10210270	-0.04301415	-0.01608484	0.05044675	0.03840515	-0.06835481	0.03443717	0.22549095	0.00598172	-0.05606737	0.01079790	-0.02606425	-0.05299104	0.01325996	0.12140664	-0.01731822	-0.03444673	-0.10702766	0.01878603	0.05324024	0.11155356	0.11662993	-0.02401929	0.05832223	0.06151757	0.10450414	-0.01176420	0.00088285	0.05295221	0.12547656	0.09128000	0.09378736	0.13070367	0.08720419	0.15573164	0.21472818	0.19017407	0.01912952	-0.05716770	-0.06829566	-0.14531816	0.09662127	0.07645982	-0.08463337	0.20519341	0.15423531	0.08736613	0.07048672	-0.03374824	-0.01590601	0.20462467	0.10524129	0.10586033	0.17507656	-0.01960577	0.12784299	0.08085149	0.07996922	-0.04237754	0.16303240	0.11262671	0.14074943	0.18070560	0.06914793	0.15431075	0.10809267	0.12198511	0.04599986	0.10475014	0.06368410	0.05802426	0.06285671	0.16367365	0.05524621	0.20851314	0.35747635	0.23836825	0.17680619	0.24449138	0.22970209	0.16556491	0.24333304	0.22910247	0.18340936	0.19853261	0.22279472	0.13603934	0.18692158	0.23152544	0.24055511	0.25381420	0.25316135	0.16130479	0.28662873	0.21121243	0.20281771	0.02151421	0.22983603	0.26328153	0.10358045	0.26948877	0.01476088	0.18533988	0.13598602	0.10376109	0.00861352	0.14589450	0.19499172	0.16958842	0.21809256	0.07283222	0.22136830	0.08469087	0.20956476	0.17898000	0.19341938	0.12987724	0.15361462	0.12182070	0.13564910	0.10761474	0.18082894	0.07504668	-0.05272137	0.02810661	0.20238403	0.12403363	0.12449643	0.12501884	0.09924349	0.12382150	0.21183443	0.06741905	0.25264467	0.20284560	0.08216359	0.09698982	0.05147400	0.21766668	0.18626584	0.10525804	0.06940558	0.09592413	0.29353894	0.00363014	0.30377704	0.16031678	0.21161154	0.10278586	0.19696187	0.21096695	0.17574389	0.11724151	0.03597444	0.10744943	0.08627702	-0.02496297	0.06256917	0.09350242	0.07580460	-0.11039116	0.17381231	0.04307638	0.12417585	-0.04889564	0.11225509	-0.01323142	-0.09819307	0.06640497	0.01140489	0.13095980	0.00560378	-0.04402939	-0.07012953	0.19889662	0.11415153	0.01318827	0.17531736	0.00671460	0.18321095	0.07861739	0.07606211	-0.06446585	0.10585193	0.02586097	0.06484673	0.19283879	-0.05056579	0.02535410	0.04489976	-0.05075489	0.02060494	0.01528616	0.11469500	0.10509613	0.18960507	0.13127278	0.16175372	0.00320358	-0.03029160	-0.16440142	0.02499381	0.00086948	-0.08682245	0.02049655	-0.01381763	0.04285281	0.06877791	-0.01524106	0.04685411	0.04592370	0.08763086	0.07784727	0.12871152	-0.03098223	0.02839809	-0.07965774	0.06751878	0.09489220	-0.02402486	0.03170533	-0.01378221	-0.05541208	0.27753206	0.07876505	0.02564531	0.09628739	0.14856414	0.03866186	0.11837896	-0.01749918	0.14929956	0.15094418	0.20166845	-0.01700955	-0.09552495	-0.02490650	-0.11194539	-0.04568455	0.09770301	0.14911217	0.02697856	0.15391870	0.33578470	0.07298090	-0.00743851	-0.08259978	0.06700569	-0.03117658	-0.00440060	-0.12190094	-0.04111690	0.05569482	0.01009463	0.14224111	0.01741012	0.15664746	0.25160610	-0.02143148	0.08492537	0.05684125	-0.01469982	0.32698917	0.33993300	0.30694960	0.22234068	0.04267524	0.00257687	-0.02446275	0.19270526	0.11863655	0.06099170	0.04128773	0.19620096	0.12486291	0.12786989	0.18776108	0.06090093	0.39759186	0.99097525	0.32223797	0.37308349	0.15160691	0.02068347	0.19665061	0.16843611	0.04481322	0.16015598	0.07848605	0.11835657	0.09619095	0.08947459	0.10148222	0.10689844	0.19285477	0.09084338	0.01094396	0.12378275	0.19273425	0.23705323	0.15641334	0.08232934	0.04875914	0.21557527	-0.00637120	0.09063029	0.06349004	0.10403227	0.19903897	0.11433507	0.15555671	0.03598211	0.13619422	0.05346620
aCAU-rh	0.25729397	0.22887727	0.24424019	0.24799807	-0.07952929	0.06950354	0.17845247	0.21270430	0.19459872	0.28156823	0.21851105	0.31125435	0.23181966	0.24530403	0.28912710	-0.06300179	0.02228039	0.12117330	-0.02991784	0.11944018	0.02676066	-0.04464256	0.05513293	0.06224367	0.13242675	0.09515409	0.21122724	0.25323924	0.12397282	0.14789815	0.12261906	0.23592963	0.23235443	0.22488411	0.17791639	0.32578622	0.05475189	0.16266214	0.29831984	0.22546469	0.06804515	0.17699166	0.23433220	0.17376603	0.09710032	-0.03738208	0.01620981	-0.16378064	0.06817920	0.06966835	0.09019436	0.24136282	0.08167296	-0.03529353	0.08023592	-0.04099677	0.14820969	0.11780022	0.28849016	0.13569521	0.23436966	0.13686794	0.10727168	0.08842474	0.22235799	0.18350298	0.26270071	0.23503090	0.26193540	0.07752458	0.17665637	0.16931207	-0.07012912	0.10152061	-0.04644006	0.12016423	0.18546116	0.16643936	0.06648042	-0.00484675	0.15634278	0.31189400	0.13293892	0.07299259	0.21975847	-0.03653270	0.23088038	0.03996247	0.02539284	-0.04445131	0.14666875	0.14119043	0.17378190	0.27405017	0.21961309	0.15611414	0.07410411	0.21288147	0.38359446	0.32563818	0.04221611	0.20827694	-0.01046687	-0.00865592	0.23895019	0.09468089	0.14305639	0.27610971	-0.05969478	0.19473063	0.02549712	-0.02126882	0.34398080	-0.00840468	-0.02038815	-0.16867605	-0.19379616	-0.00261995	-0.13016150	-0.04079709	0.06706755	0.28688923	0.09406646	0.26603249	0.10036121	0.09291352	0.20120602	0.22842995	0.14345876	0.14218357	0.24664304	0.21375930	0.12648062	0.21098127	0.05938328	0.30910615	0.19583780	0.09946005	0.06888843	0.29547999	0.35416065	0.26362924	0.40769515	-0.03095233	0.08268192	-0.03551131	-0.11449192	-0.06996877	0.12814931	0.10615271	-0.08437767	0.20827284	0.07663037	0.03122973	0.06561354	-0.07780836	0.00319458	0.18973817	0.12709724	0.02194929	0.14685908	-0.02241341	0.09123957	0.20745349	0.31025307	0.15693787	-0.01061524	0.02452930	0.08002645	0.17943067	0.21464488	0.26322591	0.12498814	0.22002907	0.26207384	0.22206859	0.26271201	0.19874568	0.08186632	0.38298290	0.25866618	0.34425759	0.14182380	-0.02969385	0.29780267	0.35901637	0.35786307	-0.03581870	-0.01892726	-0.09837676	-0.16659836	0.13485221	0.21880167	0.07552996	0.30337846	0.27401176	0.20781085	0.16530912	0.03084745	0.05309893	0.40525673	0.25139903	0.28109921	0.35424129	0.24082524	0.18262535	0.36367378	0.34955650	0.32865115	0.38927145	0.19019482	0.34376083	0.34454959	0.14780495	0.19098154	0.14943450	0.08501382	0.06854469	0.11680704	0.07701988	0.02053373	0.14184033	0.03036367	0.22567886	0.19437677	0.17780724	0.16807557	0.08308442	0.28405357	0.15344595	0.17251263	0.12834207	0.17991181	0.16917387	0.20292648	0.11944340	0.04641392	-0.00268755	0.16476400	0.27530759	0.20581636	0.25448251	0.07177117	0.18145308	0.10688135	0.09869297	0.14588506	0.16099149	0.11769825	-0.06013222	0.09674865	0.02095144	0.04216145	0.02679271	0.09429464	0.10412371	0.21496618	0.16362821	0.13149450	0.34229595	0.34534728	0.35314008	0.07938043	0.20874761	0.26785006	0.32889470	0.12566393	0.19702370	0.17657031	0.10484415	-0.00096215	-0.02427194	0.15077300	0.19549939	0.03739898	0.12588452	0.06386000	0.00852648	-0.05259002	-0.05685348	0.05229249	0.07243028	0.23821084	0.33729926	0.04806178	-0.01979430	0.10828959	0.23849750	0.28273854	0.00861605	0.14755818	-0.03275186	-0.02007281	0.17086468	0.14668427	0.17037569	0.00853331	0.05157155	0.12887695	-0.04641898	0.13156142	0.46624435	0.18835906	0.16307006	0.16221686	0.27526143	0.22760853	0.18631883	0.25416659	0.12345613	0.22050922	0.34438690	0.01002167	0.03033359	-0.03179878	0.08780928	-0.00528338	0.12290946	0.01311782	0.05464851	-0.09211276	0.04173459	-0.10905636	0.09362350	0.21116428	0.01783338	0.03111437	0.24196323	0.26853852	0.31291702	0.22515261	0.25148597	0.05508807	0.29958931	0.08432103	0.25511889	0.33140190	0.34872044	0.33824663	0.11467936	0.03768234	0.18121447	0.33900524	0.31510377	0.27684804	0.00553556	0.33449977	0.28069903	0.25712837	0.30628192	-0.09890820	0.13674164	0.07266029	0.01415962	0.01849343	0.02848262	0.04940112	0.26729966	0.22480286	0.23927100	0.19000110	0.19786823	0.12620773	0.15439503	0.05770014	0.09381493	-0.03237754	0.12851979	0.06582729	0.14356614	0.16653704	0.36209318	0.08458777	0.36970232	0.21752219	0.15245816	0.22146229	0.25340574	0.37088097	0.25440023	0.25911807	0.17489293	0.26451074	0.35483810	-0.07074311	-0.01572956	0.03185690	-0.14087976	0.04700308	0.03355686	0.14373573	0.14636955	0.22665092	0.35339541	0.15470554	0.18621120	-0.00935434	0.08500514	0.21825595	0.19104747	-0.05134560	0.00901331	0.01028517	-0.04989124	0.21477201	0.03641281	0.27033247	0.16851075	0.15037939	0.28207162	0.08379174	0.11956164	0.27996178	0.14061602	0.60823905	0.47451023	-0.05277872	-0.14502750	0.01642273	0.10860705	0.12219003	0.02257368	0.27920199	0.27104095	0.29869714	0.34516684	0.10165783	0.09758933	0.42743708	0.32223797	1.06612560	0.63510288	0.21046120	-0.01344881	0.15912951	0.06301334	0.06769631	0.17957388	0.06850824	0.02938159	0.13303002	0.21500019	0.17982675	0.23515031	0.32048240	0.30668986	0.29595181	0.29104310	0.27845302	0.28512751	0.19655455	-0.08279835	0.08918825	0.22026469	-0.03383203	0.08944980	0.08774529	0.32252857	0.31326860	0.30379071	0.31809769	0.34520498	0.33977642	0.24050037
pCAU-rh	0.30736632	0.25997574	0.27320563	0.27588800	-0.00419474	0.06078637	0.25051340	0.15842854	0.23316516	0.28610224	0.21467774	0.34633457	0.19847507	0.27608908	0.28866078	-0.11707382	0.11556791	0.12847672	0.05487384	0.13673446	0.05507656	-0.01275680	0.08204301	0.19325346	0.10754933	0.13468466	0.21987119	0.23492886	0.16279409	0.21455546	0.18038169	0.23173437	0.18255175	0.24168128	0.20329162	0.27109093	-0.07376453	0.24641180	0.39289186	0.22481956	0.04289413	0.28675322	0.20207135	0.25280125	0.08038200	-0.07478804	0.08567738	-0.03550115	0.10808914	0.08805470	-0.00763638	0.17224420	-0.02753512	-0.00958900	0.08789276	-0.17406135	-0.01450427	0.15457703	0.15635398	0.13458830	0.14970245	0.22881591	0.19137278	0.07154128	0.27448067	0.18553665	0.21925933	0.26736451	0.25457359	0.02368941	0.17414948	0.15756778	-0.00558783	-0.00895249	-0.07566889	0.04228448	0.12304361	0.16814300	0.15010305	0.00979811	0.25155812	0.31495771	0.08332611	0.11698068	0.19304176	0.06396691	0.09430880	0.08396276	0.13808067	-0.03556412	0.24790337	0.25267278	0.32506586	0.25239075	0.25242069	0.21188702	0.13104334	0.25793799	0.42125054	0.27566866	0.09911125	0.16451648	-0.00331488	0.08296770	0.22484606	0.10146493	0.19124935	0.20944626	-0.02923012	0.26964382	0.07808257	0.05027428	0.25955296	-0.06784308	-0.13566986	-0.15656916	-0.30486251	-0.09120721	-0.12658257	0.01743560	0.05057123	0.40573431	0.04282175	0.25245683	0.02688305	0.04276139	0.21331036	0.34700735	0.21773674	0.12863083	0.23844805	0.16523303	0.21593798	0.24963403	0.17073684	0.28162826	0.25333949	0.05636299	0.06022217	0.33503068	0.31669439	0.24294371	0.31569740	-0.12732247	0.14371084	0.02523933	-0.12649679	-0.02571945	0.10901468	0.11888140	-0.12856971	0.06596339	0.05766399	0.03542917	-0.02595808	-0.15091966	0.01385060	0.19782362	0.07019566	-0.03796381	0.12730644	0.02321926	0.01586182	0.07412895	0.31888789	0.12161156	0.03229233	0.03471442	-0.01876366	0.09371751	0.26169994	0.18517936	0.06166305	0.16319309	0.23879509	0.16445128	0.16837282	0.11461367	0.11799710	0.41086838	0.17422281	0.26721925	0.15890556	0.11033295	0.30299274	0.35762685	0.31191162	-0.00277211	-0.00318219	-0.07322756	-0.10348988	0.17142187	0.19170310	0.14967025	0.27653104	0.25784631	0.14728726	0.19982995	0.02335181	0.00862766	0.34607890	0.25393204	0.29790735	0.38420191	0.11769622	0.16397293	0.32965363	0.30168428	0.28517809	0.33761471	0.25307834	0.36263924	0.31836700	0.16446093	0.18074419	0.16303292	0.11468708	0.10895888	0.14716951	0.12023585	0.08259566	0.14620264	0.11037181	0.06434506	0.20981315	0.31689195	0.12067386	0.19090892	0.25028989	0.17580133	0.19269826	0.23730216	0.21877787	0.21320650	0.19857678	0.21192440	0.12511108	0.14903030	0.19341339	0.21517848	0.32348660	0.33989942	0.18463681	0.22893155	0.22851147	0.15775393	0.18476947	0.29947036	0.15094696	0.02051726	0.17304416	-0.05290765	0.12520681	0.14456489	0.05111744	0.09342367	0.11056224	0.15348637	0.07673527	0.24053362	0.21923002	0.24899144	0.11622658	0.17313021	0.26319744	0.28832906	0.19354961	0.22562018	0.21091504	0.11250340	0.02375026	-0.01675743	0.02730640	0.08184991	-0.06889764	0.06244462	0.03015800	0.02633907	0.06373972	0.02258038	0.10846480	0.25320149	0.15455296	0.37190657	0.08050300	0.00028852	0.05139578	0.13597539	0.23320455	0.07030703	0.12259134	0.01722639	0.05108695	0.24307487	-0.00054541	0.28436847	0.13790187	0.10560625	0.12516297	0.11196579	0.16849992	0.45321242	0.15021455	0.06811678	0.13137254	0.23525292	0.24360206	0.24529196	0.25838422	0.07467367	0.13703208	0.37418752	0.06425320	0.13752905	-0.07375112	-0.01413200	0.03803486	-0.00140891	0.09933636	0.02255170	-0.07023699	-0.01010282	-0.19957193	0.06770344	0.24211682	0.01263515	0.00115047	0.07015379	0.21874816	0.29020588	0.16587827	0.21285736	0.06856741	0.29024399	0.21605364	0.19125747	0.29211988	0.20428790	0.26716793	0.08229534	-0.00106239	0.18651596	0.22704440	0.24744218	0.25956064	0.10278402	0.19521609	0.22534760	0.30679879	0.19554995	-0.21325914	0.05144690	0.07472369	0.02810293	-0.01433887	0.00378846	0.00247026	0.19283340	0.20513684	0.16729164	0.16845740	0.14904352	0.06532458	0.05640310	0.01475336	0.10635673	-0.04019521	0.21442672	0.14233095	0.11489046	0.15765093	0.27616528	0.16533363	0.32073475	0.15536477	0.06744444	0.20093792	0.15642351	0.29645073	0.13425492	0.20815616	0.12150797	0.26250823	0.25553728	-0.03150951	-0.03231050	-0.04774874	-0.10341974	0.13243676	0.06052854	0.09792088	0.14014319	0.23892789	0.28823551	0.17953987	0.17081806	-0.00167054	0.11011292	0.16297682	0.13426602	-0.14640708	-0.01144378	0.03583488	-0.05084036	0.24769158	-0.06217093	0.31526999	0.26892093	0.19931677	0.22904113	0.07415519	0.00143450	0.23299471	0.20343517	0.48874876	0.50955157	-0.09672359	-0.02741833	-0.01939206	0.22869924	0.14370383	0.01935491	0.22418525	0.33433090	0.22581234	0.27397624	-0.01505346	0.22666345	0.42897911	0.37308349	0.63510288	1.12112426	0.21602909	-0.00282808	0.16810242	-0.08363958	-0.10633990	0.12514352	-0.00471120	-0.01526905	0.07299441	0.17529566	0.17475410	0.23456224	0.25566876	0.24156788	0.22026621	0.23971137	0.33762800	0.22752188	0.20854257	-0.13335488	0.05717238	0.19648990	-0.03014049	0.00482141	0.08522040	0.38230189	0.31178120	0.26864668	0.30608355	0.30311376	0.26161412	0.15202639
region1	0.46615501	0.48484222	0.38719458	0.56611081	0.15705719	-0.02734488	0.42029618	0.28583487	0.22512147	0.20326488	0.30088499	0.34402993	0.34939608	0.56785664	0.57570029	0.10300842	0.12593496	0.40527049	0.07109276	0.16276672	0.19075512	0.23027773	0.22132190	0.18479833	0.19563435	0.20951368	0.23938039	0.29930286	0.33308644	0.22806533	0.23286415	0.08944074	0.29865985	0.34140590	0.39568335	0.40754323	0.03756497	0.48403771	0.55205747	0.32508462	0.36936777	0.43921860	0.34687196	0.29090259	0.21441281	0.07474681	0.02060163	0.11991728	-0.01097272	0.23662532	0.23607130	0.21565797	0.15988163	-0.09107626	0.03083898	-0.15509510	0.06766042	0.16962081	0.19105272	0.47090921	0.39119328	0.39728431	0.23784306	0.07281193	0.27529457	0.16632778	0.35674005	0.27309401	0.30993692	0.17504352	0.26037080	0.42203853	-0.12831875	0.23442329	0.04812738	0.28183911	0.29438438	0.32842521	0.34150827	0.28280042	0.44011952	0.28196465	0.30837649	0.19836464	0.21042133	0.18867442	0.15112264	-0.18579961	-0.09522222	-0.13880942	-0.04538211	-0.02039814	0.12957861	0.03567273	0.16437561	0.09602498	0.25612692	0.17222538	0.29747773	0.55970121	-0.06992161	0.25177310	-0.03383272	-0.02066811	0.12124056	-0.06584381	0.10844766	0.26577201	0.02536642	0.36383282	0.00510302	0.09944781	0.24114051	-0.13184155	-0.09057433	-0.17964032	-0.14839734	0.04500718	-0.04656593	0.12138145	0.18272462	0.30003523	-0.01286885	0.30641516	0.24989800	0.07174394	0.45905622	0.05583701	-0.09723884	0.04844748	0.19244058	0.07936582	-0.01526631	0.29578159	0.34557568	0.31535234	0.23325200	0.17334127	0.44391786	0.23544440	0.30175675	0.27022948	0.32091805	-0.04823531	0.21227388	0.29085281	0.03651997	0.06393350	0.37615204	0.27877316	0.23915571	0.25785459	0.34980234	0.35915123	0.39597645	0.22237439	0.17998995	0.29136884	0.42527152	0.23310102	0.36051090	0.18492690	0.33914938	0.18457670	0.30949317	0.10206660	0.22889567	0.14309320	0.06640047	0.22143970	0.20151378	0.26574346	0.36937031	0.31096586	0.40730863	0.39978010	0.32559642	0.45102597	0.32477444	0.46465639	0.31721700	0.40512816	0.32161476	0.18770038	0.26531067	0.30413970	0.24427177	0.13562337	0.24531946	0.25744728	0.13743666	0.22841357	0.19181917	0.02180373	0.23983611	0.22622033	0.13529742	-0.09765208	0.10644140	0.16398237	0.42449720	0.35566306	0.38467073	0.50160881	0.24321683	0.29739699	0.47159127	0.08322065	0.11690133	0.30553080	0.16157595	0.35557699	0.31303291	0.02943804	0.44084323	0.45879233	0.08560530	0.25923405	0.17917057	0.19533040	0.19029037	0.10637553	0.16510367	0.13520815	0.23304087	0.26162100	0.40579600	0.11135919	0.41910327	0.33836412	0.38696404	0.41519983	0.34650887	0.25759353	0.37494803	0.35765571	0.27724017	0.29530438	0.38025942	0.29493993	0.50535874	0.46923943	0.38848784	0.30278250	0.27934352	0.25314914	0.04014351	0.23778776	0.18332917	0.00225094	0.35966829	0.15268374	0.21292570	0.24383001	0.24968081	0.08433221	0.16743188	0.24697088	0.35945203	0.52260744	0.38522219	0.41841871	0.40079055	0.23698694	0.32867077	0.27244908	0.22983470	0.30759847	0.32792569	0.22991122	0.28258354	0.28956130	0.12276143	0.07346360	0.03113706	0.22407230	0.19244315	0.14504185	0.28937540	0.40899873	0.39112930	0.35158257	0.24043055	0.24697564	0.01477720	0.13332980	-0.06893293	0.04478721	0.11281417	-0.06701813	0.08376144	-0.17016172	0.00641679	0.07730945	-0.23909939	0.13898661	0.26562341	0.15339266	-0.02623391	0.11106424	0.19467456	0.38518700	0.33412403	-0.17112046	-0.11058524	0.00781363	0.04115400	0.31407282	0.04448459	-0.07490688	0.12002070	0.18917767	0.04607558	0.29939877	-0.04992108	0.02611671	0.15223073	0.07813476	-0.03088474	0.01317995	0.20176802	0.07824981	-0.08888789	0.08716547	0.26499046	-0.03059552	-0.01641459	0.25607185	0.42543537	0.16935726	0.12745903	0.13590847	-0.09351755	0.15458443	0.07250118	0.21906097	0.34285376	0.21030981	0.00272917	-0.15183801	-0.09519274	0.18453511	0.10448887	0.18093135	0.50709176	0.22119661	0.26762698	0.03053302	0.29194519	0.02054173	-0.05960064	-0.01359573	0.41580636	0.18878197	0.22124801	0.17830102	0.20574160	0.34816905	0.31451524	0.20743025	0.52317117	0.54657059	0.41041526	0.41848313	0.05114760	0.23411210	0.23098897	0.35827887	0.31803863	0.18111460	0.44251147	0.35392264	0.18134252	0.27493959	0.14871727	0.27872686	0.43839139	0.19363622	0.31143125	0.39725838	0.29737075	0.30230083	0.25086448	-0.01465445	0.15966625	-0.01291948	0.22196672	0.15591406	0.25223293	0.20404677	-0.01698876	0.13654388	0.06901089	0.36874337	0.07398409	-0.06691223	0.02861326	-0.03144520	0.32068107	-0.00001808	-0.14303823	0.06360432	0.05339579	-0.04083921	0.17964951	-0.10068903	0.16306541	0.09473642	0.21641033	0.06672754	-0.00350772	-0.04589950	0.10998341	0.10310893	0.14888689	0.22587084	-0.01544503	0.05570045	-0.08148708	0.18127688	0.14439637	-0.12766506	0.16447166	0.07356791	0.19795466	-0.06825682	0.12823199	0.18257915	0.11961447	0.15160691	0.21046120	0.21602909	1.04388971	0.42892182	0.38375305	0.34251249	0.20029178	0.58444419	0.48098412	0.43491098	0.54259168	0.61841504	0.62640253	0.59278338	0.59933123	0.59577843	0.38367240	0.52547800	0.48849732	0.41862043	0.41367795	0.31341792	0.37713958	0.55509923	0.40186812	0.42053164	0.48838417	0.48667899	0.64787991	0.45729300	0.57770043	0.38648864	0.39300729	0.38911276
region2	0.29859632	0.36683385	0.29360247	0.41018688	0.16376327	0.02658483	0.22469294	0.21391884	0.19799663	0.08275322	0.24336906	0.18545354	0.28090978	0.39846326	0.38187664	0.05756075	0.12251709	0.25512181	0.08163019	0.14312623	0.17597644	0.13655150	0.19924675	0.08014872	0.08862359	0.14924966	0.15148947	0.28586373	0.17503496	0.09313572	0.12956853	0.12591010	0.20937270	0.28867638	0.27080303	0.28382688	0.01722496	0.35841927	0.36894660	0.30804722	0.18204802	0.25687610	0.19541473	0.16695155	0.02415264	0.11692448	0.01423161	-0.01766726	0.00018950	0.08460640	0.18021053	0.18668324	0.03239049	-0.01170057	0.08850936	0.00084733	0.19861933	0.17793149	0.18416494	0.40688286	0.28588603	0.26090418	0.18841466	0.04888383	0.13621815	0.05939690	0.21570606	0.24109895	0.20550272	0.16969387	0.19527424	0.37651631	0.00829603	0.17126977	0.10689806	0.25042105	0.23185998	0.23211001	0.22685418	0.21610821	0.28747902	0.18659769	0.20317256	0.13976699	0.23645269	0.09512470	0.20678156	-0.09185107	-0.14419670	-0.18954253	-0.01319686	-0.04405791	0.01792387	0.21599223	0.03275501	0.01621724	0.12282964	0.11474142	0.24247600	0.42796452	-0.01647494	0.23820537	-0.00523966	0.05774518	0.11664927	0.06244637	0.00103254	0.25259679	-0.05107936	0.16143260	-0.12980764	-0.06221578	0.01541320	-0.08384812	-0.08029601	-0.20235194	-0.01892902	0.01662620	-0.11105750	0.01139334	0.11531990	0.15679584	0.02778481	0.19475284	0.25094672	0.09103033	0.35203932	0.08812153	-0.01297905	0.17859603	0.16660124	0.23793366	-0.01521469	0.17079015	0.22604663	0.29177761	0.22355340	0.15220185	0.20947969	0.22952494	0.15661347	0.20388438	0.22537292	0.04923222	0.12207066	0.17066580	0.02961127	0.12162962	0.26050501	0.20067810	0.13898285	0.25189955	0.24245838	0.22367835	0.22999695	0.13516694	0.07213211	0.08904932	0.22452466	0.10723161	0.22947703	0.05716404	0.21449776	0.10605292	0.16419315	0.06569283	0.02786525	0.13318333	0.04550698	0.18695528	0.10095323	0.17351377	0.20794475	0.26217084	0.21277693	0.24006842	0.23039446	0.33450931	0.26406845	0.37921287	0.19956672	0.27055530	0.15721244	0.07707445	0.16816455	0.22495943	0.16920715	0.07121905	0.15879409	0.07922211	0.00745249	0.17753397	0.09724105	-0.03629656	0.11404462	0.14331252	0.05070021	-0.17007360	0.00841678	0.11665155	0.25489534	0.26753678	0.26975843	0.30845353	0.20825995	0.22329724	0.28308553	0.02627647	0.03774940	0.17483078	0.13947509	0.20964624	0.21478810	-0.07955340	0.32411028	0.30138669	0.02986440	0.22213721	0.10505726	0.15974966	0.19121880	0.12318170	0.12383892	0.24101931	0.07261673	0.13132640	0.27338379	0.05593029	0.23345393	0.19857284	0.19622569	0.27728022	0.22486484	0.19730501	0.26397502	0.30272668	0.18346263	0.13130049	0.19358106	0.21930297	0.34872448	0.33603613	0.31898535	0.07569834	0.00341651	0.03324681	-0.05734196	-0.03232963	-0.02219325	0.00547349	0.18579712	0.05742893	0.09262218	0.10196510	0.18306810	0.08988479	0.12586772	0.21869836	0.34016186	0.28626409	0.26544558	0.26144126	0.17792829	0.12461133	0.20240260	0.10197522	0.09213237	0.20882112	0.21952249	0.14622689	0.21574752	0.26033562	0.07455988	0.11091772	0.14344889	0.17815120	0.25967307	0.11162630	0.15883228	0.26822760	0.28224910	0.13343644	0.14600635	0.15149711	-0.03974413	0.06006401	-0.01541687	0.17614309	-0.05578024	-0.10279871	-0.06761945	-0.21702345	-0.03494872	-0.03824895	-0.09599597	0.04346025	0.10463014	0.03477518	0.10034698	0.07186647	0.06971681	0.30644630	0.26713697	-0.09733346	-0.03002115	0.06237597	0.02664240	0.26007402	0.04288390	0.06043231	0.09463122	0.11254408	0.02997640	0.09054501	-0.04504380	0.07834786	-0.09834331	0.09200670	-0.02847015	-0.05404614	0.17570775	0.00771635	-0.05637064	0.06380827	0.12771568	0.03397877	0.13201364	0.23549952	0.21365665	0.15438725	0.15081346	0.19052131	-0.01674979	0.10413803	-0.04015941	0.18163302	0.21063769	0.13590789	0.05863606	-0.07174208	-0.01055588	0.11231832	0.11299082	0.17353816	0.30463380	0.13405740	0.21316687	0.08161970	0.09533405	0.11329080	-0.09252179	0.06164471	0.28863858	0.05896274	0.18938066	0.08745733	0.10504074	0.23185586	0.23858332	0.17005811	0.27602179	0.28152686	0.23199828	0.23333879	0.02956162	0.16492213	0.13612809	0.17061089	0.14223491	0.05261840	0.20745495	0.27463765	0.05760839	0.10607258	0.05605049	0.16129302	0.30915923	0.11699873	0.21603600	0.29027502	0.26711876	0.19890597	0.16227154	-0.03568131	0.05850469	-0.07875678	0.11196470	0.01686544	0.05379969	0.04641196	-0.03879013	-0.04910154	-0.01637314	0.14805725	0.01868675	-0.03331512	-0.01294898	-0.07922398	0.21675229	-0.07077342	-0.04756970	0.10760815	0.00757500	-0.05317838	0.08764527	-0.02380229	0.02459063	0.05393767	0.10871955	-0.03132768	-0.06112511	-0.01317822	-0.02152479	-0.06237237	-0.00850464	0.12909366	0.05359744	0.04929003	-0.10188877	0.09743960	-0.00466930	-0.16701040	0.00111269	0.04702429	-0.02967917	-0.19193628	0.03914027	0.04140877	-0.09025021	0.02068347	-0.01344881	-0.00282808	0.42892182	0.86196902	0.36964021	0.32591743	0.19044768	0.45257278	0.40355028	0.32685924	0.42312723	0.48542619	0.47793638	0.39897059	0.35338003	0.33955273	0.17764488	0.38931944	0.30512290	0.37200552	0.33595311	0.29221056	0.22954012	0.37997587	0.32503488	0.33593675	0.36264279	0.23264153	0.37887949	0.20008345	0.26779853	0.16409699	0.17902797	0.17594826
region3	0.26738597	0.28119555	0.13114500	0.22599793	0.13609034	0.04446193	0.11979315	0.26293790	0.17489638	0.20592440	0.18310982	0.31252453	0.42031800	0.38680612	0.23380944	0.17669854	0.16676851	0.13136913	0.04577159	0.24015923	0.03478677	0.07587213	0.17501420	0.20357181	0.31197640	0.23587496	0.26255836	0.39900422	0.28070354	0.24319547	0.30730084	0.28326130	0.41728096	0.43595689	0.33506188	0.29313916	0.21313772	0.18136762	0.38559599	0.38523541	0.26594925	0.28350307	0.31384280	0.18039751	0.04558868	0.02624302	0.04759150	0.20396166	-0.10652849	0.13865120	0.28342811	0.23827574	0.17750070	-0.10903033	0.20897383	0.02085176	0.17130283	0.32286227	0.26104902	0.28222958	0.38573021	0.16380748	0.24492798	0.07908911	0.25091029	0.17407559	0.33297810	0.30901589	0.30290752	0.25591314	0.24674977	0.36309638	-0.08547989	0.17330401	0.03836826	0.29878750	0.40266798	0.38378395	0.09799382	0.12748352	0.13869074	0.18891132	0.16529473	0.12385545	0.22274941	0.06237758	0.08827881	-0.12452340	-0.02800955	-0.14525697	0.08469462	0.08191477	0.13057838	0.13174361	0.28002399	0.09339701	0.13609556	0.34420671	0.22721671	0.41613583	-0.05589431	0.19716565	-0.02036042	0.02713605	0.05954547	0.12589299	0.00415474	0.24319107	-0.07521889	0.19089450	0.02303319	-0.03052019	-0.05717527	-0.03770828	0.02238892	-0.13399980	-0.14863007	-0.02871083	-0.07862273	0.01814816	0.05621380	0.27173565	-0.00418360	0.16419659	0.24856302	-0.00114581	0.17055147	-0.00466159	-0.05264698	0.11117064	0.08050554	0.09774485	0.08699328	0.21339678	0.11071159	0.12744983	0.08566118	0.13087199	0.16996934	0.10783521	0.07373433	0.14962827	0.13964469	0.01355166	0.12677415	0.11456987	0.03141395	0.07450576	0.12891141	0.04215555	-0.03259493	0.06621773	0.08044779	0.09536003	0.10454650	-0.03272920	0.02509618	0.17657707	0.13180196	0.03191093	0.15023892	0.03855854	0.11751567	0.07780051	0.13031166	0.03751889	0.07807615	0.07697190	-0.04737770	0.06930158	-0.00131515	0.11087765	0.22686425	0.11460794	0.18825099	0.20007746	0.11101822	0.19254770	0.09344855	0.30353268	0.12679052	0.16028438	0.23476761	-0.03369089	0.11466931	0.20383164	0.17185932	0.02049748	0.11637193	0.05129857	0.00894623	0.04820393	0.06204557	0.04884167	0.16196581	0.07285637	-0.02866900	-0.16267417	-0.00277597	-0.06890741	0.30575288	0.12921398	0.28910749	0.22033638	0.09850817	0.16107135	0.22874277	0.18731688	0.08041552	0.30602147	0.04724136	0.20369990	0.38223249	0.04544152	0.31260445	0.36439652	0.17065637	0.14413454	0.19629255	0.22540309	0.03569648	0.19612046	0.14723689	0.27699134	0.25075648	0.29786188	0.48761800	0.25993871	0.44412948	0.41405981	0.32850832	0.48237759	0.44557816	0.36717710	0.38611796	0.18487013	0.28293227	0.20114935	0.20958781	0.36608471	0.29958271	0.40003478	0.23867717	0.13693750	0.12838350	0.17157891	-0.00013487	0.07946304	0.13597519	0.12508437	0.25054112	0.10560796	0.18744521	0.16063888	0.26036684	0.06391878	0.24092077	0.30779482	0.30087919	0.23805904	0.21974200	0.36503998	0.13287641	0.22698063	0.29408560	0.24074868	0.21070881	0.31164006	0.26264964	0.24094721	0.27493836	0.24910138	0.05190633	0.08811715	0.08619248	0.25629982	0.27529167	0.32367727	0.16461050	0.20275126	0.09547232	0.19033915	0.19987643	0.20340747	0.04562839	0.05974055	-0.02766628	0.02342642	0.05506011	-0.01523304	-0.03116047	-0.16239751	0.11357223	0.09626517	-0.11312891	0.24631158	0.06702265	0.18863583	0.01904353	0.12970506	0.32393966	0.33577446	0.25814719	-0.18741294	-0.07247365	0.01088601	0.01678035	0.21726123	0.16522902	0.09926101	0.08011783	0.23497139	0.00617103	0.19415272	-0.04131053	-0.00425145	0.09328446	-0.03966231	-0.01704133	-0.04354876	0.07897592	0.02595532	-0.04616998	-0.01768775	0.24311269	0.03893356	0.03193584	0.32364700	0.13760877	0.08984293	-0.00075209	0.11583303	-0.03491267	0.13111467	-0.01491180	0.13759317	0.16693418	-0.03902679	-0.07869325	-0.11626668	-0.09228869	0.05989824	0.06159227	0.08803561	0.23119465	0.10475274	0.12711162	0.07178005	0.11855234	-0.01907130	-0.06382121	0.03951010	0.14588905	0.00274104	0.07407202	0.14531106	0.10288688	0.12023333	0.07713313	0.03294957	0.24398875	0.25800178	0.21299669	0.14703551	-0.03905434	0.15320542	0.10658944	0.11204304	0.11229996	0.03630015	0.17811080	0.21170752	0.09100159	0.14271109	-0.03002071	0.14093733	0.28700512	0.18506740	0.19219829	0.28383050	0.14932779	0.17994369	0.15929546	0.04217425	-0.01350816	-0.13517922	0.07325661	0.00209284	-0.10714502	0.06961312	-0.04226978	0.08686211	0.03826690	0.21223901	0.07746231	-0.02873767	-0.06069892	-0.04168303	0.15540667	-0.07858587	-0.06964185	0.13395356	-0.00509035	0.00340442	0.20719803	0.02066795	0.15132284	0.23798533	0.12482083	0.13804446	0.08698728	0.09853717	0.17919146	0.07300943	0.22139232	0.19047610	-0.01896044	-0.00282742	-0.05501923	0.11403773	0.12593130	0.01187002	0.12765035	0.14887114	0.19511839	0.06015631	0.06871439	0.18227777	0.10566645	0.19665061	0.15912951	0.16810242	0.38375305	0.36964021	0.84933876	0.29286028	0.04565345	0.40622329	0.35396368	0.19548921	0.26370005	0.26275956	0.30533061	0.28003424	0.28946732	0.28432936	0.16013195	0.24840685	0.32664307	0.44530867	0.54159455	0.15939807	0.26285275	0.48052067	0.25969956	0.31321327	0.27741599	0.20453174	0.35092678	0.10956654	0.26243328	0.16972847	0.14725480	0.10830394
region4	0.07280441	0.19434118	0.22219573	0.16658958	0.06047044	0.16470751	0.03318550	0.25091212	0.17726216	0.15876136	0.22523585	0.12543023	0.20296478	0.16749237	0.23850305	0.07792683	-0.07571441	0.17302368	-0.16811723	-0.00749958	0.01253601	-0.00402947	0.08783371	0.02924650	0.18419905	0.03028712	0.17220251	0.11172618	0.13648161	-0.02633866	0.10094270	-0.07594722	0.09251638	0.15250607	0.13625304	0.07352796	0.01203378	0.19118038	0.19474168	0.02494658	0.18638145	0.21343690	0.08220987	0.15656894	0.03154167	0.15862281	0.07166602	0.04665229	0.05704663	0.28373091	0.16006317	0.00012396	0.08481108	-0.15240216	0.15180023	0.09577328	0.15319321	0.01389244	0.15060231	0.09718927	0.19322903	0.08493321	0.10627721	0.01251082	0.09225049	0.07917622	0.05211734	-0.00359724	-0.00502568	0.04935118	-0.09381375	0.09347701	-0.07015217	0.20755179	0.07299955	0.11900270	0.04376482	0.08979640	0.09481912	0.03345556	0.08851852	0.08217017	-0.05607153	-0.00843404	0.17401734	0.13754640	0.18901172	-0.11567197	-0.08478333	0.08345541	-0.10625636	0.04271133	0.00277580	0.02723164	0.07243885	-0.13166369	0.02011095	0.08829190	0.16902573	0.21942799	-0.22473498	-0.00501947	-0.22188081	-0.08825023	0.05309826	0.01056406	-0.11660444	0.14403177	-0.15157579	0.09103184	-0.13552204	-0.04596935	0.22604265	0.08467237	-0.01742116	-0.03260038	0.20513706	0.21207689	-0.24374107	0.02638108	0.08544431	0.00665591	-0.19889348	-0.04495671	0.09780388	-0.18514227	0.13057400	-0.07237522	-0.23124825	0.02741551	0.05715690	0.00878262	-0.02894169	0.15170701	0.12937883	0.07567598	-0.03070485	-0.00362243	0.21975982	0.06854019	0.10856459	0.02896946	0.33768718	0.00853697	0.05793936	-0.02014809	-0.09375845	0.03250840	0.23595710	-0.00777472	0.05428432	0.20865479	0.17724915	0.16484760	0.28403934	0.02017561	-0.00092200	0.09678861	0.31000309	0.02681489	0.11911089	-0.10214981	0.12389967	0.11935057	0.03866256	-0.03418505	0.01868005	0.22345406	0.27020411	0.17244079	0.15086665	0.26536485	0.23015210	0.26535942	0.24189198	0.32141726	0.20289287	0.30544499	0.22506533	0.19383519	0.37158023	0.31686283	0.25743506	-0.05224541	0.25417882	0.26640741	0.23404867	-0.06227898	-0.06188255	-0.11422487	-0.09318127	-0.09912710	0.14134389	0.04295351	0.03556260	0.24850862	0.11551470	-0.02723170	0.08743253	0.22903123	0.19319552	0.11692770	0.15889751	0.23019294	0.20145554	0.17361639	0.30532484	0.04112435	0.07415452	0.21030343	0.05560810	0.15125594	0.19935958	-0.03721096	0.16631889	0.15639468	-0.03130965	0.03244188	0.08237715	0.02770236	0.00274970	-0.04298136	0.03607419	0.13679185	0.07809673	0.07094078	0.19368643	0.01710815	0.23836258	0.11036608	0.12317157	0.16562855	0.17425457	0.17785924	0.07943417	0.10885219	0.01591070	0.13437695	0.19891124	0.12714613	0.28197445	0.23182719	0.18905664	0.02034963	-0.07075658	0.27966193	0.02606204	-0.01589918	-0.06969997	0.12920759	0.18362923	0.13198157	0.06094988	0.06125220	0.09713636	-0.07047499	0.02799907	0.06709058	0.12366460	0.15346752	0.25624319	0.19551281	0.19605877	0.27647535	0.06313949	0.15266251	-0.09236046	0.05483300	-0.04299585	-0.01440687	0.00294068	0.10776640	0.04324855	0.02934425	0.06995345	0.02752267	0.14934194	0.03015306	-0.03240121	0.17022076	0.22941312	-0.00880231	-0.01836029	-0.02183018	0.00426707	0.03330523	-0.08169794	0.01224970	0.04930660	-0.09449230	-0.00752018	0.02033518	0.05192250	0.01683540	-0.09519475	0.10133456	0.08540158	-0.04844999	-0.09054440	-0.04126676	-0.05600015	0.13440136	0.22921199	-0.16259421	-0.11511108	-0.16770853	0.01040580	0.02977567	0.06359904	0.02105168	0.08123614	0.11612003	-0.06432777	0.00044404	-0.07804003	0.06493129	-0.21491362	0.23847309	-0.02411784	0.06594083	0.12341697	0.03230450	-0.06097709	-0.09495491	0.04261198	-0.18290721	-0.09524580	0.12834814	0.14257807	0.05419917	0.08741183	-0.00571823	-0.05677807	0.14787355	-0.21425977	0.11775547	0.22830065	0.05384054	-0.02112805	-0.18100106	-0.13375683	-0.09838683	0.03286261	0.05148656	0.23714757	0.05880589	0.10285454	-0.11237766	-0.03542077	0.04233323	-0.10929774	-0.05431766	0.21889335	-0.04111836	0.06133771	0.10407940	-0.06787149	0.35879861	0.13337205	0.07451748	0.24917705	0.26085793	0.19846163	0.29992375	-0.10581604	0.08360288	0.02671943	-0.04865653	0.08100477	-0.04397897	0.15816087	0.21563158	-0.03728221	0.08913173	0.12422033	0.15948152	0.17179109	0.20939211	0.15767816	0.28002744	0.12304888	0.14997345	0.19239852	0.15106221	0.03190692	-0.05677120	-0.01675182	-0.09109829	-0.08186197	-0.06766475	-0.05047252	0.02230727	0.10978004	0.21809120	0.12406447	-0.07302802	0.04239564	0.03220916	0.16106625	0.00283850	-0.00411858	0.20940651	-0.03191519	-0.13096461	0.04098361	-0.02279671	0.00408353	0.07980647	-0.00473003	-0.03214668	0.05128943	0.05334697	0.06403065	0.09110307	0.02341092	0.01892711	0.15746031	-0.06651949	-0.03771336	-0.01901580	0.08782888	-0.03174071	0.11285217	0.05825959	0.04002323	0.00253765	0.18291394	0.12165857	-0.01282518	0.16843611	0.06301334	-0.08363958	0.34251249	0.32591743	0.29286028	1.07500192	0.22870784	0.39563458	0.31791063	0.35500560	0.26138417	0.29976252	0.22551098	0.08396148	0.23254247	0.31651210	0.31676605	0.37625952	0.19611967	0.24741368	0.28738209	0.25154657	0.19238752	0.27620228	0.27616677	0.26877630	0.08186851	0.07224054	0.25842563	0.19397206	0.25196284	0.18468286	0.25459514	0.32885984
region5	0.07269332	0.17433898	0.15759498	0.13215097	-0.12661081	0.06026140	0.04238103	0.21487000	0.09151612	0.14907091	0.10020584	0.08616475	0.18827252	0.19745746	0.23560672	0.06492775	0.07418971	0.10542161	0.04299836	0.15620944	0.10362182	0.08853184	0.07991046	0.03878432	0.19707295	-0.10249116	0.03613700	0.17650447	0.15240317	0.11402089	0.15552450	0.09909835	0.15413330	0.07201616	0.10557548	0.24998541	0.22927256	0.09116254	0.08765573	0.03051173	0.30761727	0.08803852	0.26163054	0.14129138	0.00200257	0.14162475	0.01378727	-0.11190601	-0.05765055	0.00713357	0.16229183	0.09241330	0.20950702	0.10917942	0.09279756	0.07814435	0.08076718	0.00024609	-0.01055022	0.12035077	0.16436823	0.05274697	-0.01531923	0.11177663	0.14635182	0.12512515	0.18096467	0.13210396	0.16196631	0.20408571	0.14170464	0.21444940	0.10704455	0.29171998	0.27430549	0.22115956	0.12648999	0.16490410	0.11735407	0.16462567	0.09646287	0.06580059	0.17901768	0.11415330	0.16951191	0.01718498	0.16958431	0.11965645	0.08301140	-0.02687669	0.00887948	-0.06977901	0.00529153	0.03956020	0.19910389	0.17777314	0.14230059	0.14378202	0.13470216	0.17675594	0.04623660	0.20946451	0.10531020	-0.01814025	0.03554797	0.09163624	-0.06965021	0.10536589	0.17964167	0.15152414	0.06451544	0.02119031	-0.00915092	0.15778053	0.20737786	-0.01660307	0.11983282	0.05348299	-0.05772944	0.05567381	0.26814956	0.10811525	0.12848426	0.15005480	0.23671353	0.18240671	0.11026421	0.02172163	-0.00801943	0.12246457	0.03249920	0.07567227	0.13540313	-0.04280698	0.13690696	0.13877837	0.21582522	0.20792408	-0.06734732	0.01340682	-0.02691596	0.04753407	0.05045617	0.13025103	0.11730246	0.12188126	0.14503207	0.03141930	0.05936376	0.15047159	0.13121177	-0.02454646	-0.01400708	0.11091380	0.06162041	0.13544462	0.16924893	0.05919285	-0.00220987	0.14764541	0.00058449	-0.02911220	0.09051044	0.07838180	0.02275728	0.03602560	-0.01491850	0.09685092	0.15561457	0.05365003	0.14082830	0.12939604	0.06010615	-0.00545300	-0.05466905	-0.07433707	0.00895515	-0.04340034	-0.08559701	-0.04832815	-0.01206317	0.05479764	0.01895430	-0.06065086	-0.01556938	0.00338669	0.02162556	0.30015019	0.07593861	0.09380244	0.04440069	0.00603522	0.01251008	0.03074476	0.09039196	0.18917215	0.14758053	0.04785583	0.09513690	0.12801152	0.03236938	0.14995103	0.10641611	0.06636710	0.04691424	0.07817700	0.14448249	0.09009274	0.10629218	0.12300007	0.11218650	0.08360510	0.13600246	0.01514539	0.13211828	-0.02833694	-0.04128134	0.11742693	0.03700204	0.03611670	0.11828295	0.11127335	0.00767929	0.09913154	-0.12244545	-0.02970169	0.16596884	0.10738754	0.11431399	0.12625907	0.12514606	0.07622765	0.08912834	0.09962333	0.20941157	0.05133115	0.09668058	-0.05918255	0.03231997	0.19174966	0.08082625	0.03411436	-0.12449297	0.17764961	0.05992048	0.06531999	-0.03300741	-0.04156621	-0.00664608	-0.12078489	0.16152921	0.13200001	0.00194722	0.07535689	0.14112469	0.14907456	0.12081840	0.14734965	0.20647683	0.19563047	0.19293176	0.14817936	0.07733971	0.10562741	0.17421119	0.20193347	0.14434023	0.15500409	0.16019960	0.18394775	0.17039268	0.17107902	0.26990104	0.00850218	0.20623193	0.29189812	0.18027469	0.06819560	0.13890137	0.14796046	-0.00835628	0.16523919	0.27428278	0.13930033	0.16800475	0.12148180	0.15046135	0.25050231	0.14867126	0.01460372	0.05192599	-0.03920444	-0.05628040	0.07672370	0.08444990	0.03565142	0.02002848	0.18977351	0.19705367	0.11379742	0.04506739	0.11669797	-0.07841186	0.15788706	0.18574875	0.13456921	0.00761540	0.18014703	-0.06647622	0.04987371	0.03743380	0.15175034	0.06127752	0.03904942	0.11006620	0.28911535	0.07596421	0.12710402	-0.01147934	0.22058453	0.23835358	0.09450381	0.02002074	0.13191538	0.19033774	0.13326845	0.20176774	0.23978946	0.15116534	0.12007127	0.12393949	-0.01897742	0.04938458	0.05106105	0.07556147	0.14048952	0.21166414	0.12023999	0.08274380	0.09018821	0.08563113	0.10741852	-0.02877217	0.07941949	0.04168133	0.00782800	0.36845523	0.16202640	0.00892852	0.13193896	0.15464547	0.14255228	0.08071785	0.10361899	0.22725255	0.14125162	0.17001695	0.24032373	0.03222020	0.16826189	0.03833672	0.05957363	0.13178518	0.08674003	0.12809826	0.06322224	0.06756004	0.03507289	0.06235616	0.04283823	0.03414231	0.04945590	-0.00176994	0.17487151	0.09362065	0.16754227	-0.01806608	0.04246474	-0.02883131	0.05087606	0.02904703	0.11723260	0.09621644	0.06447579	0.10960750	0.11382750	0.19837519	0.10962316	0.10378603	0.09830339	0.11543572	0.00897879	0.02597002	0.14654092	0.02999689	0.09568070	0.12741371	0.07279239	0.08006588	0.04953941	0.12673351	0.13296298	-0.02582871	-0.01609679	0.04539617	-0.02107302	0.01439554	-0.02305021	-0.01697824	-0.00883601	-0.22769225	0.06577169	-0.00905335	-0.10146843	-0.00274473	-0.03286152	0.22616489	-0.00460282	-0.08874836	-0.09083575	0.03897619	0.07469020	0.04625238	0.03080126	0.05256449	0.00656299	0.07848069	-0.15468441	-0.04667092	0.04481322	0.06769631	-0.10633990	0.20029178	0.19044768	0.04565345	0.22870784	0.93454666	0.21852239	0.10787848	0.37563786	0.20516949	0.41062006	0.25154573	0.22499390	0.16159426	0.15208564	0.19392679	0.27740530	0.21123427	0.17386600	0.11446679	0.25219248	0.23678092	0.20391653	0.11852570	0.38927367	0.19705644	-0.12100601	0.13416984	0.00837315	0.13970336	-0.04162720	0.11671317	0.23011278
region6	0.35671459	0.46235228	0.29640936	0.41372562	0.07485663	0.02294426	0.24811307	0.30380771	0.13028247	0.21076646	0.33106771	0.35900742	0.40252199	0.54007460	0.50099903	0.17275286	0.12552954	0.36741051	0.16925414	0.22478511	0.26224107	0.25277627	0.31324000	0.22803221	0.21771198	0.21544310	0.20529477	0.30798419	0.22102650	0.19863044	0.15851503	0.04235840	0.27958701	0.29821604	0.32992414	0.34716497	0.08485379	0.38916958	0.48708316	0.32987333	0.31688898	0.39884006	0.34840521	0.22280902	0.09625226	0.07946889	-0.00685568	0.06409398	-0.07299266	0.21161486	0.21791135	0.20408334	0.22316200	-0.05374839	0.13535774	-0.00438247	0.12659784	0.12291407	0.19591517	0.38042608	0.39139977	0.29981170	0.17446045	0.06074267	0.26612098	0.12290838	0.38979127	0.28830347	0.26393368	0.15312267	0.24816191	0.44662715	-0.09943489	0.17949203	-0.00620228	0.20506080	0.25720419	0.37386205	0.35286758	0.27778224	0.38183848	0.15914591	0.19857509	0.20118165	0.19617932	0.16770157	0.17964552	-0.11139715	-0.07213079	-0.10350721	-0.08143584	-0.09366779	0.12558073	0.08966536	0.12018257	0.09454998	0.29039933	0.23883996	0.21629233	0.50343970	-0.09072700	0.21742748	-0.03586040	-0.00074014	0.09189135	0.02845062	0.05022797	0.24187488	-0.03532514	0.22522319	-0.06820197	-0.00825380	0.11217633	-0.09224356	-0.05078056	-0.24234072	-0.07132621	0.04940614	-0.15567081	0.06358718	0.14886441	0.22997970	-0.01997203	0.23454635	0.19007977	0.05640099	0.30353132	-0.01021567	-0.10549266	0.03375444	0.09676432	0.09624276	-0.04115090	0.19776299	0.26445760	0.21711950	0.14324266	0.15702736	0.28771793	0.14239985	0.15504158	0.17712767	0.25800617	-0.02876541	0.14280635	0.15109924	0.00745107	-0.01064337	0.22581576	0.14674317	0.15866588	0.22658651	0.22870753	0.25128057	0.29017690	0.14271215	0.04931875	0.19019181	0.28704074	0.10075378	0.25400735	0.07676408	0.24727161	0.15005929	0.17411900	0.03523776	0.09161283	0.13199041	-0.01084931	0.13002949	0.09888231	0.15999070	0.22045339	0.21307295	0.30091960	0.35014035	0.27748753	0.39574996	0.26617475	0.39296698	0.30039924	0.31620516	0.25716450	0.09731345	0.21686642	0.25106197	0.21860491	0.07959800	0.19966169	0.13954888	0.05440044	0.13277657	0.17739938	0.07745732	0.14807333	0.13416730	0.05047991	-0.16376227	-0.02396561	0.06357930	0.36626673	0.26230508	0.38237433	0.37496455	0.19436003	0.23615261	0.36239918	0.08046063	0.07376135	0.27233418	0.15577369	0.34155519	0.36971363	0.05636826	0.40722077	0.37655304	0.16548097	0.32907438	0.27558442	0.27081953	0.26204877	0.19397545	0.24716028	0.26191138	0.20840626	0.23145468	0.35115603	0.11305576	0.31996385	0.29086574	0.33241180	0.40592009	0.31844774	0.22144056	0.40581425	0.38634698	0.25930876	0.25673116	0.34714190	0.37110101	0.44588816	0.48511178	0.32907268	0.23309471	0.19156023	0.28030384	-0.02414880	0.12499062	0.12202417	0.02525520	0.30728781	0.12422128	0.21931064	0.21931222	0.23842387	0.00259739	0.12759882	0.20169969	0.34607381	0.42263857	0.35784399	0.38128712	0.26528133	0.28507883	0.33352817	0.22628991	0.21514728	0.29658987	0.32658356	0.19911615	0.31394944	0.34284377	0.17508017	0.11356978	0.10899829	0.24690869	0.21427845	0.14653234	0.30992608	0.40388361	0.32904158	0.25946622	0.20369374	0.22113601	0.03707993	0.17187623	-0.01239699	0.10622824	0.11058008	-0.01601374	0.11141668	-0.15883068	0.01926389	0.10188153	-0.15459711	0.25305020	0.26336312	0.13764679	0.01975140	0.11976968	0.20756730	0.37379912	0.30162640	-0.15836744	-0.07643983	0.01550346	0.05036203	0.27830437	0.06115250	0.00584779	0.08814712	0.19098998	0.01201509	0.18759527	-0.07157760	0.03922107	0.02157403	0.04865517	-0.10751078	0.00734596	0.16974274	-0.01244686	-0.07531190	0.11841183	0.21717218	-0.03282435	0.08024503	0.25804101	0.25865280	0.10461211	0.10581940	0.14427750	-0.06387551	0.12653202	-0.02776411	0.20939127	0.24393972	0.17414938	0.00554615	-0.11290967	-0.04483222	0.11263345	0.10479392	0.13579918	0.33308426	0.12822878	0.20403941	0.07158203	0.14399852	0.03464525	-0.06270187	0.00672847	0.28578944	0.04965482	0.16521598	0.15057195	0.08855335	0.28041277	0.19556713	0.10706794	0.35797168	0.39619926	0.29271166	0.29519676	-0.04066316	0.16523628	0.12227918	0.17946296	0.16904755	0.07176907	0.28076022	0.29165579	0.10363793	0.17218590	0.06440295	0.21221325	0.33455841	0.19674316	0.19677383	0.36607896	0.24809651	0.25514320	0.21792405	0.02361862	0.01273409	-0.05260610	0.20978847	0.08177579	0.14136824	0.03501639	-0.04917299	0.04308456	0.12387296	0.29792771	0.04620774	-0.11672761	0.00579409	-0.08650985	0.20173504	-0.03257939	-0.11495513	0.10507796	-0.00191353	-0.06211609	0.12352919	-0.12591372	0.05704984	0.04428535	0.09433808	-0.00827813	-0.00880415	-0.03856702	0.04709006	0.08384857	0.09472449	0.17337135	0.01615916	0.03976462	-0.16232554	0.01774716	0.08752028	-0.17835651	0.07169722	0.06409223	0.06319085	-0.08680619	0.18624949	0.11507842	-0.01529466	0.16015598	0.17957388	0.12514352	0.58444419	0.45257278	0.40622329	0.39563458	0.21852239	0.87685633	0.55945300	0.38243336	0.45500018	0.51230170	0.55357393	0.47855729	0.46710078	0.47679654	0.29406353	0.47987326	0.43955177	0.45493979	0.40810235	0.25560657	0.32378109	0.52224199	0.39735788	0.42689929	0.36093203	0.35182851	0.51888422	0.30949182	0.38510025	0.25555213	0.29480929	0.28893887
region7	0.18744421	0.35830327	0.15468026	0.34900103	0.12236339	-0.07721031	0.15902702	0.19583070	0.05091522	0.08831826	0.32469427	0.24455651	0.31688511	0.49296450	0.39341411	0.22477788	0.12166735	0.38730133	0.26825917	0.17274090	0.31468476	0.30877789	0.29012175	0.19188931	0.21311362	0.21786728	0.10808600	0.25976688	0.23046277	0.22587526	0.11740190	0.07941204	0.23166597	0.29772225	0.32109368	0.28581680	0.09804025	0.31568430	0.36071969	0.30328663	0.24273371	0.38496783	0.23333726	0.09640747	0.16280897	0.14716815	-0.02845400	0.08272021	-0.05436128	0.18007665	0.14207558	0.14782102	0.24534085	0.00561802	0.06097143	0.00491862	0.12252252	0.09261564	0.18740546	0.43025824	0.37953673	0.23090710	0.07842384	-0.01791716	0.21318353	0.02617714	0.33230324	0.23780056	0.18544600	0.14758514	0.26387618	0.44589324	-0.08265517	0.16066491	-0.03439366	0.21112451	0.22674589	0.39723264	0.28841671	0.29922508	0.28069729	0.09618088	0.22831668	0.24017563	0.14759081	0.19235767	0.11910170	-0.13820662	-0.05295439	-0.05181803	-0.11555856	-0.10145482	0.09103387	0.02125113	0.02899448	0.13736876	0.18154169	0.21556585	0.14898874	0.35499159	0.00961424	0.29836078	0.02148771	-0.05632271	0.03215699	0.07760331	0.06952771	0.27141225	-0.00941068	0.18178410	-0.13721896	-0.00046628	0.01023783	-0.09372121	-0.01884201	-0.14169011	0.02191768	0.15743449	0.03640591	-0.00118568	0.09439757	0.17203668	-0.00520929	0.24459683	0.21301705	0.08957224	0.23776907	-0.06775719	-0.04141519	0.07935411	0.14386314	0.10163320	-0.07652100	0.12008910	0.30157766	0.19291830	0.14788498	0.18886859	0.25012091	0.10150145	0.08954052	0.16374480	0.12736654	0.07946896	0.22105782	0.26296753	0.08226764	0.13018276	0.19756451	0.20656032	0.19462982	0.22733169	0.26756109	0.21227315	0.24026784	0.21389913	0.08264018	0.17572502	0.24642913	0.12887497	0.20816568	0.05432213	0.20833179	0.11815580	0.14553217	0.03021049	0.11522011	0.10636188	-0.00325688	0.11202245	0.04659144	0.12444225	0.17031879	0.18090462	0.20138488	0.25125830	0.22716913	0.34803596	0.24198110	0.29269849	0.19240269	0.24047686	0.22054491	0.09035562	0.11702924	0.13683796	0.09821533	0.01022690	0.25967540	0.16332419	0.10226373	0.21296120	0.11387872	-0.01367537	0.12502305	-0.04364681	0.03673096	-0.16732241	-0.08585120	0.09036995	0.24777999	0.19919893	0.33677052	0.20405193	0.20977186	0.18156022	0.21179071	-0.00729636	-0.04605080	0.15748996	0.12613089	0.22664538	0.26714715	0.00080723	0.43043254	0.43211380	0.17492997	0.38159148	0.20461335	0.23680896	0.29999225	0.17215075	0.24519223	0.26133448	0.18387629	0.13896044	0.30287290	0.06141740	0.23469594	0.24379407	0.27286272	0.38575300	0.26130224	0.22444850	0.39369094	0.32191969	0.29359730	0.27923188	0.27645870	0.29915534	0.34884962	0.43056861	0.35209636	0.24929348	0.18654852	0.24543628	-0.10793118	0.09265535	0.07324461	0.08901732	0.25606087	0.06253028	0.13060522	0.22085347	0.19058853	-0.02165854	0.07096641	0.12783467	0.36611126	0.34711994	0.27069182	0.27176901	0.20656843	0.23193794	0.21738277	0.06396326	0.19479416	0.21896462	0.29354647	0.20094968	0.38315946	0.37065584	0.09186531	0.11760106	0.09480281	0.23688464	0.10794063	0.20813652	0.33263800	0.43947725	0.30959256	0.25726055	0.16573240	0.15520076	-0.03246819	0.11905022	-0.00272648	0.08962656	0.03435311	-0.04913474	0.07731758	-0.19535448	-0.03256906	0.10479241	-0.12525404	0.22533102	0.24311727	0.16534053	0.09790987	0.14379431	0.20962943	0.31282845	0.22749350	-0.13503025	-0.10263331	0.00739420	0.06334825	0.26483970	0.00030780	0.01758237	0.09169998	0.17416426	0.09267281	0.22625704	0.00356013	0.01249602	-0.00352832	0.01522435	-0.05663050	-0.12885449	0.22373960	0.02411030	0.07939493	0.04700563	0.10383718	-0.00256611	0.05024148	0.17645692	0.23504618	0.07453323	0.14397386	0.17061910	-0.05063340	0.07678417	-0.05830654	0.19404883	0.17761093	0.15821165	0.00844696	-0.06580222	-0.02399840	0.14466620	0.13505647	0.11137428	0.29744447	0.19408570	0.10458201	0.08505935	0.12218158	0.04195097	0.02355549	0.05163384	0.31999164	0.06414527	0.20628715	0.09772788	0.15740426	0.24770483	0.23124038	0.14148892	0.30169780	0.32826990	0.22352839	0.25900193	0.03907654	0.17699576	0.16684491	0.13530930	0.12843799	0.08153066	0.23872801	0.22515422	0.05582680	0.10219134	0.01239182	0.25264933	0.31842152	0.17051900	0.19809654	0.31726844	0.25081050	0.26341348	0.14995456	-0.01840195	0.04150639	-0.05021464	0.21059579	0.11566623	0.15405527	0.13349277	-0.07734900	-0.09974193	0.02222430	0.13790313	-0.03379904	-0.15134545	0.00204051	-0.18939523	0.21085498	-0.05809661	-0.02245659	0.11467112	0.00732501	0.03600806	0.15609140	-0.05713126	0.07428135	0.08241321	0.01190196	-0.06503067	0.11497666	-0.12207308	-0.06218828	0.07225001	0.00226725	-0.01189530	0.05997279	0.11463835	-0.04649757	0.12339584	0.14126621	-0.14031025	0.06631359	0.14477894	-0.05096426	-0.18450087	0.09005944	0.12190541	-0.13414507	0.07848605	0.06850824	-0.00471120	0.48098412	0.40355028	0.35396368	0.31791063	0.10787848	0.55945300	0.98541182	0.33794090	0.38317224	0.39361522	0.45375338	0.34039483	0.33661720	0.36293096	0.11085319	0.28019648	0.30490266	0.37928954	0.38585287	0.30406431	0.31693293	0.50553370	0.52157232	0.38635075	0.26286401	0.35041698	0.41632376	0.15201764	0.26303600	0.13812705	0.08197356	0.11119278
region8	0.18331829	0.28368364	0.26114732	0.27280527	0.01715092	0.14995325	0.11978480	0.26642382	0.24208705	0.19173121	0.22437708	0.14270663	0.22399200	0.25605108	0.30807152	0.10969071	0.01447586	0.23832375	-0.00804973	0.02644678	0.07802052	0.09980097	0.10783205	-0.02162566	0.12003702	0.02637150	0.06133469	0.08887461	0.21565522	0.07924733	0.11674705	0.05433043	0.16120722	0.14015697	0.18401208	0.25140076	0.09938857	0.27574406	0.25176069	0.08760399	0.29472632	0.20396310	0.23744345	0.12669837	0.15137018	0.12255627	-0.11060351	0.05323490	-0.00400111	0.11277774	0.06113501	0.08036130	0.18573398	-0.08061016	0.01437562	-0.02867258	0.08731954	0.17446868	0.12944816	0.17254300	0.19954060	0.20304689	0.05359168	0.15081584	0.16686134	0.18356272	0.20542982	0.22143219	0.13568089	0.17362146	0.07990626	0.28091969	-0.10483502	0.23535394	0.08001442	0.17838668	0.13443467	0.20488190	0.12584276	0.16502421	0.20440237	0.16339099	0.12641111	0.22269108	0.14354104	0.20081849	0.14215874	-0.11125352	-0.12602836	-0.00307985	-0.08372853	-0.02905770	-0.03252738	0.05937094	0.11569361	0.06281709	0.08456316	0.04454233	0.12040931	0.27213475	-0.15059640	0.11192054	-0.09819881	0.00264360	0.00933637	0.09249328	-0.17257712	0.07418283	0.02485059	0.18749678	0.00228403	0.02687650	0.01542769	0.09711339	0.12205907	0.00955006	0.07068143	0.08628031	-0.04971891	0.03575075	0.25271947	0.20709315	-0.06558555	0.10483925	0.13566455	0.00253382	0.10688078	-0.01544601	-0.21073592	-0.01294188	0.11290874	0.01991478	-0.02043480	-0.03701396	0.17195375	0.10438435	0.09397768	0.12889720	0.12894135	0.04260100	0.01165491	0.07512386	0.14796713	-0.06449346	0.07535330	0.16779417	0.09360306	-0.02911045	0.17491693	0.09522779	0.12108569	0.08597386	0.12949859	0.17409916	0.22285587	0.13185834	0.02970378	0.02695276	0.20220803	0.13765371	0.08081609	0.00639320	0.17321747	0.09962963	0.00522167	0.03152936	0.05616479	0.15070442	0.16933296	0.18760427	0.15334143	0.22778747	0.21611105	0.12187787	0.13560350	0.11806862	0.13267283	0.13134349	0.08920890	0.10920039	0.17493861	0.24251868	0.18088928	-0.02798577	0.14646119	0.19090269	0.19921432	0.17084354	0.00254374	0.10084157	0.00184777	0.09577179	0.03320694	-0.06906868	0.02333001	0.05766169	0.20083589	-0.06353416	0.14335287	0.19153805	0.13970796	0.13229486	0.17878847	0.19922443	0.17604978	0.12056492	0.23713096	0.06808573	0.10443906	0.16814889	0.15785873	0.14286212	0.08205107	0.00386719	0.20869129	0.13327360	-0.06957454	0.16765563	0.06501056	0.02293086	0.07704798	-0.02748711	0.03774676	0.10609750	0.02983784	0.08745276	0.25311177	0.07288662	0.19028861	0.20798702	0.24037916	0.26426684	0.24719928	0.17806027	0.24664823	0.18303289	0.17771219	0.15585011	0.24118132	0.18241145	0.27522876	0.19908442	0.05667007	0.12318395	0.06595613	0.09511304	-0.02223720	0.07577829	0.02037423	0.02179089	0.19711232	0.05303829	0.17303336	0.18223255	0.17433752	0.00460003	0.10525821	0.20249102	0.17360830	0.29053398	0.24357497	0.18351497	0.18081925	0.16706988	0.17454868	0.15066820	0.13258376	0.22419067	0.19903987	0.15784178	0.27891303	0.25665251	0.16737319	0.00082386	0.09682758	0.26350255	0.18723732	0.06805903	0.21458847	0.32486098	0.16724866	0.21679596	0.16646689	0.08088122	0.03714312	0.08011529	-0.01419316	0.05062602	0.12704546	-0.12907551	0.07584437	-0.15172447	-0.00105801	0.14671643	-0.08641435	0.06110388	0.10750690	0.09640690	0.03117638	0.09137655	0.05723307	0.13840699	0.05180874	-0.09504070	-0.05105354	-0.00854428	-0.05524609	0.16398314	-0.02541233	-0.06358338	0.02038270	0.08057501	-0.03892891	0.09670718	0.08069267	0.14213744	0.00504230	0.15663000	0.09005781	0.28411944	0.12658934	0.22671927	-0.05849181	0.15542669	0.15647182	0.08406825	0.07445562	0.19004135	0.16971580	0.05450777	0.06395521	0.07828377	-0.06887546	0.08871204	-0.07859386	0.16496757	0.16171476	0.07722624	-0.02222628	-0.08699381	-0.01664218	0.06585085	-0.09290785	0.00114606	0.11838628	0.06715293	0.25077240	0.01574250	0.02510368	-0.00260259	-0.03691167	-0.11241251	0.20555170	0.08934397	0.27647599	0.13674010	0.05951429	0.32283271	0.07685743	0.07090166	0.16916682	0.19632869	0.18930341	0.17073269	-0.04112389	-0.00609855	0.09505093	0.06238623	0.02604262	-0.00222257	0.16934472	0.08689067	-0.06672020	0.12866305	0.04220763	0.20282443	0.12333646	-0.07907500	0.09182452	0.13045448	0.02251850	0.21196453	0.11574065	-0.00835198	0.09824329	0.00928342	0.07809005	0.08637320	0.02806162	0.19766608	-0.04697636	0.07355686	-0.02061907	0.15157754	0.04639137	-0.11155901	0.04987706	-0.05894018	0.10205450	-0.11647725	0.14041711	0.08013117	0.05534437	0.05221712	-0.04279525	0.05307810	0.07450206	0.03498060	-0.04073893	-0.11184996	0.06457106	0.09814916	-0.01292895	0.08550889	-0.09279725	0.03179736	0.23111880	0.01937848	-0.04819027	-0.00904720	0.10373252	0.04158787	0.07795616	0.07156065	0.02291371	-0.09174131	0.17152085	0.04009710	-0.00201730	0.11835657	0.02938159	-0.01526905	0.43491098	0.32685924	0.19548921	0.35500560	0.37563786	0.38243336	0.33794090	0.93697970	0.38056118	0.48822641	0.43640350	0.34009104	0.32158852	0.36179904	0.34214759	0.42657065	0.37597250	0.34627873	0.29753807	0.32983305	0.36509468	0.40823834	0.27434750	0.38209208	0.35001948	0.05398037	0.41914505	0.22095989	0.37616842	0.23867646	0.27707878	0.33340899
region9	0.53194383	0.49034632	0.38129505	0.59791688	0.19025416	0.17696822	0.40948754	0.14637397	0.38800911	0.20012561	0.35088899	0.27133766	0.26936519	0.46214297	0.53158748	0.01435665	0.00695242	0.39956216	0.07617942	0.11611576	0.23542313	0.15082042	0.19487693	0.07421251	0.06251462	0.24153402	0.11751987	0.15159338	0.19287423	0.20865227	0.10722420	0.07084144	0.16982158	0.18990773	0.29148033	0.32555365	0.03267269	0.35974963	0.38190385	0.21787804	0.10924246	0.22422553	0.12909679	0.12097853	0.03255507	-0.02726100	-0.08422010	-0.05147650	0.02792305	0.05990150	0.06189830	0.07367442	-0.03667464	-0.10092352	-0.07018710	-0.22999157	0.07929892	0.11013145	0.13011459	0.46317051	0.26983310	0.42540749	0.24931473	0.01512784	0.26867339	0.21986876	0.29469245	0.20824448	0.21233957	0.15537446	0.25938532	0.38625662	-0.14665379	0.04829662	-0.01613658	0.17756074	0.17660201	0.19712829	0.18967104	0.17847322	0.27910976	0.30379015	0.22660859	0.13504086	0.11921179	0.00111365	0.20552270	-0.13119804	-0.21047931	-0.15524976	-0.21186187	-0.17406183	-0.00957491	0.08215130	0.02978248	0.03429269	0.20902220	0.07617716	0.21123018	0.40196354	-0.07048656	0.21892803	-0.05584710	-0.06776819	0.04165206	-0.09621222	0.11079787	0.17135823	-0.01278881	0.20085275	-0.03363282	0.14034410	0.16564709	0.03293390	0.01254293	-0.03955832	-0.05386934	0.13477381	0.00200530	0.14675051	0.11861018	0.22692792	0.05963086	0.31954221	0.17654330	0.10489620	0.37883401	0.09599127	-0.01728613	0.04416571	0.21112606	0.12699275	-0.13865690	0.27182179	0.48690606	0.41221505	0.32466987	0.11062667	0.33187371	0.24050436	0.22072824	0.19129176	0.28411394	-0.01674179	0.21521762	0.26990576	0.04652857	0.05949284	0.33002403	0.34466518	0.18384399	0.27135171	0.36062244	0.31736116	0.30736239	0.20966703	0.18124989	0.11973185	0.32765985	0.21048265	0.37194251	0.21825413	0.30048307	0.13988973	0.33928292	0.01665917	0.22007896	0.21990925	0.16720722	0.22849149	0.30181892	0.29498182	0.25193889	0.31582942	0.26912085	0.29170141	0.22925255	0.41015131	0.35391236	0.34971762	0.31869522	0.36157322	0.21271358	0.14724985	0.26551678	0.23331570	0.24207436	0.14965919	0.18048420	0.18157782	0.05763477	0.25172502	0.23189333	-0.03716079	0.29692377	0.14227011	0.18866213	0.01932498	0.13328126	0.25700011	0.21152582	0.32358273	0.29751895	0.43964057	0.35772420	0.24367498	0.45207020	0.07691513	0.20817438	0.18969813	0.27959658	0.28511450	0.20208757	-0.11605256	0.31866621	0.27973846	0.04427647	0.25249075	0.15416024	0.20212328	0.24595682	0.06588218	0.18299302	0.06811861	0.08483577	0.14547789	0.31220176	0.01804201	0.25265005	0.19419883	0.28752292	0.25310296	0.19094506	0.15258631	0.28515889	0.31840000	0.19326227	0.16689113	0.25234421	0.13186053	0.36736055	0.33151666	0.33300337	0.20963590	0.10890166	0.00434078	-0.11964581	0.05160271	0.04522583	-0.10541505	0.05994061	0.02421541	0.07833355	-0.00377812	0.07797291	0.06813338	0.06980103	0.11386184	0.20993880	0.46773353	0.44348111	0.29267001	0.31300426	0.23449507	0.30231863	0.19010263	0.24641409	0.27051178	0.30520595	0.15707000	0.29131872	0.25636168	0.07672452	0.04524154	0.03696058	0.18567106	0.10465846	0.09345484	0.17853558	0.32385731	0.35045536	0.25479147	0.18336674	0.18064216	0.01036815	-0.00186652	-0.09762574	0.14395346	0.08697324	-0.13930381	-0.01581576	-0.22546625	-0.16864953	0.02443008	-0.09961207	-0.00433622	0.04968655	0.00804195	0.00073759	0.05541765	0.07277188	0.31840422	0.23011291	-0.07819672	-0.04573428	0.11546364	0.07535415	0.28195725	-0.02500412	-0.09106059	0.02510186	0.07753028	0.17229405	0.22418720	0.09667073	-0.02519671	0.03117359	0.16769619	0.07939614	0.03586788	0.20709791	0.08556901	0.13226789	0.13740285	0.21490833	0.04095484	0.08140166	0.21936752	0.32043756	0.26189143	0.22500044	0.25436931	-0.04698517	0.18147822	-0.03348679	0.34517519	0.41037632	0.25183290	0.14197368	-0.05953013	-0.05861593	0.13296255	0.15946497	0.25972252	0.50595613	0.27276994	0.27247598	0.11440502	0.33234558	0.10996150	-0.04449283	-0.00052920	0.41046754	0.14997108	0.17607543	0.07963967	0.13637981	0.24801834	0.35809494	0.31772616	0.30263020	0.38571784	0.32232095	0.31326597	0.15167783	0.17302086	0.27110690	0.37096051	0.32353782	0.09153101	0.30573825	0.33581085	0.01372792	0.31786138	0.26616992	0.28954521	0.38821158	0.24652867	0.24170098	0.41552409	0.28472186	0.18979436	0.19793985	-0.01597191	0.16637149	0.09119722	0.19720402	0.13810876	0.11594330	0.22421850	0.06027273	0.08462767	0.09016123	0.30703818	0.12415977	-0.08321996	0.10985350	-0.00969899	0.36716190	0.00423948	0.04037597	0.00206580	0.10655963	-0.03234485	-0.06908844	-0.11567143	0.02039499	-0.09687733	0.03351505	-0.06675493	-0.09856033	-0.04762714	0.03859929	0.01085918	0.00092728	0.08841549	0.01859198	0.11516613	0.04148446	0.16982622	0.03465975	-0.16449376	0.05835041	0.07595585	-0.01532720	-0.21462338	0.03278200	0.06304056	0.09198690	0.09619095	0.13303002	0.07299441	0.54259168	0.42312723	0.26370005	0.26138417	0.20516949	0.45500018	0.38317224	0.38056118	1.00782123	0.57370465	0.68268177	0.58446567	0.67652531	0.57191527	0.44686046	0.53246201	0.37417665	0.32048127	0.21657556	0.21101510	0.27453943	0.31487965	0.34411433	0.26149041	0.50390191	0.39513042	0.55582055	0.46538506	0.53004662	0.39025176	0.39612455	0.33552879
region10	0.48414794	0.50916031	0.51557524	0.64632764	0.04384240	0.06258430	0.45068695	0.31283676	0.31680208	0.27948745	0.22157714	0.20706439	0.31620132	0.51526630	0.61056574	0.00429841	0.11290966	0.33610145	0.07210096	0.19272461	0.17557493	0.20499883	0.15525477	0.09637764	0.17169097	0.13700875	0.19937358	0.19727701	0.27563343	0.26539152	0.22736713	0.14977315	0.19881339	0.29004659	0.32406057	0.40849590	0.00993392	0.38312776	0.46673628	0.24405580	0.22058596	0.32880608	0.20657269	0.37220926	0.21362462	0.14537964	0.10600239	0.01810819	0.13237388	0.25693658	0.23399390	0.20393455	0.14157378	0.09361188	0.11952250	-0.07707707	0.21292770	0.08020295	0.27136176	0.44935061	0.30894444	0.41680081	0.24929578	0.14145372	0.20477346	0.16597260	0.25459792	0.23935106	0.29054376	0.14829716	0.21246049	0.37304728	0.00942103	0.30516103	0.15668299	0.26546071	0.21231423	0.20631630	0.24991577	0.25169345	0.35777779	0.31166814	0.34552461	0.20009318	0.28813006	0.12339383	0.27640939	-0.02785460	0.01431144	-0.12997074	0.09331420	0.03079218	0.13841446	0.29702396	0.14029886	0.12877753	0.27352608	0.18275680	0.42938346	0.49798187	0.00641941	0.33524468	0.04610068	0.15110559	0.17559110	0.03219923	0.10824547	0.35307911	0.09141557	0.30208756	-0.00046603	0.04179813	0.28573545	0.03418860	-0.03490230	-0.10055826	-0.05483243	0.13752273	-0.00923808	0.02874664	0.26029020	0.29673010	0.12474591	0.33440255	0.26458206	0.21192737	0.48395184	0.26253301	0.04821911	0.27022575	0.35342272	0.21306124	0.03071946	0.25082694	0.46625244	0.40415886	0.37977025	0.21120708	0.27473896	0.38603760	0.32447970	0.28071001	0.38244061	0.03245785	0.24163827	0.26857060	0.02247282	0.02854418	0.36525216	0.37451904	0.25026262	0.25808033	0.30696698	0.30415445	0.32581028	0.27483176	0.18253085	0.13747827	0.32553141	0.23714291	0.31792750	0.12133512	0.29719178	0.19238302	0.36625912	0.16615086	0.13495978	0.24357565	0.24053565	0.23268825	0.35591011	0.32735196	0.29350925	0.30100767	0.34783937	0.32324749	0.29932650	0.39527169	0.32554779	0.44293599	0.27682710	0.38209069	0.25438261	0.18607283	0.34293373	0.32152920	0.33663506	0.32835250	0.18638024	0.23230613	0.07903369	0.22635626	0.24714604	0.02776640	0.25963574	0.32552981	0.28838881	0.03611359	0.16887621	0.25428751	0.32016524	0.35868404	0.34684340	0.49641231	0.32945653	0.28558934	0.54368778	0.13050294	0.23910154	0.25740590	0.19985198	0.31979717	0.24203741	-0.03975247	0.41509553	0.30729302	-0.04563176	0.24160020	0.20287398	0.20997739	0.22687752	0.11927106	0.11352901	0.18074601	0.06112675	0.14328326	0.28570027	0.11534394	0.31826139	0.18502937	0.25560053	0.29341902	0.22513923	0.22704974	0.27642656	0.35159955	0.19733957	0.14470952	0.29517931	0.22513012	0.41520752	0.33893068	0.32335054	0.28106809	0.17081899	0.11666890	0.00322410	0.11508302	0.03940150	-0.06371818	0.25599792	0.16907362	0.15834966	0.16010395	0.23611214	0.16450400	0.22809104	0.19761905	0.22271490	0.40132132	0.36551388	0.34864348	0.32732588	0.18306120	0.27419913	0.25050511	0.21928190	0.27845695	0.28716298	0.17264161	0.19726623	0.16152703	0.20754535	0.19327765	0.09355824	0.23767518	0.19696202	0.06491596	0.18997929	0.30505623	0.29940115	0.30585265	0.30118093	0.23274620	0.06595209	0.13138900	-0.01287893	0.26859300	0.16633840	-0.05512811	0.11909290	-0.14582816	-0.08139135	0.05251236	-0.10248361	0.09486288	0.18247509	0.08669367	0.17629894	0.09902412	0.02046315	0.40975350	0.20983764	-0.03654870	0.01877132	0.19087925	0.14107710	0.35558018	0.00832931	-0.03345177	0.17304549	0.25121327	0.07938901	0.19182102	0.08362311	0.11001000	0.06952975	0.21419466	0.06696325	0.16593368	0.22412912	0.20740084	-0.06795496	0.13364154	0.25204060	0.07757531	0.14421153	0.26048914	0.43178616	0.32978434	0.28463011	0.21720534	0.07659195	0.17913729	0.12857317	0.40359397	0.39622392	0.30517036	0.18153354	-0.02859965	0.01311898	0.27455121	0.16817785	0.23754209	0.46850935	0.20397592	0.32553988	0.11285224	0.32939566	0.24603552	0.02778908	0.04828264	0.40050546	0.25543329	0.25583895	0.15407261	0.14804255	0.38116885	0.35817312	0.33272107	0.39900223	0.36967685	0.33449657	0.32002411	0.10107126	0.13997999	0.19551096	0.31623440	0.31379135	0.14885661	0.36576157	0.36472114	0.11958837	0.29866679	0.31742545	0.22362819	0.35440115	0.20023545	0.29403744	0.33364759	0.32649726	0.20603489	0.29560402	0.04751882	0.20462370	0.11705001	0.24793192	0.17531736	0.26348955	0.08079695	0.06061510	0.12656401	0.19190234	0.33599169	0.18404252	0.11128214	0.14627532	0.10892976	0.35068513	0.03435854	0.00373865	0.11617521	0.05525707	-0.03690445	0.11434945	0.03652985	0.16082176	0.08866944	0.18326813	-0.00303505	-0.06786684	0.04422500	0.08560085	0.07897229	0.10980272	0.22760446	0.11154343	0.01989967	-0.04607988	0.11307888	0.09425998	-0.17221935	0.14362536	0.14119978	0.09213097	-0.08480648	-0.01025797	0.08309004	0.11733964	0.08947459	0.21500019	0.17529566	0.61841504	0.48542619	0.26275956	0.29976252	0.41062006	0.51230170	0.39361522	0.48822641	0.57370465	1.11118145	0.70399824	0.73440986	0.62004638	0.65183750	0.53169332	0.70199680	0.47576346	0.38078373	0.31259954	0.29901863	0.31753343	0.46784280	0.35986157	0.43826884	0.47915633	0.39679548	0.58268235	0.49468385	0.52750250	0.39921016	0.47499909	0.48477734
region11	0.61930799	0.57750408	0.46466306	0.65391260	0.17635931	0.08929202	0.46660941	0.25193177	0.31110968	0.25416777	0.32906050	0.30647629	0.39167891	0.55004024	0.62686950	0.07926503	0.12939763	0.45394757	0.14447038	0.22899208	0.27686496	0.24838234	0.27008419	0.17054310	0.07455769	0.22385270	0.20662929	0.22872923	0.26439603	0.22477520	0.14043737	0.08091665	0.18826306	0.24991691	0.34345637	0.41038639	0.04136481	0.45971388	0.49479498	0.26812015	0.21867805	0.33339250	0.24462160	0.28381205	0.11020566	0.06689549	0.03420584	0.03425056	0.07793116	0.13243977	0.14864193	0.16959489	0.08014023	0.01554599	0.07956601	-0.11790373	0.18196334	0.09103682	0.25815758	0.56469305	0.36963977	0.49358699	0.32089193	0.03850839	0.29840983	0.19132952	0.33433594	0.28351478	0.26779672	0.14131953	0.27348269	0.43033129	-0.06724691	0.19986648	0.04552959	0.20267907	0.19759672	0.24086154	0.32443126	0.28999765	0.43406701	0.32474017	0.28648736	0.24914523	0.17534446	0.11120438	0.27335224	-0.09262967	-0.05633920	-0.15694679	-0.07524040	-0.07866178	0.08705331	0.22123918	0.07792327	0.10277645	0.30200918	0.10064503	0.30463149	0.53004413	-0.03900556	0.29676805	0.00750857	0.00711907	0.13749280	-0.05705700	0.16365628	0.26123555	0.00395447	0.29544289	0.00809614	0.07115999	0.23731214	-0.00086147	-0.00342375	-0.11997857	-0.11463592	0.08197067	-0.03682771	0.12471824	0.19368044	0.31091033	0.09099851	0.37136393	0.22988649	0.17013931	0.48525338	0.19584958	0.00302062	0.13333727	0.28978531	0.17929663	-0.08659412	0.29964261	0.48266148	0.42175781	0.39894192	0.19593206	0.33831697	0.30158134	0.30023718	0.28031100	0.33511418	-0.04357930	0.26844662	0.29604396	0.02751831	0.01652718	0.36429911	0.38626923	0.24866658	0.27403833	0.35826504	0.36030977	0.33050048	0.26477208	0.18166577	0.13191704	0.35393351	0.23882511	0.38047958	0.19554342	0.32452941	0.15478236	0.36768177	0.08716219	0.19300336	0.22528716	0.12361974	0.21277442	0.37041487	0.34052110	0.29998804	0.34377942	0.34276092	0.36179157	0.30205520	0.40040278	0.36179382	0.46251910	0.30033142	0.40532268	0.25399173	0.25063099	0.30343216	0.30738010	0.33924764	0.22326211	0.28520086	0.26342380	0.10079468	0.27533585	0.25783001	-0.01328062	0.32764198	0.25011750	0.28252380	0.00173246	0.14854375	0.23420656	0.29761801	0.42176199	0.44731524	0.53373078	0.33113430	0.26564890	0.53129564	0.11264050	0.19049002	0.26464604	0.29594090	0.38488868	0.31442840	0.01028081	0.40682200	0.37030452	0.10820999	0.35448019	0.26019586	0.28371223	0.31938405	0.13951860	0.21746801	0.20190668	0.14212516	0.18797794	0.32414781	0.02973697	0.29367574	0.19859063	0.30679157	0.31187075	0.23274206	0.12388009	0.32855348	0.43776335	0.26582358	0.20821283	0.37852766	0.26481734	0.44174627	0.40222538	0.33604141	0.28809353	0.19332799	0.10823183	-0.00959440	0.10385863	0.09240185	-0.04105056	0.18973138	0.08389933	0.16126001	0.13511978	0.19268859	0.11780949	0.14194736	0.14758270	0.27133593	0.50139204	0.40627577	0.36633145	0.30662725	0.26777741	0.36469313	0.26060436	0.26893808	0.32606926	0.34362945	0.23650246	0.32804737	0.27864586	0.15333477	0.16880925	0.09967673	0.22920640	0.16354835	0.09584748	0.27176414	0.41217446	0.38420920	0.30459137	0.23045121	0.23299147	0.00673746	0.10237620	-0.04698659	0.20956189	0.16308482	-0.10295349	0.05588968	-0.21959608	-0.08866257	0.06903806	-0.12743346	0.08235046	0.19381592	0.07573475	0.08254480	0.11463707	0.10526591	0.38737156	0.23926274	-0.10265691	-0.01419775	0.15484682	0.10333129	0.37055442	-0.01123799	-0.07874374	0.08734300	0.15878292	0.11341793	0.28827080	0.06317162	0.05207226	0.12634975	0.15167658	0.07311617	0.06101276	0.23455272	0.12156912	0.02772664	0.16947325	0.26770870	0.08455203	0.14845297	0.23067722	0.41044439	0.27225591	0.22351284	0.25703253	0.00598295	0.20050539	0.08440659	0.37757458	0.35271811	0.28480868	0.14387314	-0.07704818	0.01257983	0.20651921	0.15214397	0.23505721	0.50699500	0.23312334	0.29836630	0.11373908	0.33525529	0.15275247	-0.04764743	-0.01071188	0.40290222	0.16769734	0.19857553	0.08136738	0.14446809	0.28630301	0.35824074	0.31489711	0.35867814	0.41104496	0.33497623	0.32244047	0.09903884	0.16886311	0.23951879	0.35218490	0.30151847	0.11256646	0.32951740	0.37343170	0.10882767	0.30754366	0.25009427	0.24383755	0.39200057	0.19872348	0.27682514	0.39190889	0.29444599	0.24070011	0.24662439	-0.02358866	0.12266727	0.05227259	0.28624036	0.16844730	0.21195986	0.21053012	0.03506721	0.09773695	0.13289218	0.31612439	0.14339004	-0.02531857	0.10228301	-0.00507307	0.35292292	-0.01046807	-0.00778227	0.04938146	0.08243058	-0.02109097	0.05308450	-0.10898822	0.05598410	-0.03186457	0.15325014	-0.03719080	-0.08815715	-0.04248612	0.00612104	0.02274727	0.02678167	0.17636613	0.03722071	0.08818730	-0.02766322	0.12258619	0.09391843	-0.20337278	0.03995334	0.08355866	0.05834713	-0.17798513	0.08664966	0.06990941	0.05931500	0.10148222	0.17982675	0.17475410	0.62640253	0.47793638	0.30533061	0.22551098	0.25154573	0.55357393	0.45375338	0.43640350	0.68268177	0.70399824	0.99220460	0.70248692	0.66940721	0.65435146	0.45693054	0.64780098	0.48884811	0.38301682	0.30896015	0.26927782	0.27628407	0.42602809	0.42191129	0.33695101	0.56030027	0.45655538	0.64195445	0.50103102	0.57008420	0.41735020	0.45698221	0.40695214
region12	0.60536767	0.52850053	0.45983941	0.64297043	0.11814262	0.03082363	0.47679872	0.25144591	0.25839580	0.23867111	0.25307390	0.28221398	0.37596513	0.57013598	0.59113314	0.03122787	0.15387655	0.34431096	0.12678533	0.18842676	0.20016363	0.19996815	0.14933568	0.11313450	0.05841616	0.25743249	0.24880954	0.23889035	0.25169326	0.29536673	0.16348514	0.09907173	0.23843805	0.31390744	0.38372629	0.43962297	0.03772397	0.37925707	0.50202540	0.31758001	0.20407329	0.32119077	0.22458664	0.31566324	0.16179414	0.05095954	0.04165039	0.05356457	0.12830300	0.14981478	0.18397322	0.23831643	0.05091802	0.04770568	0.10050005	-0.11392024	0.16845937	0.11751588	0.27052018	0.50610314	0.34138270	0.51246167	0.33008743	0.04053874	0.24765334	0.19044664	0.34573573	0.32222931	0.34040254	0.17977321	0.30963576	0.41801351	-0.05447035	0.18634397	0.04166873	0.23049468	0.28683616	0.28666125	0.24364874	0.25720140	0.42750883	0.36034531	0.35608132	0.21536224	0.23007464	0.06311153	0.22141232	-0.07259972	-0.03617546	-0.16653858	-0.00410335	-0.09818432	0.09943968	0.23642749	0.10198659	0.14727902	0.33305235	0.15493249	0.31838877	0.55726714	0.04861012	0.33624644	0.07510112	0.07723660	0.14002106	-0.01728018	0.19455318	0.28840564	0.02007538	0.26035191	0.02606316	0.02479233	0.24090356	-0.02794995	-0.03381522	-0.14263330	-0.17981614	-0.01250225	0.00000274	0.10846974	0.18547268	0.35242042	0.14401713	0.41077142	0.22149057	0.25883156	0.45064014	0.21922808	0.06041644	0.20443932	0.31781696	0.19557532	-0.02737596	0.24250958	0.42977253	0.34993815	0.35810737	0.21701239	0.28042444	0.35109606	0.31504456	0.33043847	0.31732159	-0.02784709	0.28336377	0.28857090	0.05743575	0.01603407	0.30063615	0.34822237	0.21204453	0.18357257	0.28062181	0.30802847	0.29034010	0.28360471	0.19769710	0.13423351	0.28583800	0.20763903	0.32493623	0.20868049	0.27541324	0.12104903	0.41064138	0.14824529	0.15112052	0.16668856	0.06706568	0.16246289	0.31298965	0.29070862	0.23845196	0.24675907	0.32537099	0.32419108	0.28186835	0.34538202	0.26928739	0.44994785	0.20003547	0.35911111	0.23260650	0.24127908	0.26953775	0.29018818	0.33720056	0.25500759	0.23728068	0.27614989	0.10150547	0.23458297	0.24947368	0.01849138	0.34368420	0.27914186	0.25541855	0.03520762	0.14449074	0.12095401	0.35300924	0.39843742	0.41493780	0.51206319	0.29456194	0.28377853	0.52393126	0.14502171	0.20085212	0.26252916	0.27230643	0.37393273	0.31062459	-0.00423247	0.42450546	0.34593198	0.05234063	0.28904205	0.24062763	0.20890565	0.22684425	0.12688303	0.17193002	0.14565001	0.19150089	0.21035794	0.34709517	0.03391251	0.33366112	0.20357625	0.30259356	0.32620269	0.24286454	0.14941288	0.29026525	0.35831561	0.21031804	0.15198415	0.32334595	0.24166938	0.38743537	0.35493523	0.31392380	0.25176206	0.19190877	0.05157645	-0.00927355	0.13644567	0.12032126	-0.06324863	0.15715316	0.12809558	0.19496915	0.12472519	0.19238038	0.14446218	0.18421902	0.19694745	0.22913787	0.45488356	0.34841468	0.36611322	0.25806828	0.18203101	0.34252247	0.29427002	0.25265328	0.29867888	0.32180081	0.23962185	0.22624952	0.16637025	0.18374529	0.16706171	0.05066167	0.23636608	0.12081552	0.07130312	0.20791329	0.30570338	0.27839857	0.30054174	0.25942409	0.25248679	0.02662667	0.07549599	-0.06313206	0.23849083	0.14286291	-0.12467720	0.06944204	-0.19588441	-0.04783350	-0.01387303	-0.12344905	0.07376241	0.20038702	0.07435430	0.12400342	0.07907014	0.08814984	0.38912116	0.22163393	-0.08061556	-0.00243320	0.20038607	0.13268895	0.34454765	0.02467451	-0.03736029	0.13079558	0.21470729	0.07706708	0.24203431	0.03291484	0.06525250	0.13304135	0.11514896	0.05050442	0.04190476	0.19228228	0.14313034	-0.01110696	0.15539335	0.28883687	0.09304297	0.12750647	0.26307278	0.36929518	0.29384579	0.19517710	0.26349653	0.04404968	0.17347770	0.16232746	0.32163139	0.27829341	0.25541141	0.12543978	-0.03060701	0.07883643	0.25372613	0.16093849	0.23752503	0.44632997	0.21828129	0.30108367	0.14168687	0.39762632	0.18234833	0.00199591	0.05046460	0.32780997	0.21833462	0.16978243	0.08191352	0.16625847	0.20529958	0.28507840	0.28181582	0.33375713	0.36056425	0.29524721	0.25757963	0.10143047	0.12095632	0.22297878	0.33286415	0.30066024	0.19133681	0.32922821	0.35295702	0.19132959	0.26772718	0.24223550	0.18509436	0.36830051	0.16343706	0.26681816	0.32768747	0.30255370	0.19325076	0.26624442	-0.00629990	0.09998356	0.10986328	0.26378907	0.17972640	0.18078748	0.14456602	0.06247081	0.08657767	0.17328913	0.30253947	0.15095870	0.03834849	0.10930884	0.06811006	0.32919717	-0.01842785	-0.06818891	0.01142838	0.07802428	0.01607208	0.10220519	-0.04836150	0.11076941	0.01209344	0.18513227	0.05824865	-0.02346267	-0.00058404	0.09743490	0.07523968	0.14434229	0.21487546	-0.01757835	0.08720161	-0.01928241	0.11901009	0.05099363	-0.23812834	0.06072577	0.05947197	0.17720777	-0.08790749	0.05750510	0.09345783	0.14738480	0.10689844	0.23515031	0.23456224	0.59278338	0.39897059	0.28003424	0.08396148	0.22499390	0.47855729	0.34039483	0.34009104	0.58446567	0.73440986	0.70248692	1.06093961	0.66215960	0.64319138	0.43014957	0.61415871	0.46695980	0.40164102	0.27175762	0.27750622	0.24511765	0.45513222	0.26972249	0.38505239	0.56161967	0.44785314	0.61253906	0.51144525	0.55121121	0.42419729	0.47601558	0.39634369
region13	0.60593864	0.54728577	0.45449110	0.71720408	0.22985563	0.12556817	0.51097431	0.26781239	0.42762199	0.33302373	0.37231570	0.32824020	0.33809183	0.45084505	0.66332382	-0.01844281	0.10135776	0.40405669	0.02102268	0.13692801	0.16532451	0.11021230	0.18221050	0.06636465	0.15778026	0.27604568	0.19817955	0.20956630	0.24143221	0.17139373	0.17150798	0.14542902	0.22113901	0.27216442	0.34595530	0.38507227	0.02502948	0.44897034	0.52072727	0.26073452	0.17753097	0.34271520	0.15963457	0.31478621	0.16554339	-0.00004209	0.02306885	-0.01852208	0.17678126	0.16611055	0.09510461	0.19674610	-0.07601307	-0.09186378	0.01630924	-0.21194585	0.14573068	0.11969788	0.25113656	0.51634700	0.40752706	0.59193663	0.33847813	0.02490864	0.33209693	0.22936818	0.27931454	0.20363367	0.26110956	0.14798821	0.19416618	0.35780035	-0.17621945	0.06185515	-0.06721517	0.13493190	0.19085820	0.24631695	0.24858615	0.26193320	0.41086491	0.45896770	0.27285347	0.18415694	0.20882236	0.07400639	0.31384983	-0.15793503	-0.15127479	-0.14148063	-0.06811485	-0.03454347	0.09532900	0.21555564	0.06480116	0.02263367	0.26062940	0.12316674	0.33744027	0.51116714	-0.13984843	0.25076841	-0.14932646	-0.08607557	0.07202920	-0.16266917	0.18713386	0.22912071	-0.12408360	0.28990011	-0.01774199	0.03024450	0.35680033	-0.07039234	-0.09972349	-0.13731288	-0.13915470	0.08091479	-0.11383793	0.10128182	0.14933202	0.36906377	0.00691335	0.30474334	0.13438094	0.04637471	0.39288896	0.16498552	-0.06812616	0.06623771	0.32189076	0.11247269	-0.05728601	0.36778386	0.46364571	0.37390164	0.29037502	0.04359554	0.40413440	0.28533747	0.28140754	0.20603554	0.47470112	-0.14701529	0.12020225	0.26380746	-0.05916859	-0.01446664	0.32053855	0.29660466	0.14648502	0.29151779	0.34426625	0.25980457	0.33810831	0.14942893	0.14234300	0.26261529	0.40190348	0.17386807	0.39198294	0.20665331	0.32344555	0.23854117	0.38375519	0.09366835	0.20139658	0.17480392	0.14035424	0.27529580	0.38152118	0.38560532	0.30647414	0.41391310	0.49075950	0.53045728	0.41167942	0.54191908	0.38118972	0.50321646	0.36873730	0.45792252	0.35338326	0.22824726	0.42754496	0.41870837	0.44787647	0.16123201	0.12615389	0.10075462	-0.00530889	0.29082354	0.29730142	0.00466134	0.41225704	0.35683416	0.31851931	0.13826116	0.12585514	0.27680106	0.40288626	0.47733982	0.42211788	0.54015923	0.44630325	0.27475381	0.57234123	0.27375550	0.36192159	0.35238552	0.29226925	0.39950888	0.32929938	-0.03196324	0.40307115	0.32628243	0.07604813	0.24366775	0.19711139	0.20378157	0.20816577	-0.01610938	0.15739212	0.17721912	0.18909673	0.23924178	0.26644949	0.09034524	0.30292644	0.17844019	0.32867967	0.28234069	0.18769829	0.16688268	0.25657253	0.38071052	0.22347041	0.20569550	0.34298186	0.17402912	0.43733674	0.39941837	0.38307920	0.24455567	0.17785769	0.15419171	0.03624046	0.13472915	0.08071092	-0.08523712	0.12289931	0.05977153	0.16153323	0.04117337	0.20528489	0.10581118	0.14737895	0.20810549	0.20295285	0.57413606	0.55448027	0.41332277	0.38371163	0.30239606	0.37058101	0.38212144	0.19023844	0.25153822	0.24236295	0.11488769	0.19573589	0.16450041	0.12018856	0.13563215	-0.03906439	0.08163382	0.09178899	0.06847968	0.13345720	0.32133046	0.42666963	0.23080578	0.18628843	0.20639265	0.03996605	0.01953533	-0.12681318	0.20062409	0.15425216	-0.16460181	0.04417823	-0.21876004	-0.09811976	0.07568680	-0.15152154	0.08129543	0.11157469	-0.09385255	-0.05426297	-0.01122930	0.04637477	0.42739012	0.35863425	-0.06777741	-0.07476365	0.02701002	0.16272819	0.26995434	0.08001104	-0.09462618	0.15888459	0.16585261	0.06758638	0.21775482	0.04342456	-0.05487297	0.03042053	0.22220320	-0.00212232	0.08595504	0.09282911	0.11430245	-0.04358377	0.07053064	0.26604341	-0.13853439	0.01380903	0.21349092	0.42340065	0.31732210	0.32494487	0.19815034	0.05319286	0.34727019	0.12350742	0.35680326	0.46065763	0.31637563	0.13417008	-0.15868763	-0.09275870	0.05256434	0.12175980	0.30059831	0.59027462	0.28252916	0.30494636	0.04203811	0.32554746	0.13070536	-0.07844241	-0.05944544	0.41958278	0.12513785	0.06935457	0.04861580	0.02337463	0.28803687	0.37328595	0.30900232	0.43762978	0.49866025	0.31735490	0.40272159	0.02767632	0.14321926	0.25121352	0.36909052	0.36236075	0.18338973	0.41706883	0.52608061	0.10178113	0.44251149	0.36308961	0.27882662	0.47131959	0.34221527	0.39267489	0.49533057	0.34565755	0.30037505	0.38516701	0.13033211	0.18932128	0.09215427	0.14854694	0.09584883	0.23528510	0.12383477	0.06956222	0.21927692	0.23245862	0.44828569	0.30231125	0.04142031	0.22612598	0.13640876	0.48826940	0.13695002	-0.09185140	0.00543993	0.05170894	-0.03797323	0.07970543	-0.08266984	0.11579050	-0.03131793	0.14693351	0.03548405	-0.02610736	0.02606383	0.10923908	0.09760536	0.16476491	0.21961567	-0.09291635	0.02940683	0.04789093	0.21098653	0.10548577	-0.17991688	0.11239321	0.11945559	0.13788527	-0.11852438	0.05670698	0.01433875	0.22187922	0.19285477	0.32048240	0.25566876	0.59933123	0.35338003	0.28946732	0.23254247	0.16159426	0.46710078	0.33661720	0.32158852	0.67652531	0.62004638	0.66940721	0.66215960	1.10786572	0.74728764	0.55775049	0.59360538	0.42676825	0.30375707	0.25005766	0.20707154	0.18773264	0.37729921	0.33401598	0.25160651	0.55518681	0.53198645	0.70320325	0.62992267	0.67096872	0.58493520	0.56888061	0.44847084
region14	0.52294649	0.49787685	0.47184236	0.63917754	0.16827465	0.15586400	0.49809093	0.31469041	0.37775479	0.32887544	0.33443390	0.32848676	0.35631786	0.44217765	0.63003840	-0.03420384	0.06805399	0.40062243	-0.00810871	0.12722549	0.14995778	0.12664989	0.16529305	0.07652644	0.10861164	0.21116278	0.24962024	0.16963221	0.26506916	0.12809822	0.14529392	0.10128793	0.18866828	0.26405464	0.35232693	0.36775258	-0.01419386	0.37578222	0.47012845	0.23108294	0.13549621	0.25711807	0.12336875	0.35433436	0.22199592	0.03947679	0.05337057	0.04729851	0.19733561	0.25198611	0.13537318	0.18556479	0.00975275	-0.15161720	0.06782199	-0.15482960	0.23171965	0.07319360	0.33959095	0.46213510	0.36847253	0.53153027	0.31348081	0.08044315	0.27924669	0.18622687	0.20186451	0.14430293	0.16007278	0.10555922	0.13719550	0.28295388	-0.21239202	0.09274023	-0.08609077	0.15578416	0.17773083	0.18589556	0.18252683	0.15138957	0.31454093	0.39578353	0.23244893	0.15049955	0.21709262	0.06223160	0.29074118	-0.24596925	-0.13264721	-0.11186243	-0.03480162	-0.01111656	0.04248262	0.17121569	0.06863245	-0.06749126	0.17286364	0.06014246	0.37532009	0.52923583	-0.16725965	0.25452222	-0.16015726	-0.05557601	0.16991394	-0.11967899	0.16947696	0.30754327	-0.05393914	0.28180752	0.00262087	0.10096919	0.49936675	0.04325008	-0.04270336	-0.04500601	-0.04543519	0.19961636	-0.06671880	0.09952690	0.13485811	0.25293852	-0.10326133	0.26313779	0.15225333	-0.00348803	0.42043935	0.13665643	-0.13158902	0.10226000	0.32175731	0.14315438	-0.05115732	0.34041085	0.37535452	0.36440445	0.20652377	0.06564840	0.45931935	0.33033812	0.42190677	0.27800487	0.56231816	-0.10603159	0.18095698	0.23863034	-0.10057173	-0.01598493	0.42724800	0.27524043	0.21441314	0.38436238	0.38485190	0.35124850	0.41989493	0.21361646	0.12659254	0.17926269	0.47975421	0.19079286	0.43144081	0.18918986	0.37233373	0.27267657	0.40380674	0.13748075	0.20900969	0.29553838	0.25198852	0.27974364	0.38321385	0.44077778	0.39795243	0.46464585	0.54119377	0.59335909	0.48002600	0.56095433	0.42628743	0.53691206	0.44187476	0.52202101	0.37578663	0.22150057	0.48664901	0.43644063	0.44569604	0.06425828	0.14755746	0.17721887	0.01847460	0.19645345	0.30108889	0.02325839	0.31026361	0.34654649	0.34103475	0.05848147	0.16803308	0.27288242	0.43269582	0.41716494	0.45398721	0.58102960	0.45299029	0.23916212	0.64216495	0.25381299	0.36595176	0.36016434	0.26836846	0.45639564	0.33934579	0.03316254	0.37051218	0.34283254	0.04085572	0.20498407	0.22999789	0.22176031	0.18495633	0.03896022	0.14085686	0.29161271	0.20649222	0.16929134	0.28491535	0.01027375	0.35522069	0.17482589	0.33218670	0.25947065	0.25022610	0.16682818	0.21450060	0.30722259	0.11249348	0.16202385	0.31758786	0.20216903	0.39500670	0.36840377	0.32176592	0.18426145	0.12396419	0.12415263	0.02432691	0.16910440	0.01984309	-0.05222291	0.07664137	0.07161829	0.14673577	0.02190205	0.17989812	0.01593279	0.14242761	0.13191100	0.14437908	0.46132961	0.47840330	0.40806631	0.37320009	0.30893734	0.33024584	0.32172465	0.13412596	0.24397403	0.17868674	0.05911943	0.12574002	0.07312403	0.09052982	0.18454223	-0.05980919	0.03273840	0.07151367	0.06291888	0.06893068	0.24671996	0.35164941	0.16203773	0.18495784	0.16465431	-0.08451470	-0.01810401	-0.18520019	0.14814640	0.20449294	-0.21233660	0.04837248	-0.22704296	-0.07048740	-0.04076066	-0.14783697	0.00769272	0.12147498	-0.12735836	-0.06115087	-0.09320078	0.00852281	0.40554812	0.31292307	-0.11416374	-0.11720905	0.04137643	0.19576797	0.22393904	0.10141258	-0.09587826	0.20139109	0.19039378	0.08043796	0.19786149	0.08861533	-0.04022050	0.12878013	0.30283787	0.10371408	0.18128880	0.11183283	0.24014769	-0.01968593	0.05392486	0.17924404	-0.17522186	-0.02424113	0.18422234	0.49035531	0.32047771	0.25517163	0.24792356	0.00024282	0.28904922	0.05610771	0.46859461	0.36567189	0.32265309	0.18149813	-0.19351906	-0.09591645	0.10779251	0.24655241	0.29919893	0.61002649	0.19524153	0.29956825	0.05208402	0.36695319	0.21241929	-0.03323253	-0.05939769	0.45858276	0.16065666	0.05391395	0.11501509	0.01400369	0.41968894	0.43618742	0.33746568	0.46704718	0.49207058	0.35432272	0.41629904	0.02625448	0.12859486	0.24416989	0.32883111	0.33212657	0.18511070	0.41746322	0.53202896	0.16157368	0.33364353	0.38209467	0.33938438	0.45050990	0.34935241	0.42686999	0.46845292	0.37117957	0.26272160	0.37733218	0.10906639	0.14099959	0.06298650	0.19628913	0.10318008	0.17658469	0.03860969	0.08676486	0.22768564	0.19180594	0.36700101	0.27377286	0.03429332	0.16305936	0.07058086	0.43926642	0.05014821	0.01313623	0.07287065	0.08297611	0.00501430	0.06396748	-0.03998634	0.14616166	0.01376661	0.23433138	0.06433209	0.04625036	0.01093248	0.10481674	0.12987195	0.21836715	0.24684527	0.03749264	0.01492953	0.08633676	0.12573853	0.15441192	-0.17401503	0.15768595	0.12861133	0.19401860	-0.04017707	0.10438803	0.17227389	0.17434004	0.09084338	0.30668986	0.24156788	0.59577843	0.33955273	0.28432936	0.31651210	0.15208564	0.47679654	0.36293096	0.36179904	0.57191527	0.65183750	0.65435146	0.64319138	0.74728764	1.03504957	0.68207168	0.67668080	0.45699067	0.37985977	0.30619493	0.16562346	0.25421192	0.42225072	0.36030907	0.29413145	0.47389257	0.54613108	0.68691292	0.65560927	0.65432069	0.65623043	0.65656729	0.58492177
region15	0.46265285	0.32453551	0.47135532	0.42441100	0.09264880	0.34956924	0.42416822	0.26460880	0.49176826	0.32251291	0.24117665	0.18011222	0.16979285	0.26676946	0.42614346	-0.11472536	-0.09361543	0.27452764	-0.21461373	-0.00997170	-0.05504890	-0.08392795	-0.01014224	-0.08515068	0.05827154	0.07852315	0.18849714	0.01034045	0.23832783	0.02077089	0.11886594	0.13477140	0.06471554	0.11494222	0.24005670	0.25330641	-0.06223280	0.23371950	0.29045145	0.06736589	0.03669897	0.06337286	-0.00612286	0.32286891	0.15881748	0.06436346	0.09692971	-0.00658858	0.21217899	0.32978869	0.09384549	0.13062405	-0.02023310	-0.19554774	0.05978327	-0.16328300	0.22769221	0.01881411	0.35105993	0.20558370	0.17042211	0.40283231	0.25934318	0.21618757	0.18766912	0.22622234	0.08706079	0.04230269	0.05519433	0.03806106	0.05241709	0.14810396	-0.22426206	0.04379625	-0.07415819	0.12300864	0.05757611	-0.01182712	0.00963181	-0.09282445	0.07124876	0.29924299	0.14773088	0.03934062	0.15232344	0.02030258	0.22008628	-0.15423691	-0.05838167	0.06943440	-0.00631600	0.03718619	0.00765202	0.12544810	0.10990731	-0.14321996	0.00213814	-0.01155431	0.28535482	0.31963397	-0.19892085	0.13047095	-0.23426392	0.06221002	0.14827115	-0.03221794	0.08365919	0.14028872	0.03904643	0.19455658	0.08912918	0.21806557	0.51686027	0.31840372	0.09252582	0.19497525	0.07573567	0.38611103	-0.01444964	0.11443514	0.22715609	0.14924259	-0.11522755	0.16775094	0.15296471	-0.02639250	0.25529155	0.10113652	-0.12317903	0.07112528	0.20000141	0.09186214	-0.03680324	0.25451603	0.30009648	0.29801403	0.13386465	0.07072303	0.31737013	0.23279291	0.35362478	0.15941715	0.49975163	-0.17707773	-0.00228806	0.15296318	-0.19553261	-0.10945459	0.36685359	0.18614378	0.03764372	0.22281885	0.26181045	0.23841785	0.30448572	0.10935967	-0.00085081	0.03963450	0.39337330	0.13509213	0.34642851	0.12168727	0.29896731	0.20361360	0.30504485	0.07216208	0.23618469	0.45335300	0.48491223	0.27649831	0.41390554	0.40170842	0.35674806	0.38008745	0.44480205	0.44038599	0.34875061	0.34638075	0.25965128	0.34740978	0.38900405	0.38993776	0.28458663	0.13514936	0.45077495	0.37223483	0.34260326	0.06436197	-0.03046821	0.07500152	-0.08735837	0.05739016	0.17344303	0.04314876	0.12830120	0.31516489	0.25618192	0.16204954	0.21795727	0.25207631	0.29205456	0.28723812	0.25718709	0.48275878	0.45178999	0.16489241	0.65737518	0.30518708	0.54771853	0.34483759	0.29362304	0.37279411	0.16941269	-0.01671149	0.10370990	0.11417772	-0.14384333	-0.02678524	0.12090013	0.05613922	-0.02988219	-0.15222661	-0.04690258	0.09800284	0.08666833	0.04594807	0.13725567	-0.01572308	0.27680615	0.08267113	0.21079143	0.09909809	0.18234565	0.15288139	0.07588456	0.06897010	-0.01802362	0.04124014	0.11961264	-0.01540888	0.23068335	0.16934848	0.12233188	0.06097190	-0.02412266	0.06692400	0.05641378	0.02013956	-0.03260738	-0.10010866	-0.03118614	0.06969505	0.14315649	-0.07126859	0.06520828	-0.10435708	0.15040843	0.06558768	-0.12751299	0.28378222	0.39364427	0.30376024	0.31386887	0.19744344	0.23345679	0.24728333	0.03530583	0.19399512	0.06472618	-0.01285957	-0.03031665	-0.06064485	0.10910986	0.17327248	-0.10847072	-0.05316483	0.01766212	-0.05356885	-0.12326461	0.03739783	0.17209999	0.02764027	0.12117959	0.09221892	-0.01843758	-0.05645136	-0.19011406	-0.00704793	0.23698480	-0.17882574	0.03037549	-0.17009052	-0.19390441	-0.04860360	-0.10929588	-0.07545312	-0.05897026	-0.18836899	-0.14567492	-0.13095039	-0.13384353	0.27288173	0.18116194	-0.07651960	-0.11824279	0.05928208	0.23841419	0.18265413	0.06406254	-0.13825139	0.14512978	0.10928634	0.17890938	0.15699609	0.26423222	0.00299689	0.16400737	0.47896982	0.27474359	0.41852261	0.05482023	0.38663752	0.00875857	0.05321759	0.09473717	-0.15324102	-0.06118753	0.14733025	0.35521106	0.21639404	0.13950359	0.17551050	-0.08833507	0.21909320	-0.08181285	0.47544732	0.28741406	0.28445463	0.18870899	-0.14534711	-0.13298308	0.06114081	0.17756674	0.21231977	0.45729538	0.13823279	0.24540934	-0.00147743	0.30713219	0.19883546	-0.05987867	-0.14874654	0.32840735	0.13164693	-0.00469151	0.12019178	-0.12457815	0.44114504	0.37361680	0.24459875	0.30922252	0.34748503	0.28024838	0.31619156	-0.02443019	-0.01999239	0.16040064	0.24094384	0.31633400	0.09865411	0.34381770	0.45167858	0.04222147	0.19680617	0.38150281	0.30574322	0.29463169	0.22748817	0.34002444	0.25397950	0.22830504	0.10533148	0.31066660	0.13922153	0.15433483	0.15916971	0.08509044	0.03055025	0.09970604	-0.12436622	0.05724294	0.23824615	0.17694054	0.26001383	0.21958112	0.09072048	0.16385308	0.13722779	0.34414953	0.07246480	0.22002114	0.15807740	0.16169864	0.04005174	0.00708653	0.12001954	0.18282039	-0.00136073	0.24014369	0.11092376	0.03891461	0.15716147	0.23709792	0.16949561	0.17473911	0.26325964	0.09670659	-0.04825709	0.14711314	0.09642686	0.07308385	-0.02348171	0.23541753	0.08122625	0.16386089	0.11825511	-0.00264048	0.15599097	0.27129430	0.01094396	0.29595181	0.22026621	0.38367240	0.17764488	0.16013195	0.31676605	0.19392679	0.29406353	0.11085319	0.34214759	0.44686046	0.53169332	0.45693054	0.43014957	0.55775049	0.68207168	1.10847686	0.60960033	0.37715588	0.31773914	0.17408227	-0.13441360	0.19824240	0.24322530	0.14122520	0.17812196	0.26725341	0.39722857	0.52356291	0.62827497	0.54093182	0.64664961	0.73135195	0.66791965
region16	0.53992759	0.51787004	0.51845984	0.61034983	0.11089313	0.20591977	0.45158377	0.33959906	0.35829158	0.38136271	0.32366650	0.29534359	0.38009953	0.47300486	0.61715391	0.05194357	0.08242474	0.40292104	0.00911731	0.17283552	0.21184353	0.19340177	0.21594687	0.10483910	0.07012369	0.16003783	0.24762660	0.17512200	0.23619847	0.06965569	0.12370160	-0.03702349	0.09078496	0.13278626	0.23065651	0.28164007	-0.07315702	0.38966469	0.43496012	0.07614634	0.17444444	0.31867720	0.13774047	0.37335121	0.19161572	0.17829638	0.17421674	0.11401201	0.18230966	0.33152750	0.11690375	0.12636474	0.03030756	-0.05900397	0.14921607	0.02040626	0.24598713	-0.05581819	0.30257840	0.41219875	0.34323028	0.42280141	0.28525503	0.06886437	0.21334779	0.15696484	0.14672969	0.14112460	0.11699090	0.03611519	0.05967930	0.22449471	-0.15706948	0.17751063	-0.03396958	0.10653626	0.03832816	0.12671366	0.17362659	0.17295746	0.39334588	0.28923940	0.18130583	0.09387441	0.21060025	0.10001498	0.30307811	-0.15869994	-0.05208504	0.03339189	0.01760990	-0.01002121	0.06446533	0.26059284	0.02670062	-0.07880088	0.21517831	0.01209357	0.34463202	0.44287830	-0.11932282	0.12750293	-0.12607790	0.08780367	0.24741216	-0.12229471	0.01586905	0.30001910	-0.09030016	0.25698735	-0.09448837	-0.01530863	0.39414563	0.07724336	-0.07649213	-0.09746819	-0.00414643	0.15369148	-0.16657111	0.01885608	0.19513310	0.18803202	-0.07811906	0.19873403	0.06177619	0.05395681	0.43049928	0.17485330	-0.08274536	0.09948220	0.33239277	0.22940853	0.02131567	0.26854004	0.33426258	0.33269713	0.19652357	-0.00401923	0.34384371	0.39983362	0.43095744	0.24829108	0.48970206	-0.03539651	0.15552110	0.16937530	-0.10324923	-0.05980386	0.47384612	0.33190274	0.22625063	0.31984887	0.39756076	0.41122565	0.40777452	0.17203953	0.09397838	0.09058861	0.41970585	0.23485773	0.35909273	0.10130686	0.35211971	0.27274334	0.35577999	0.19637652	0.03942794	0.29567872	0.34005122	0.29367787	0.42565114	0.40163304	0.31615241	0.38245262	0.41593037	0.45079797	0.32392808	0.42787370	0.35321647	0.38898992	0.37558898	0.46168249	0.29318214	0.14864306	0.43950530	0.37075397	0.40616456	0.14844054	0.14534607	0.19565010	0.07671596	0.26090263	0.39998068	0.07012383	0.24206181	0.36671636	0.34727825	0.03012880	0.17703467	0.29592221	0.34103750	0.39583109	0.46229840	0.58057469	0.41296873	0.22353863	0.63073170	0.16391225	0.29963008	0.30575804	0.30283238	0.46130145	0.32315051	0.08912863	0.37890037	0.24676366	0.06048340	0.28914662	0.26736829	0.20861389	0.24216372	0.10213849	0.15537135	0.17525715	0.13815265	0.14675361	0.22267231	-0.05805482	0.28000900	0.10173207	0.27269269	0.22293714	0.18489271	0.06279173	0.14903958	0.34121575	0.13752696	0.17753985	0.38612688	0.22099037	0.42040398	0.32626220	0.23505673	0.16720272	0.13851695	0.10731739	0.11164619	0.20144935	0.03048286	-0.01100151	0.21531613	0.09137019	0.08750572	0.16052032	0.17494583	0.06141906	0.11705093	0.11172896	0.15530382	0.35315919	0.38893899	0.34671381	0.31530446	0.27805836	0.28674756	0.22111069	0.16116608	0.23094060	0.12976299	0.09889098	0.10646898	0.07023773	0.13712897	0.19291334	0.02272948	0.07170766	0.12271332	-0.02432120	0.07969731	0.27511674	0.33968777	0.18564994	0.17669729	0.13708348	-0.03700013	0.03405492	-0.16715283	0.22182244	0.22688937	-0.16291418	0.12304021	-0.15336420	-0.12190701	0.00766588	-0.05668911	0.05469709	0.17028333	-0.04791000	0.04899669	-0.02629983	-0.08028106	0.32184961	0.24979325	-0.07632431	-0.02685397	0.10110542	0.15230682	0.21789524	0.11535762	-0.02491085	0.20528233	0.21066816	0.01019247	0.14902501	0.01854872	0.11812265	-0.00415182	0.34993308	0.16333957	0.21347599	0.04567387	0.26609631	-0.02927927	0.20790630	0.20762984	-0.08656949	0.13832546	0.17366366	0.49372620	0.37594012	0.30520009	0.29030609	0.04987356	0.25048409	0.03346453	0.45084388	0.32420065	0.29467248	0.20605900	-0.09500651	0.05527714	0.17140262	0.22400794	0.31465139	0.51802672	0.22087162	0.32520521	0.06592243	0.31592404	0.27920243	0.00523012	0.06097890	0.42734247	0.20645035	0.16127439	0.15229054	0.03086589	0.49337235	0.40395940	0.37049363	0.39346831	0.44574784	0.39667766	0.39283856	0.07159280	0.09733878	0.21579314	0.29031184	0.34844662	0.15981360	0.38619455	0.42080135	0.15849496	0.30676491	0.31557191	0.20258816	0.35230874	0.25200737	0.37169861	0.40012852	0.27043871	0.26513733	0.32543934	0.09538634	0.17230239	0.09856845	0.23148706	0.15204014	0.11634661	0.11751750	0.07772309	0.14065106	0.16448990	0.29514216	0.17616579	-0.00720692	0.19386091	0.10929900	0.34395394	0.03444644	0.10140623	0.19226163	0.10268095	-0.01406132	0.07756909	0.00709351	0.11956168	-0.06050158	0.25181856	0.00417665	-0.02682092	0.03071836	0.06269360	0.09805861	0.13858557	0.26569044	0.17628288	-0.00885660	0.04698713	0.11858161	0.16499314	-0.20407230	0.13066008	0.11621266	0.17306170	-0.07486815	0.14292672	0.07030587	0.11262374	0.12378275	0.29104310	0.23971137	0.52547800	0.38931944	0.24840685	0.37625952	0.27740530	0.47987326	0.28019648	0.42657065	0.53246201	0.70199680	0.64780098	0.61415871	0.59360538	0.67668080	0.60960033	1.09985837	0.46797451	0.37076880	0.28877040	0.23516618	0.27833712	0.39871941	0.26019495	0.29055794	0.44361503	0.35499483	0.57125730	0.57721435	0.53464024	0.44100304	0.58245011	0.55254322
region17	0.43263102	0.44007787	0.35024635	0.44983588	0.03285349	0.13358954	0.34677192	0.26725746	0.28797073	0.25319686	0.32912006	0.29941648	0.37283515	0.52241637	0.49560334	0.14339564	0.23003283	0.33949980	0.21888410	0.26250449	0.27326072	0.12318687	0.24210759	0.21837710	0.22004708	0.14835594	0.25759543	0.31032845	0.26008164	0.25742891	0.20087141	0.12651785	0.31068085	0.32136794	0.32458017	0.37263141	0.07800609	0.30956343	0.45883520	0.26365966	0.21726164	0.33227638	0.32325745	0.23551784	0.14123910	0.12449351	0.15671357	0.02512528	0.03529417	0.09180023	0.21491816	0.15107799	0.16653630	0.03621257	0.15351451	-0.03533778	0.09569296	0.16047462	0.21296041	0.34474169	0.31149712	0.42204674	0.25466678	0.10788235	0.28853534	0.15110568	0.36383107	0.33881610	0.29470711	0.20292407	0.28354056	0.40915414	-0.02505137	0.11088488	0.02859350	0.20589520	0.26136812	0.31004731	0.29373014	0.26553425	0.35017499	0.30793451	0.16454236	0.28654863	0.14372029	0.20547670	0.14602984	-0.02316278	0.05795020	-0.03371967	-0.04624498	0.11221403	0.22567256	0.17578443	0.18901183	0.18848250	0.28290456	0.23443510	0.23065509	0.45461443	-0.04719001	0.21902095	-0.02552915	0.04762913	0.10620779	0.01680657	0.06507260	0.19859022	0.04496853	0.27619463	0.04424398	0.03743950	0.11733650	0.03922873	0.00508085	-0.10936790	-0.08353068	0.02615056	-0.09801095	0.07092872	0.28909602	0.30612236	0.04788203	0.30168474	0.16121956	0.13608109	0.23955036	0.18061120	-0.04354091	0.05512128	0.10414470	0.04426832	0.11460755	0.19358485	0.39039054	0.22819276	0.27453300	0.19420729	0.20977631	0.21650751	0.07999074	0.13086983	0.30453523	-0.18197068	0.07300859	0.12170797	-0.08305780	-0.13402872	0.12594698	0.17951305	0.01750333	0.12978519	0.11149564	0.16726452	0.14700831	0.05375600	0.06497168	0.17936522	0.16933143	0.08726162	0.20460365	0.10382926	0.14698039	0.08172971	0.17727958	0.07824579	0.10809195	0.12814956	0.04462541	0.13653518	0.33837780	0.23328868	0.21678381	0.20664991	0.28475822	0.26685057	0.20198950	0.26614345	0.21922582	0.38669706	0.22583529	0.31784519	0.22270061	0.09166268	0.26345891	0.30845504	0.31432814	0.17134234	0.19245853	0.12506724	-0.00873357	0.16583566	0.21589175	0.09050998	0.22384001	0.21969716	0.21846354	0.09445110	0.14462813	0.09072651	0.38007723	0.33634804	0.42351862	0.44050968	0.19089522	0.28898192	0.40741490	0.24165430	0.26765358	0.30067145	0.31237331	0.37018150	0.33288143	0.11340262	0.43141606	0.31220950	0.16697935	0.36153022	0.29946497	0.26629563	0.28692630	0.15119969	0.22909642	0.22845194	0.15906127	0.23183042	0.35956308	0.15148346	0.30853046	0.30714652	0.35809908	0.38554233	0.30849915	0.19860385	0.42817765	0.30387533	0.22738825	0.13817624	0.23648300	0.32533323	0.37538006	0.41098719	0.17710086	0.30190092	0.23370528	0.14009833	0.09805202	0.22010464	0.09965955	0.16422854	0.24713827	0.14457282	0.23789342	0.21385235	0.23562839	0.07274691	0.14105322	0.26920666	0.24562736	0.40160872	0.38518085	0.31914490	0.13674679	0.29106464	0.40924660	0.34015957	0.24148991	0.35417089	0.36323400	0.29811903	0.34087465	0.30003513	0.20891365	0.11214483	0.12767464	0.34003116	0.23839632	0.18508946	0.29514503	0.36654553	0.21696584	0.31254664	0.28327213	0.28029432	0.03991000	0.18269967	0.05137952	0.07602007	0.20263369	-0.03266846	0.11150800	-0.11602766	0.06096501	0.22696559	-0.12931358	0.27541910	0.20543877	0.17787868	0.05183949	0.20333041	0.19199678	0.39219513	0.13664747	-0.12080820	0.01794765	0.06266036	0.06874590	0.31791639	-0.00333349	-0.10332198	0.06148947	0.22386498	0.11933584	0.27935323	-0.00289685	0.07446515	0.10106060	0.14515281	0.09905225	0.12813583	0.14127419	0.20163720	-0.00558157	0.16349469	0.32133610	0.08396847	0.11369232	0.26346360	0.15382143	0.14940377	0.02561616	0.16946417	-0.04318250	0.06081429	0.10527762	0.28069066	0.34162604	0.13361619	0.07995527	-0.00805540	0.05784101	0.15483543	0.04407272	0.09818934	0.24282467	0.11074995	0.23779847	0.08610853	0.12563258	0.05894215	-0.08224982	-0.08608007	0.12644966	0.01197790	0.15164420	0.13052010	0.07372968	0.27723681	0.15415244	0.15340993	0.23347985	0.21366571	0.21148201	0.12001687	-0.04665756	0.09615127	0.03299502	0.18113770	0.11628160	0.08754877	0.19295153	0.25127222	0.11303395	0.26421510	0.08780841	0.21808382	0.22370781	0.11909361	0.20113416	0.23565362	0.16463816	0.13803412	0.15838151	-0.01664805	-0.01599621	0.03019636	0.21864194	0.07505997	0.22525198	0.10398308	0.09315585	0.06255401	0.16907431	0.27120375	0.01292870	0.03070468	-0.04463833	-0.04879596	0.15746902	-0.11480823	-0.04719756	0.16368078	0.05073876	-0.01351655	0.20303573	-0.05827694	0.16154980	0.11223033	0.20855433	0.10659575	0.05288110	0.01626080	0.07626811	0.05255101	0.17140852	0.24837229	0.04807604	0.05447708	0.00016601	0.06967901	0.22083776	-0.15828401	0.11655572	0.08383382	0.20365926	0.09365485	0.13841781	0.21920712	0.11924441	0.19273425	0.27845302	0.33762800	0.48849732	0.30512290	0.32664307	0.19611967	0.21123427	0.43955177	0.30490266	0.37597250	0.37417665	0.47576346	0.48884811	0.46695980	0.42676825	0.45699067	0.37715588	0.46797451	0.90889240	0.43962033	0.38567617	0.18723729	0.38863490	0.47984017	0.27068655	0.36184411	0.39578670	0.35498608	0.55278856	0.36433991	0.53337192	0.38786778	0.43289902	0.36035029
region18	0.31732043	0.34830356	0.25232067	0.27845688	-0.02733982	0.09236469	0.19519695	0.27650250	0.18057175	0.19837397	0.29801356	0.32547509	0.41428368	0.52841489	0.37296034	0.15698766	0.17323679	0.24296659	0.13473298	0.27070389	0.17205493	0.12656171	0.21457763	0.20280367	0.29490722	0.24600956	0.23825426	0.36807445	0.29105040	0.28532356	0.26416300	0.24587966	0.38602411	0.41928758	0.38267117	0.48270190	0.22992748	0.21688196	0.43639508	0.46351618	0.29331733	0.27500609	0.38718564	0.27436378	0.12832991	0.09033431	-0.02201787	0.06186213	-0.05241310	0.17880780	0.28884791	0.32625197	0.23406192	-0.10040034	0.14212444	-0.12147821	0.19165428	0.19936313	0.33255238	0.29439087	0.36588704	0.24179924	0.23569121	0.17413349	0.24120883	0.11607952	0.35527162	0.41256138	0.34806372	0.31024150	0.41446033	0.46068314	-0.04841581	0.12523006	-0.02544676	0.33846933	0.44692478	0.44712574	0.17878411	0.18068027	0.19976874	0.33739751	0.30429169	0.26723280	0.31534834	0.14325739	0.14101168	-0.06339653	-0.07043594	-0.06738507	-0.02192700	-0.00440631	0.19942658	0.18050466	0.31446116	0.26982802	0.20956836	0.32831554	0.31792280	0.51560216	-0.04498617	0.31123837	0.00700377	-0.02953100	0.08862065	0.15552914	0.00924240	0.24060576	0.08418899	0.25796659	0.06738645	0.07304974	0.10579837	0.11676146	0.16363417	-0.05110798	-0.12339536	0.08588631	0.00545779	0.05869861	0.19254334	0.27668819	0.00136305	0.37039333	0.30794780	0.21632672	0.27390716	0.11945300	-0.02265386	0.13378594	0.15563085	0.19526811	0.10058494	0.19097621	0.19940714	0.29285995	0.22005801	0.32261894	0.14357070	0.20921734	0.16801296	0.20871559	0.30534919	0.00950445	0.19504802	0.18028201	0.00213894	-0.00516625	0.17353833	0.13450285	0.02546345	0.15628465	0.12051971	0.15085987	0.20376877	0.06141274	-0.01907862	0.18076211	0.22162251	0.09268339	0.19897803	0.05113765	0.19972585	0.11372404	0.15510391	0.04574090	0.12600403	0.13893586	0.10095878	0.12296001	0.17179016	0.21557429	0.21651834	0.20743767	0.23734723	0.24320977	0.23434682	0.24100491	0.06103680	0.39067566	0.24315469	0.37412535	0.24810133	-0.00405234	0.21493013	0.27828840	0.25922628	0.06759098	0.16501433	0.12884387	-0.03674817	0.07651456	0.06909415	0.07539325	0.15283389	0.17806326	0.13295555	-0.08399830	0.05881843	0.00764377	0.41181598	0.15717240	0.31515595	0.31827854	0.13769518	0.23356551	0.32697447	0.17740596	0.12338663	0.31214342	0.20318510	0.30463095	0.35423015	0.09982701	0.35472387	0.32373948	0.13711141	0.24274270	0.29862165	0.26075537	0.16521417	0.21718663	0.16942442	0.30177901	0.17829040	0.28482098	0.45451304	0.19864751	0.40234662	0.34596495	0.42207467	0.46115108	0.40655869	0.34460401	0.47813190	0.19112782	0.23350038	0.14446493	0.19711328	0.33499900	0.32092318	0.42862782	0.16299104	0.27444211	0.22739497	0.18299028	0.03949037	0.15606193	0.14485245	-0.03943239	0.26530412	0.10190162	0.25082825	0.15033798	0.23271864	0.01484380	0.23565604	0.34726444	0.34417433	0.39439932	0.35549743	0.36314092	0.14795962	0.25269510	0.35070251	0.26860180	0.21693012	0.38487902	0.37645964	0.29508787	0.32646393	0.28053530	0.21625053	0.12446831	0.11717533	0.38518794	0.23825200	0.28719732	0.23467200	0.23103935	0.07013917	0.23293528	0.38193651	0.31948547	0.04061697	0.09504196	0.01728409	0.11355720	0.23120863	-0.03826904	0.12906695	-0.12959174	-0.01093788	0.08826132	-0.07709037	0.22681498	0.16340994	0.24487513	0.08561433	0.16044685	0.28586381	0.41458125	0.21989736	-0.10968900	0.00325235	0.13635303	0.04796481	0.21963085	0.06706430	-0.00779398	0.04567531	0.21136661	0.12625070	0.24425557	0.07567459	0.14852371	0.13519615	0.07556175	0.18048667	0.14252767	0.19237751	0.30518566	0.06655602	0.16612061	0.26977625	0.03083589	0.10629004	0.37558334	0.15998791	0.18932513	0.03335401	0.25703197	-0.11190113	0.07309635	0.02011114	0.28395621	0.23263110	0.14397610	0.11457234	-0.03536294	0.01823390	0.14265973	0.15386925	0.16554914	0.24462128	0.07112845	0.30954942	0.22525480	0.15189580	0.09415569	-0.06286417	0.04419603	0.19739190	0.02630713	0.16211545	0.11319504	0.08465502	0.22294926	0.13127265	0.09659158	0.20379268	0.23554860	0.26360075	0.19899777	-0.05611528	0.14663300	0.04779303	0.11349456	0.10793112	0.04444991	0.17864270	0.29651891	0.03212624	0.21426699	0.05424651	0.31996030	0.26068155	0.09931304	0.23092133	0.25894639	0.22548463	0.22698631	0.13808810	0.01009888	-0.01051082	-0.00752844	0.21523213	0.02508182	0.03999956	0.07674920	0.05540233	0.00584227	0.04588378	0.21347521	-0.05394347	0.00828083	-0.14659579	-0.08427910	0.15276643	-0.11890205	0.10773774	0.10362692	0.13352601	0.08848637	0.27520609	0.04478274	0.21183892	0.21246226	0.02447463	0.07127619	0.04273239	0.07355253	0.15675959	0.12531829	0.31580449	0.28079540	0.19057324	0.02513055	0.04757706	0.14373785	0.17593016	0.02821073	0.12591630	0.21585471	0.09134677	0.01924035	0.15886677	0.26005519	0.12805766	0.23705323	0.28512751	0.22752188	0.41862043	0.37200552	0.44530867	0.24741368	0.17386600	0.45493979	0.37928954	0.34627873	0.32048127	0.38078373	0.38301682	0.40164102	0.30375707	0.37985977	0.31773914	0.37076880	0.43962033	0.99372861	0.48876577	0.11954120	0.34035950	0.56666175	0.26308306	0.33581103	0.32491021	0.30540029	0.50645762	0.30284743	0.37679609	0.28993715	0.34312063	0.30449316
region19	0.23469871	0.28971101	0.17383174	0.32441232	0.10465596	0.14056415	0.25377811	0.33193762	0.23391743	0.22675300	0.17567111	0.29324100	0.43990970	0.44808349	0.27606030	0.15256177	0.19269770	0.15016334	0.03140266	0.30975396	0.02527944	0.11243484	0.13243722	0.22459045	0.39189515	0.17994668	0.31726524	0.46034847	0.38231119	0.16550131	0.33904772	0.32944447	0.53075007	0.57551996	0.40753484	0.39006162	0.31622873	0.18506900	0.35445903	0.46031219	0.30991856	0.25576085	0.35760972	0.18361490	0.14307679	0.10546112	0.14595714	0.19807363	-0.10861562	0.26282715	0.35345092	0.31114971	0.23056987	-0.07523488	0.25841715	-0.05851573	0.24188028	0.41370411	0.27244893	0.28650859	0.35338929	0.24704580	0.27032799	0.13789585	0.25229628	0.26353251	0.31571060	0.30201125	0.34608629	0.30862706	0.25365347	0.45569230	-0.00004424	0.28190746	0.07845028	0.41849657	0.47451707	0.46537570	0.14444280	0.15515551	0.13344929	0.24844004	0.19622824	0.24011499	0.32490181	0.16077125	-0.00323734	-0.11653726	0.01708022	-0.06007010	0.14333010	0.17851085	0.21072796	0.13525572	0.36136597	0.10046024	0.09381732	0.32878986	0.24383642	0.44620160	-0.07145973	0.23957118	-0.02055649	0.01004979	0.12325199	0.24331488	-0.00384835	0.26872270	-0.07821570	0.17760817	-0.05363554	-0.02764719	-0.05627875	0.00654714	-0.04203761	-0.15795625	-0.13841758	-0.02718514	-0.14245686	0.03534012	0.15744431	0.30974248	-0.05801725	0.19409490	0.35686004	0.01978748	0.20927677	0.01722849	-0.06798113	0.19042542	0.05181854	0.05500354	0.13315449	0.14607131	0.12856943	0.10179356	0.05275827	0.14076164	0.10572714	0.07514357	0.08123004	0.11564158	0.14226120	-0.09481159	0.05482101	0.12550268	-0.02669642	0.02545222	0.11114483	-0.02594414	-0.02013807	0.02088679	0.04822988	0.06624084	0.11271447	-0.01129354	-0.07247819	0.15701303	0.14881211	0.00544252	0.05266223	-0.06882103	0.08076729	-0.00213934	0.05871866	-0.01801063	-0.01493987	-0.08163089	-0.09113088	0.01238463	-0.02731891	0.08245702	0.19446663	0.02580468	0.14694344	0.11075270	0.08460075	0.16130552	0.09225074	0.32180288	0.11198571	0.21858661	0.22562284	-0.08997747	0.05801073	0.18534098	0.18727726	-0.03851696	0.17550201	0.08049791	-0.02516831	0.00193899	0.01088501	-0.04004648	0.14942840	0.17943738	0.01798863	-0.14387069	0.03412430	-0.09657390	0.36784406	0.15338936	0.31658895	0.32658944	0.09296748	0.31288857	0.26587033	0.30208557	0.17120453	0.34564035	0.08439627	0.16897847	0.36782574	0.08585654	0.36599117	0.29571035	0.17229307	0.13320743	0.25359217	0.24213400	0.00782137	0.17878917	0.07554178	0.29300648	0.17001047	0.25548959	0.53162551	0.25607188	0.48068014	0.46180946	0.46980808	0.53775588	0.48369505	0.42165201	0.44930626	0.14309860	0.20924031	0.08631345	0.14933404	0.33735656	0.32265736	0.42340368	0.27115919	0.19757337	0.18191809	0.17336962	0.02738426	0.14357210	0.12286581	0.25958680	0.26650358	0.12574169	0.20286685	0.19645602	0.36802579	0.08392508	0.28626620	0.35221986	0.39487738	0.21379170	0.20213413	0.38083199	0.06678969	0.15654955	0.19785295	0.23435597	0.19833403	0.28890752	0.26106072	0.27908295	0.30055525	0.27829566	0.09938073	0.16435892	0.14726181	0.30947769	0.32548859	0.35266531	0.15935374	0.19264620	0.06494224	0.18069014	0.25539252	0.27507854	0.00612457	0.13180734	0.05345042	0.07493492	0.06415089	0.01783088	0.02886843	-0.06616995	0.16875239	0.07714060	-0.03668901	0.24140345	0.08802894	0.18033222	0.06137014	0.07824028	0.27403264	0.39299659	0.28447712	-0.17065104	-0.02891535	0.02267143	-0.03621067	0.18667150	0.14779004	0.11720310	0.10386003	0.29306106	-0.03538186	0.14110241	-0.07319680	0.08484562	0.10523380	-0.11315500	0.00209869	-0.02073875	0.25884621	0.09096982	-0.03265149	0.09644337	0.25929610	0.01931983	0.03774551	0.35463418	0.18038778	0.15433731	0.03755140	0.14013308	0.06511834	0.13172106	0.05716399	0.16349402	0.20449845	0.00461363	-0.05837493	-0.09058079	-0.08676788	0.05428133	0.05837846	0.08217808	0.21183190	0.01899918	0.20573850	0.07082199	0.07662259	0.06060393	-0.04933308	-0.01334017	0.12485207	-0.00778381	0.10273704	0.14580722	0.12033881	0.23378199	0.07931269	0.02969195	0.26331872	0.24352031	0.15435611	0.13164905	-0.05809642	0.08913916	0.05379964	0.05273142	-0.02475758	-0.00257005	0.14319050	0.21338854	0.06582102	0.17792707	-0.08348450	0.30388442	0.23206932	0.05389739	0.26474091	0.28983115	0.22659650	0.22092998	0.18796199	0.08158243	-0.04359945	-0.15306508	0.11888174	-0.01060975	0.07498738	0.09569665	0.01548133	0.07936296	0.08873267	0.24946692	0.09571183	0.06426923	-0.05028111	0.01267019	0.13948386	-0.07659846	-0.04747539	0.12662697	-0.01762928	0.00356975	0.25236406	-0.03576336	0.26523944	0.34466503	0.15264530	0.19487095	0.13456664	0.20285518	0.12529078	0.05752181	0.23595988	0.23973875	0.02104473	-0.09186723	-0.01931426	0.06614349	0.17946243	0.01432800	0.18927049	0.22258532	0.17534982	0.09548089	0.15199512	0.24852712	0.13406634	0.15641334	0.19655455	0.20854257	0.41367795	0.33595311	0.54159455	0.28738209	0.11446679	0.40810235	0.38585287	0.29753807	0.21657556	0.31259954	0.30896015	0.27175762	0.25005766	0.30619493	0.17408227	0.28877040	0.38567617	0.48876577	1.06125318	0.30601613	0.37830221	0.63866790	0.40846195	0.38500595	0.37215720	0.24421557	0.48042935	0.19107608	0.38844711	0.20836903	0.22880838	0.17148439
region20	0.07382773	0.19460671	0.06037761	0.22981090	0.01466501	-0.13042582	0.08813540	0.11620365	0.00918081	0.04460454	0.04259456	0.02193632	0.18992530	0.15637124	0.27449369	0.10904568	0.02748891	0.13373923	0.08006804	0.02442332	0.17484273	0.22986086	0.13666218	0.12827636	0.10166116	-0.03931172	0.02260523	0.17249822	0.07040284	0.01381843	0.10409986	-0.05983438	0.16134694	0.14191579	0.11431272	0.11797835	0.13678830	0.19370992	0.14061959	0.02299158	0.32037901	0.29807866	0.21091167	0.05509604	0.10757057	0.21404909	-0.01079824	0.09586621	-0.11671332	-0.02212660	-0.03796032	-0.02018657	0.06805441	0.01367809	0.09958250	-0.00756991	0.04705444	-0.00699550	-0.00489263	0.32800021	0.18428508	0.05718434	0.03378516	-0.22021311	0.08871352	-0.02385906	0.08202787	0.06644157	0.08422394	0.08652556	-0.03175027	0.20242662	-0.04291025	0.26206615	-0.05769063	0.04755790	0.03889650	0.22114224	0.17800714	0.33381669	0.29336141	0.06061522	0.03882269	0.16553539	0.01157547	0.10728900	0.11260616	-0.16969040	-0.19958105	-0.12426218	-0.06387080	-0.00704740	0.05414512	0.09602091	-0.08159370	-0.03023683	0.10802552	0.03872471	0.12973644	0.25139632	-0.12877302	0.01892366	-0.03803170	0.00091611	0.09996062	-0.06742581	-0.15924906	0.19281973	-0.09003841	0.09807506	-0.18656293	-0.13841271	-0.10844582	-0.30273091	-0.14707266	-0.39400294	-0.03923226	-0.26841760	-0.24977190	-0.01689371	-0.01420091	0.09131582	-0.11679993	-0.04658584	-0.01903254	-0.08765799	0.12538041	0.01257207	-0.13305481	-0.05812443	0.20726950	0.09339123	-0.11315431	0.01058385	0.05444814	-0.01698334	-0.02788227	-0.06797929	0.05711522	0.12648288	0.04571969	0.06774226	0.07515741	0.12887152	0.16997189	0.09087593	0.08933920	0.08039550	0.18126106	0.08771230	0.13614174	0.03771413	0.17174379	0.22039167	0.22782579	0.18258347	0.14129469	0.14501360	0.19797329	0.09616922	0.06906121	0.08104865	0.11999405	0.05908064	0.01744003	0.03069294	-0.15730989	-0.24498527	-0.12368854	0.14609983	-0.08577632	0.17905607	0.08527985	0.02308163	0.04268018	0.03461046	0.04717724	0.13482301	0.08756212	0.08709752	-0.00761472	0.17418628	0.16173878	-0.04171895	0.05542774	0.09036933	0.18619360	0.04020434	0.08808307	0.10425761	0.11404810	0.18226025	0.12544647	-0.22525616	0.21425986	0.13711369	0.21482510	-0.11301228	-0.02257695	0.10623264	0.05137701	0.09303656	0.23196051	0.18081200	0.01590257	0.17225839	0.10094957	-0.04775944	-0.20099995	0.00650382	-0.06893909	0.03799098	0.14199276	-0.09135933	0.29205117	0.15676695	0.09861468	0.21279315	-0.02939528	0.01628634	0.14545356	0.04829426	0.14508332	0.02592944	-0.04260666	0.01411782	0.16850491	0.04996603	0.06965068	0.07245043	0.17201778	0.24190010	0.06376245	0.03856014	0.14518614	0.23738042	0.13677958	0.13763032	0.24889086	0.31304382	0.19826246	0.20099224	0.07526948	0.13283272	0.02973096	0.10169645	-0.01472299	0.20450321	-0.06276794	0.18957145	0.21606750	0.08260762	0.04044262	0.13168979	0.16731099	0.05581355	-0.07760570	0.02973589	0.34594754	0.16454151	0.11134946	0.08424936	0.10471578	0.12096869	-0.00945822	0.00708555	0.06130565	0.08404387	0.07208639	0.07608677	0.22166553	0.18921589	-0.07438865	-0.01399182	0.03008108	0.15674298	0.09887075	0.11754475	0.13648531	0.33420056	0.20233021	0.14000329	0.03506672	-0.00540204	-0.09247717	0.07550665	-0.06918438	0.16137737	0.01778290	-0.10839198	0.01087670	-0.08406618	0.09702678	0.05617996	-0.04215373	0.08657374	0.16408308	0.01819629	0.18517913	-0.03507176	0.03317089	0.06067210	0.07249449	-0.15425310	-0.03769877	-0.09516929	-0.17733599	0.01583793	-0.05725277	0.03040554	0.04811712	0.15465270	-0.29840432	-0.06672833	-0.27621674	0.15025707	-0.16013897	-0.18107262	-0.19958269	-0.23318268	0.10540502	-0.06601329	-0.07264232	0.11931835	0.09155342	-0.10591283	0.00974170	0.06309807	0.17941611	0.14511675	0.20607999	-0.02147423	0.07972715	0.13583122	-0.00135824	-0.01022681	0.09832913	-0.07442534	-0.15020072	-0.17377696	0.10007614	0.02335071	-0.03508510	0.06002667	0.09991427	0.06473562	0.25810409	-0.01086365	0.03971673	0.01835032	0.06308630	0.07778719	0.27033823	0.09723614	0.12384389	0.12671669	0.11398824	0.13394577	0.01611171	0.07183174	0.21529089	0.23431739	0.20348884	0.18995852	0.06334542	0.09027529	0.16268882	0.00774822	-0.00828955	0.05941184	0.11128573	-0.00440581	0.07728137	0.17246354	-0.05750212	0.02949491	0.10890151	-0.02743815	0.06374365	0.21276504	-0.01681002	0.22848780	0.12451275	0.00940646	0.01743840	-0.16222233	0.13743381	0.09196776	0.11289069	0.24158781	0.08815464	-0.00109439	-0.07361521	0.14967574	0.08661698	-0.16421832	0.10748428	-0.04733921	0.08791215	-0.13612252	-0.12433555	-0.08329191	-0.19093053	-0.10563892	0.06243780	-0.09520226	0.06391356	-0.02156893	-0.11510149	-0.13067713	0.01476468	0.03495791	-0.25558239	-0.21035488	-0.08843893	-0.17194055	0.08838947	-0.04930391	-0.14099158	-0.13854492	0.12539489	-0.13819974	0.00204621	0.07830083	-0.07220545	-0.31783216	0.18852055	-0.05006746	-0.23163044	0.08232934	-0.08279835	-0.13335488	0.31341792	0.29221056	0.15939807	0.25154657	0.25219248	0.25560657	0.30406431	0.32983305	0.21101510	0.29901863	0.26927782	0.27750622	0.20707154	0.16562346	-0.13441360	0.23516618	0.18723729	0.11954120	0.30601613	1.19503144	0.28917727	0.34332742	0.36925001	0.43782537	0.45348598	-0.21121735	0.29944205	-0.01748579	0.21323263	-0.10994291	-0.05886121	-0.00985124
region21	0.10064434	0.17548803	0.16939145	0.21743292	-0.06042490	0.00322627	0.07071574	0.17258817	0.09241832	0.10233112	0.13624180	0.12049730	0.26865072	0.35560222	0.24253507	0.04533631	0.10400199	0.13772485	0.07011935	0.13715722	0.08321218	0.09468809	0.08979974	0.08260485	0.24852347	-0.04244903	0.11490184	0.25020341	0.21493446	0.16786287	0.21563904	0.17330617	0.30622352	0.34451737	0.26807825	0.29939978	0.23029999	0.09671782	0.21557219	0.27237006	0.25592285	0.18855839	0.24630309	0.06128482	0.06969468	0.15610618	0.02238714	0.06840886	-0.14598205	0.07315273	0.13690548	0.09780794	0.22739666	-0.12032814	0.04983548	-0.05322612	0.05684555	0.13740372	0.08957150	0.18756963	0.17960322	0.05283114	0.02583112	0.11094355	0.10378070	0.09809030	0.26235519	0.18875913	0.22490358	0.25646014	0.24447801	0.35315990	-0.11395262	0.14413520	0.06468487	0.33346597	0.26963240	0.35006243	0.11933048	0.19265072	0.12278055	0.13435606	0.25540477	0.20330756	0.18677501	0.09285606	0.03131291	-0.04337596	-0.09254184	-0.08980923	0.01555515	0.01417478	0.03026661	0.10046383	0.18306723	0.11190973	0.04950944	0.22876068	0.14861807	0.29773017	-0.05863241	0.16669733	0.03632422	0.03181167	0.06246722	0.11728210	-0.16136712	0.12649307	0.10003281	0.16794644	-0.06630263	0.02946102	-0.10212607	0.05118698	0.08664151	-0.04523702	0.05821662	0.11767867	-0.03629523	0.06398336	0.15504699	0.14044420	-0.02402769	0.17023851	0.18120151	0.11297166	0.12624898	0.00551482	-0.04402486	0.04144418	0.10351001	0.01825179	0.09557725	0.00953047	0.22174459	0.11903922	0.06801488	0.20199640	0.03130645	0.09148038	0.06639129	0.04407413	0.12822065	0.02320630	0.09749793	0.16382416	0.02115818	0.04916570	0.10649592	0.10886168	0.01737109	0.00440369	0.06047101	0.17766874	0.09313539	0.07584375	0.06959431	0.09635658	0.07619602	0.09357848	0.02417066	0.04859329	0.08745654	-0.02950434	0.03130384	0.00933764	0.01537542	0.01105052	0.01391244	0.07382956	0.05018389	0.11375109	0.13992025	0.06289015	0.04056452	0.03108770	0.04369451	0.12683147	0.01513861	0.14188818	0.06969603	0.16834214	0.14768259	-0.10171953	0.07887926	0.10914300	0.09702815	0.11805866	0.13826042	0.18223393	0.15614600	0.22847526	0.08129284	-0.00233536	-0.02369611	-0.00193677	-0.02660559	-0.11317017	-0.03907027	0.02396771	0.24605831	0.05984168	0.19361459	0.16748108	-0.00445358	0.07190330	0.15236239	0.06224964	-0.03212728	0.20123585	-0.01026624	0.12096795	0.13913430	-0.01152555	0.25034264	0.18452688	0.06838193	0.13603771	0.03811285	0.06159088	0.06145622	0.02445408	0.07682314	0.10917759	0.11636992	0.12957175	0.41173753	0.20239359	0.34150152	0.32627773	0.34077261	0.36124688	0.29110923	0.26810247	0.40717578	0.10776141	0.18453306	0.08452574	0.06239869	0.26647918	0.20638287	0.28570601	0.08340803	0.16062365	0.11717892	0.12184497	-0.03323520	0.17205851	0.04038654	0.18645088	0.24121013	0.10832628	0.14358712	0.19804562	0.17809729	0.04857269	0.13382826	0.22861613	0.28320214	0.21301437	0.17976751	0.27485565	0.04189693	0.15916113	0.18350956	0.11034665	0.17260852	0.22295952	0.31080336	0.23397783	0.32619112	0.28056770	0.11393078	-0.03617271	0.09295303	0.29195264	0.26116116	0.22774142	0.22834095	0.20570206	0.04722903	0.22337492	0.33020360	0.23689771	-0.05790669	0.07010946	-0.01807725	-0.00473832	0.05425402	-0.04153740	0.03834185	-0.12331063	-0.08579933	0.05001275	-0.03215984	0.12099164	0.13500573	0.21167251	0.09100301	0.15377778	0.10114177	0.21585341	0.02741484	-0.09087236	-0.03302081	0.02201600	-0.03650918	0.15140014	-0.06011280	-0.07533452	-0.02376879	0.11811673	-0.04364743	0.06052604	-0.05664357	0.00692974	0.02760639	-0.05545109	0.17493206	0.05497933	0.16535984	0.18699060	0.02668494	0.16949730	0.18891666	0.04078431	0.05479120	0.27256723	0.12917579	0.11220193	0.00639581	0.11648911	-0.11057296	0.01546386	-0.05865690	0.22161950	0.12853349	0.09984988	0.01842270	0.02689285	-0.03028180	0.13336618	0.09428954	0.05404825	0.14035254	-0.01805308	0.20367608	0.09082161	0.05873086	0.07112567	0.04201506	-0.02518767	0.13481537	0.08399902	0.21545364	0.09434316	0.10559210	0.21551288	0.09560758	0.11094561	0.14603296	0.12058833	0.16908152	0.05209323	0.02925555	0.02770282	0.08385101	0.04761751	0.02187000	-0.01534049	0.08613618	0.07381461	0.03641530	0.05613500	-0.05753067	0.20461337	0.09552891	0.00366345	0.06502656	0.18587344	0.07234624	0.10936495	0.00206308	-0.02468674	0.00424662	-0.01640204	0.23788736	0.16486907	0.16232532	0.30659971	0.00433255	0.02317546	0.01745763	0.06967465	-0.10443708	-0.08059662	-0.07638909	-0.15150811	0.07401587	-0.12774438	0.09492341	0.03085498	0.02905827	0.04429205	0.07760529	0.08899240	0.16514453	0.11556332	-0.00235028	0.03816789	0.06670591	-0.00710784	0.02883821	0.06516718	0.05300948	0.05721599	0.27658960	0.02831689	0.01724403	0.05072185	0.10124297	-0.03417889	0.15593821	0.10777275	0.03818699	0.02090735	0.20439783	0.12461669	-0.02477392	0.04875914	0.08918825	0.05717238	0.37713958	0.22954012	0.26285275	0.19238752	0.23678092	0.32378109	0.31693293	0.36509468	0.27453943	0.31753343	0.27628407	0.24511765	0.18773264	0.25421192	0.19824240	0.27833712	0.38863490	0.34035950	0.37830221	0.28917727	0.90524331	0.39963835	0.26423625	0.33864654	0.28754654	0.01745034	0.32106129	0.06008440	0.26813233	0.11860422	0.11758645	0.14719973
region22	0.23580607	0.31674995	0.14771107	0.33514358	-0.02636074	0.01674813	0.24216640	0.29388604	0.17360934	0.19238876	0.25553503	0.29695582	0.41029862	0.59005263	0.42866900	0.27377359	0.27415518	0.24192412	0.14322944	0.28363093	0.15432950	0.23808285	0.24056752	0.32063670	0.44520731	0.24040945	0.26818289	0.44160867	0.37120620	0.35997454	0.40699167	0.24559112	0.51974387	0.51397058	0.48357409	0.41771168	0.26832380	0.23347702	0.46621288	0.45584567	0.43673868	0.44738010	0.41390125	0.20758130	0.18646871	0.12059708	0.07021965	0.15094211	-0.06937075	0.22135683	0.28757710	0.25787304	0.27893928	-0.05308813	0.15259770	-0.09652312	0.19093604	0.26504624	0.24664851	0.34537961	0.40039227	0.22916197	0.08739346	0.13362432	0.26299180	0.16201939	0.34296329	0.33147315	0.35517856	0.25267823	0.25628100	0.47106493	-0.08523691	0.16845672	0.01384616	0.29058743	0.43015404	0.54331711	0.23661109	0.28469645	0.26636598	0.23942984	0.28413316	0.27015008	0.25358411	0.22399106	-0.00664787	-0.12562459	-0.00828102	-0.03575606	0.11577049	0.07731870	0.22357698	0.09574442	0.27986818	0.20641711	0.28165635	0.32956276	0.28710272	0.48314142	-0.00369022	0.31358839	0.05283892	0.02236204	0.12573688	0.21685338	0.03463651	0.33172632	0.03822307	0.31583108	0.00877120	0.06103820	0.01221233	-0.06176485	-0.03360563	-0.16825767	-0.14394205	0.00965500	-0.04897693	0.03143278	0.15188336	0.32356870	-0.01757039	0.26138967	0.23878656	0.07927948	0.25881683	0.01229379	-0.06082991	0.10332286	0.13349087	0.07903769	0.12808896	0.12601294	0.18152260	0.17023713	0.07812747	0.16531885	0.21216605	0.16846786	0.14492208	0.20023468	0.20463875	0.02690632	0.18579786	0.20832075	0.12397218	0.06225050	0.19492921	0.09609940	0.06003136	0.16868357	0.15307780	0.20015730	0.17837724	0.14677588	0.09346844	0.16096980	0.21212673	0.06967390	0.17575651	0.08061336	0.17108963	0.12762032	0.15828069	0.07648785	0.08397927	0.01846065	0.00429339	0.07069408	0.02866704	0.18245069	0.18082759	0.13285119	0.20626269	0.21297028	0.17908546	0.28595828	0.13874628	0.35144579	0.18249082	0.26411287	0.26540125	0.02239971	0.15891428	0.22578265	0.22403618	0.05399661	0.24807165	0.16714103	0.07459004	0.11905029	0.12668334	0.07450760	0.20192087	0.22036936	0.07392173	-0.12641091	0.03814476	-0.03408890	0.37769639	0.13104812	0.29531867	0.29785340	0.09375528	0.23248357	0.28091490	0.17188679	0.13373730	0.25483578	0.12513337	0.21318569	0.33751515	0.12510877	0.47748780	0.38093695	0.17765761	0.26684818	0.29613570	0.24304779	0.15395696	0.25450585	0.18255670	0.24862414	0.19848567	0.31237157	0.49158419	0.21587754	0.43550802	0.46607369	0.49205722	0.54681738	0.50964915	0.41615456	0.48088075	0.25634556	0.32174438	0.31546675	0.28843965	0.38693711	0.40752979	0.52199044	0.28814039	0.26034554	0.23592305	0.31461865	0.02768758	0.14635777	0.14278884	0.16650635	0.36373900	0.19395641	0.30254522	0.28749634	0.32074869	0.08858637	0.20210823	0.31261433	0.39098737	0.34745774	0.22939685	0.36629897	0.24602574	0.16526551	0.21324900	0.20254441	0.26881882	0.24385904	0.23390084	0.19695827	0.29814988	0.26229057	0.13658849	0.11815677	0.04737233	0.29790492	0.18255275	0.34688019	0.26622239	0.31119545	0.17457089	0.33369807	0.31694195	0.31907062	0.07304224	0.14571291	0.00617552	0.19809808	0.15925637	0.00042310	0.16957060	-0.06145294	0.11351204	0.16944434	-0.04147555	0.30438882	0.19142889	0.23754144	0.18261729	0.20556560	0.34817335	0.43870050	0.28723693	-0.15453093	0.02572681	0.06238618	0.08656250	0.28448552	0.16872913	0.09626226	0.16999848	0.41317421	0.10602325	0.25128985	0.03297854	0.16443474	0.12846059	0.01737845	-0.00316373	0.04597805	0.24767919	0.14181145	0.00321403	0.15687222	0.24644877	0.02911965	0.04197913	0.26315197	0.32747346	0.28061739	0.17987716	0.27012877	0.04156259	0.12106532	0.11457079	0.24939951	0.28385535	0.09763213	-0.00627939	-0.09412053	-0.04909762	0.17660954	0.16667060	0.22514804	0.35781935	0.18342003	0.33949112	0.13023620	0.27195897	0.10333588	0.06272305	0.09708975	0.31540607	0.12559128	0.18055771	0.18873197	0.19436182	0.29797937	0.23411603	0.17525630	0.32122141	0.38687972	0.25479423	0.25531504	0.04791477	0.12172728	0.20905744	0.22104870	0.16896966	0.16445230	0.28161880	0.29020546	0.18705238	0.29797130	0.06192861	0.36005099	0.38784763	0.14874840	0.31970059	0.34354203	0.27523978	0.31723187	0.28285778	0.09068871	0.09033055	-0.00438014	0.20371889	0.09322555	0.18569165	0.06378389	0.05947951	0.10344654	0.17950771	0.26346012	0.07601266	-0.00013635	0.04731945	0.02971278	0.22465373	-0.05630667	-0.07690537	0.18543167	-0.03163959	-0.00300408	0.27897657	-0.06659317	0.27764135	0.29092954	0.17232999	0.15898828	0.17774211	0.10248712	0.09905993	0.10856664	0.24020429	0.20760619	0.08304451	0.00571218	-0.01200282	0.11665658	0.22902016	-0.09813148	0.18863665	0.18049155	0.15725807	0.09503470	0.10020191	0.25294683	0.08563607	0.21557527	0.22026469	0.19648990	0.55509923	0.37997587	0.48052067	0.27620228	0.20391653	0.52224199	0.50553370	0.40823834	0.31487965	0.46784280	0.42602809	0.45513222	0.37729921	0.42225072	0.24322530	0.39871941	0.47984017	0.56666175	0.63866790	0.34332742	0.39963835	1.09805770	0.38950696	0.49742472	0.36219948	0.26819825	0.54267572	0.27262639	0.41684549	0.25105974	0.24247660	0.20619009
region23	0.22649880	0.30510982	0.15388052	0.32969609	0.12161895	-0.04185514	0.20412749	0.13381281	0.09479767	0.03966373	0.17435615	0.11840556	0.23514668	0.31398220	0.36754930	0.05884852	0.09757783	0.25821136	0.17550050	0.21448098	0.27104822	0.25850836	0.22533763	0.18315718	0.16977306	0.25339073	0.08886289	0.23522293	0.19016027	0.16566043	0.08956341	0.09935407	0.13126926	0.21658410	0.17681976	0.22753487	0.06794131	0.20129255	0.23292672	0.22191063	0.15155526	0.25857087	0.15057097	0.17903156	0.17175836	0.11212639	0.06917169	0.11267768	-0.11697632	0.12646839	0.20789139	0.11450883	0.22168580	0.00821707	0.16271210	-0.02364419	0.25833118	0.05824967	0.19927559	0.39269559	0.23186177	0.24959577	0.15723645	0.00236476	0.06937956	0.07348977	0.20947519	0.10459101	0.06416693	0.08051103	0.14615386	0.31481142	0.05680986	0.27303877	0.02525825	0.23591709	0.12060554	0.23174045	0.21997328	0.26175705	0.17665232	0.15685022	0.09996492	0.28459545	0.19628408	0.17531580	0.10166725	-0.07917918	-0.02972936	-0.08221407	-0.07610199	-0.11004046	0.12658682	0.12290032	0.10134708	0.03586574	0.11608786	0.11168700	0.10909224	0.25830551	-0.02591064	0.13693962	0.00602986	-0.05584414	0.02877933	-0.07107087	0.06918707	0.19995605	0.00922691	0.20190166	-0.10294611	-0.01093431	0.02212680	-0.14202347	-0.11215263	-0.16819126	-0.03526056	0.03602300	-0.05447740	0.16308431	0.10747970	0.07765055	-0.02615094	0.24514373	0.25052435	0.01707198	0.23286003	0.06574206	-0.07674099	0.16527173	0.11444714	0.14167560	-0.06771066	0.19809640	0.27940231	0.28105500	0.21604839	0.15743799	0.21079675	0.17022424	0.12963928	0.06683207	0.17115949	0.01922136	0.09800834	0.17150362	0.07949630	0.15670025	0.16858735	0.15022023	0.18400793	0.24836772	0.22901234	0.14651286	0.16907623	0.17686403	0.05607101	0.15692271	0.16986399	0.08358661	0.19089434	0.07475582	0.13515771	0.06326245	0.13315435	0.02295950	0.05632110	-0.02621007	-0.01106750	0.08951024	0.02820303	0.15295873	0.08791433	0.14481779	0.17835274	0.19546363	0.15714177	0.36279171	0.26810317	0.26830049	0.18107124	0.28339708	0.23971645	0.05270036	0.12767202	0.06402800	0.09521401	0.02181819	0.25496074	0.14025934	0.06687384	0.15677786	-0.00810461	-0.01298021	0.15988972	0.10360781	0.12311352	-0.14175075	-0.06931359	0.13600423	0.09528357	0.12140298	0.25291748	0.21147197	0.13465971	0.19546586	0.20763175	0.00328083	0.00700307	0.13249742	0.06259616	0.11381617	0.13962430	0.09689780	0.32808253	0.21798067	0.09400691	0.25710292	0.18338125	0.22171372	0.22705789	0.19497807	0.09312433	0.33082062	0.14138367	0.12622758	0.21102700	0.04575989	0.14168817	0.09065056	0.18216138	0.29318663	0.13055778	0.14415039	0.28568831	0.19431136	0.22148674	0.15010396	0.14553030	0.11001307	0.30637656	0.33796483	0.27787313	0.30126454	0.23688598	0.20497940	0.03309615	0.00883313	0.14791239	0.03896896	0.17548835	0.10038746	0.06579121	0.13923305	0.30898476	0.09902914	0.13071454	0.12575042	0.30165766	0.26734970	0.26967158	0.20480794	0.14654873	0.16100921	0.10435045	0.09675803	0.13673093	0.15654247	0.18371028	0.14446481	0.22521641	0.27373972	0.05073748	0.23418589	0.19072691	0.18926088	0.20925997	0.16580528	0.18992782	0.27804976	0.22968247	0.12902801	0.17178581	0.10125312	-0.03311662	0.18181634	0.11944138	0.12873232	-0.03700023	-0.02759818	0.02084373	-0.12802563	0.02120182	0.00412736	-0.01549832	0.14726513	0.00109685	0.05069100	0.06423341	0.06171484	0.14725115	0.26475792	0.19759759	-0.01657863	0.01566688	0.02174658	0.00033885	0.13499694	-0.05386075	0.00595473	0.03846254	0.09501964	0.09303044	0.19007314	-0.05422460	0.03840631	-0.02513663	-0.09689749	-0.07170231	-0.08829825	0.34246420	-0.02062988	0.13709615	-0.02627869	0.16680311	-0.01591530	0.06449089	0.16607327	0.21085571	0.22066689	0.19837819	0.14819104	0.14837749	0.10476282	0.02397429	0.26297537	0.26899638	0.22998370	0.13225235	-0.03243914	0.02510828	0.07778261	0.16769442	0.18179201	0.34183054	0.11284580	0.17450763	0.09406024	0.05761065	0.14039951	0.08122935	0.07334046	0.20142519	0.02119327	0.08908443	0.04076689	0.19370749	0.16432783	0.18494514	0.20527459	0.25027243	0.23853339	0.13757122	0.22523663	0.08537955	0.20643730	0.14254325	0.20608141	0.11991767	0.07230481	0.16562035	0.25559294	0.04676773	0.18151338	0.06618403	0.25474116	0.27805287	0.18664554	0.21960677	0.36159797	0.29937334	0.16973646	0.09701722	-0.01508449	0.12443922	-0.00433996	0.15033109	0.13324716	0.18423872	0.06682450	-0.06335186	-0.14275810	-0.02009261	0.19954323	-0.04220094	-0.05434120	0.02221729	-0.07582319	0.25212485	-0.02115959	-0.03665620	-0.00732541	-0.04028619	0.00913472	0.04628073	-0.13546526	0.03907498	0.09419765	0.08743805	-0.08215623	0.03722126	-0.12662415	-0.11688312	-0.00653645	0.00733882	-0.01598892	0.08462693	-0.11279497	0.01135164	0.08174818	0.13066852	-0.24071444	0.02873870	0.11244162	-0.11000931	-0.11592373	0.11448208	0.13588947	-0.17598744	-0.00637120	-0.03383203	-0.03014049	0.40186812	0.32503488	0.25969956	0.27616677	0.11852570	0.39735788	0.52157232	0.27434750	0.34411433	0.35986157	0.42191129	0.26972249	0.33401598	0.36030907	0.14122520	0.26019495	0.27068655	0.26308306	0.40846195	0.36925001	0.26423625	0.38950696	1.06957116	0.32395790	0.42382908	0.27373176	0.44082260	0.18301904	0.32961542	0.10866029	0.11625909	0.16785322
region24	0.12939366	0.25489959	0.18573220	0.21350564	-0.00100742	-0.07434551	0.16140979	0.19070594	0.09654629	0.06066868	0.15290562	0.18042240	0.19471203	0.34017436	0.28790811	0.07407169	0.09432631	0.19605967	0.09884284	0.11225147	0.12607602	0.17069835	0.08114367	0.05949290	0.13360721	0.01536184	0.13623424	0.21187650	0.09959208	0.12160904	0.15208064	0.09670013	0.23908010	0.27076298	0.24604998	0.24096321	0.08323157	0.14424226	0.26847815	0.22495303	0.24314184	0.20670495	0.26707444	0.14713574	0.05821351	0.12008701	-0.04098219	0.01659426	-0.13102678	0.06494612	0.18681749	0.10861984	0.23884952	-0.06902493	0.10958948	0.07793654	0.03687421	0.16485490	0.08692012	0.28181338	0.26349003	0.11401496	0.03352124	-0.08072666	0.18666953	0.09679992	0.28766682	0.24210914	0.17615947	0.10085635	0.16214100	0.34552466	-0.03814901	0.28411199	0.04337065	0.17431439	0.11852602	0.25665303	0.14523662	0.21608076	0.14059045	0.06476727	0.12304382	0.08385327	0.14279975	0.06374254	0.09894966	-0.07928159	-0.04374759	-0.08876414	0.03696069	-0.06088321	0.04607947	0.00492289	0.12822951	0.10598555	0.14419332	0.18486577	0.19830762	0.35564354	0.01986392	0.23775074	0.08373965	0.12562136	0.09992067	0.09910552	-0.01688022	0.30810665	0.09405098	0.20878257	0.06454782	0.00052830	-0.00017708	-0.15817640	-0.10017537	-0.21679861	-0.01068289	-0.09408941	-0.12817798	0.00674340	0.12223905	0.14705973	0.02279357	0.08383036	0.19845806	0.01685906	0.11221644	0.00657477	-0.05903578	0.04485131	0.03729997	0.13669444	0.11211975	0.03282584	0.12466442	0.13469861	0.08431155	0.10190898	0.04914228	0.15434978	0.07010457	0.17592183	0.10497840	0.11476776	0.17756335	0.13169910	0.07164818	0.11852487	0.15141886	0.07861278	0.09906908	0.07802416	0.10761301	0.15835384	0.12693811	0.14213182	0.13626004	0.08939021	0.11837831	0.11197952	0.09679885	0.04249026	0.08778845	0.13090937	0.11147252	0.10355557	0.00383325	0.02895080	-0.04614443	0.06918342	-0.01641150	0.12448456	0.05764186	-0.00907693	0.06655690	0.07363319	0.12851277	0.15641150	0.09477480	0.17769528	0.04728145	0.13585418	0.20065650	0.01100528	0.08259379	0.15483258	0.09684262	0.12270648	0.12813209	0.16486083	0.05270282	0.02918706	0.05595184	-0.11264893	0.13889013	0.18156998	0.03900714	-0.10433399	-0.11446781	-0.00839598	0.23038994	0.13438822	0.21453906	0.20644228	0.10559381	0.18150051	0.22950396	0.06706411	0.07023000	0.11053771	0.11815995	0.12881958	0.21820566	0.05094913	0.28745898	0.25698026	0.03071083	0.21206689	0.08110051	0.06467007	0.11562126	0.12376848	0.08145736	0.14365410	0.08931987	0.06510809	0.25359454	0.05024266	0.20156274	0.21970797	0.22757484	0.28067931	0.22134827	0.20448514	0.23845070	0.14365951	0.13309998	0.04527145	0.13507158	0.28874026	0.24741301	0.21155036	0.13315923	0.19120442	0.08415981	0.11718035	-0.06205658	-0.00020432	0.08754441	0.02298593	0.18458886	0.10199114	0.10352918	0.13570789	0.17827327	0.02310217	0.07506034	0.20381274	0.34884561	0.24466422	0.21953040	0.20147190	0.14209615	0.05433056	0.16009786	0.13921953	0.11478631	0.13628997	0.12626852	0.09214107	0.18975647	0.23128614	0.07955225	0.02701449	0.04218686	0.19674414	0.11282533	0.08496930	0.16361744	0.22979474	0.14913328	0.12863980	0.15537303	0.12454900	0.00884100	0.08656491	0.02836920	0.10764711	-0.00565205	0.01950666	-0.00123188	-0.20692754	0.04676559	0.04433112	-0.08334973	0.14019403	0.00473636	0.15441098	0.11121430	0.01429996	0.14255222	0.21964705	0.13646877	-0.05930767	-0.02200512	0.04149659	0.04010103	0.27267546	0.05559503	0.11074207	0.12849749	0.28495007	-0.04367742	0.09520418	-0.00826051	0.15172490	0.06507097	-0.00786561	-0.21595602	-0.05180373	0.19559703	-0.05858485	-0.12137235	-0.05954874	0.16295709	0.03398782	0.02742041	0.16522049	0.18574081	0.11879548	0.08727162	0.09372486	-0.03307787	0.07624948	-0.01362104	0.13289166	0.16232568	0.03026501	-0.02731877	-0.07007177	-0.01157099	0.17558506	0.10440577	0.15217516	0.16402510	0.11020630	0.23594184	0.08933559	0.10108705	0.10593814	0.11631572	0.12689829	0.16270022	0.12950169	0.19212938	0.17038269	0.22726630	0.27200611	0.11967007	0.11433029	0.20874038	0.23185646	0.15320324	0.15377253	0.08071441	0.11776859	0.08754017	0.07616346	0.04139747	0.11307805	0.14934844	0.11989199	0.18792297	0.14547909	0.00093797	0.17056658	0.17295562	0.10922207	0.12343754	0.22456548	0.13418830	0.19403221	0.19847623	0.06439989	0.00485432	-0.05845481	0.15275673	0.07932653	0.15017057	-0.00577260	-0.00702467	-0.06728190	0.01018786	0.21571304	0.00441014	-0.00618982	0.06886247	-0.02746960	0.13346238	-0.05356159	-0.18369178	0.06943946	-0.13575923	-0.17282228	0.13775277	-0.07585618	0.11118966	0.06811517	0.06982295	0.14173367	0.03048710	0.04030790	0.04214867	-0.03229755	0.08823281	0.00949887	-0.05656749	0.00325326	-0.23041693	-0.12312259	0.02088313	-0.15788740	0.09848681	0.04111765	0.14258575	0.06588943	0.14979564	0.09971109	-0.00773079	0.09063029	0.08944980	0.00482141	0.42053164	0.33593675	0.31321327	0.26877630	0.38927367	0.42689929	0.38635075	0.38209208	0.26149041	0.43826884	0.33695101	0.38505239	0.25160651	0.29413145	0.17812196	0.29055794	0.36184411	0.33581103	0.38500595	0.43782537	0.33864654	0.49742472	0.32395790	0.98796062	0.35500209	0.11268286	0.38247868	0.10767446	0.25501382	0.07661138	0.15737930	0.19954243
region25	0.47716436	0.44534225	0.21938091	0.48614343	0.20611788	0.03631107	0.32815607	0.19466383	0.25317371	0.25521970	0.18993306	0.21097730	0.31384722	0.38469290	0.45228854	0.00921536	0.25916759	0.25848010	0.13971348	0.23456626	0.21162846	0.24403745	0.16510847	0.16182198	0.12339421	0.25663557	0.23095632	0.22312735	0.14681808	0.11217687	0.12912471	0.07111543	0.23033215	0.23608744	0.24170836	0.38588706	0.12798231	0.27376846	0.30247629	0.25264398	0.19307967	0.23532955	0.21371675	0.20527535	0.14606183	0.06604929	0.04128153	0.07724324	0.00573396	0.09945293	0.12418849	0.07116431	0.06153463	-0.00173925	0.07498026	-0.05291609	0.16161956	0.16259435	0.21706338	0.47154375	0.32879032	0.39228566	0.35838243	0.00318762	0.21159412	0.19214338	0.35545366	0.27134788	0.26462010	0.18992388	0.27264068	0.36282900	-0.07747072	0.16332697	-0.00469853	0.20622556	0.15164214	0.28028474	0.17324979	0.27334295	0.24313138	0.41532288	0.24987407	0.28469759	0.18945736	0.10201237	0.26009504	-0.07109185	-0.12542259	-0.12988799	-0.10314010	-0.04819345	0.06512512	0.27630465	0.08973440	0.05528597	0.21225778	0.05955110	0.25716666	0.43205464	-0.10254423	0.21525651	-0.02145230	-0.07825089	0.01098631	-0.15382181	-0.04241060	0.18689499	-0.14254249	0.16751335	-0.07742455	-0.06656554	0.04937892	-0.04022579	-0.05238299	-0.19240039	-0.09939929	-0.12374341	-0.14082750	0.08181177	0.17541284	0.23656985	0.04839548	0.35171083	0.13636779	0.11502152	0.35695982	0.16450351	-0.11743862	0.09091672	0.25339561	0.17204249	-0.06757869	0.10212202	0.28517061	0.25883135	0.25052330	0.14442038	0.22813370	0.19800722	0.14657754	0.17753387	0.29258096	-0.09789764	0.12427585	0.23692389	0.05544515	-0.00396651	0.19974867	0.20608362	0.20137889	0.18868072	0.22577094	0.22761808	0.22613709	0.14202149	0.05827649	0.18831401	0.26351503	0.17303806	0.19237083	0.06491413	0.17076117	0.05529501	0.17234954	0.02022804	0.04028601	-0.10285466	-0.00623812	0.11816587	0.18164761	0.25934988	0.16421107	0.20217725	0.19971621	0.24676791	0.23080985	0.26921159	0.23211904	0.36089780	0.23060244	0.41914270	0.17167410	-0.02818955	0.19584345	0.23917972	0.32606665	0.17316660	0.22991201	0.21772109	0.08858553	0.23284783	0.17436843	-0.07947471	0.24339201	0.24959411	0.27802014	0.01255680	0.08645940	0.16651134	0.26331339	0.29738918	0.39932469	0.35661322	0.23684409	0.24095312	0.34519314	0.25806516	0.14076023	0.29715886	0.19511759	0.29216706	0.26113462	-0.00137171	0.37929129	0.30892387	0.11619732	0.27216066	0.19785986	0.24962123	0.21594584	0.11090776	0.15543389	0.16611162	0.22472187	0.27349599	0.30166337	0.03194445	0.20734763	0.16368005	0.27791177	0.30080585	0.12780072	0.06518701	0.26862891	0.24235602	0.19165400	0.07910535	0.21919154	0.17272428	0.25777157	0.25818063	0.19661172	0.27531118	0.17434990	-0.00354431	0.04484833	0.08120083	0.16543869	-0.05216024	0.14293211	0.00557960	0.06817741	0.12088958	0.25574604	0.19618302	0.13422383	0.24440750	0.36363294	0.40825162	0.35717908	0.32211055	0.06170565	0.23958166	0.35405459	0.31576223	0.21411486	0.36592108	0.34285782	0.25709137	0.28006499	0.27542786	0.18460718	0.17313106	0.12558439	0.29465681	0.23093838	0.09281013	0.22609185	0.28330396	0.16744147	0.24552383	0.18283026	0.13684896	-0.00114020	0.12675932	0.03738814	0.15490388	0.09265215	-0.06646266	-0.03491024	-0.26195207	-0.00334251	0.01912568	-0.02480965	0.05816105	0.01097935	0.07120962	0.04128632	0.06635064	0.13376665	0.25147243	0.23452396	-0.05029816	-0.01666298	0.07522576	-0.07547807	0.15802650	0.00662289	-0.09712364	0.00592532	0.09089923	-0.05890862	0.14030250	-0.10720183	0.04940844	-0.00782181	-0.06796317	-0.03327620	-0.02672059	0.14536165	0.08586615	-0.03299263	0.09283656	0.39674764	0.08996167	0.16932858	0.27766719	0.20921241	0.24016919	0.15410692	0.15911265	0.11751682	0.18578063	0.08083929	0.14175545	0.20994346	0.12937878	0.03524949	-0.03327629	0.08201946	0.08277373	0.00759894	0.16543711	0.30956312	0.02871638	0.21279040	0.06213111	0.13250590	0.04614316	0.01091387	0.01292352	0.21165225	0.09427111	0.17033206	0.00971541	0.11416429	0.08731808	0.07643962	0.12885001	0.23793397	0.25441692	0.18135930	0.19231056	-0.00329685	0.07317529	0.12754753	0.14249069	0.04613215	0.01022852	0.15530393	0.23579679	0.07645542	0.26647058	0.06465500	0.17789871	0.21513617	0.02803575	0.16820200	0.33977924	0.19000229	0.22507328	0.12765313	-0.03744531	-0.02471671	-0.00996602	0.25182418	0.12882532	0.15642862	0.27530871	0.08351883	0.02132365	0.00921931	0.28788748	0.02699132	-0.05716413	0.02119040	-0.02352756	0.20302210	-0.03847045	-0.08595891	-0.05417980	-0.02799504	-0.01479113	0.10451039	-0.14410343	0.09141276	-0.05208402	0.04727969	-0.03323211	-0.11739050	0.02481916	-0.03939251	-0.12448833	0.05282593	0.10622851	-0.03588177	-0.07484668	-0.00609311	0.02396684	0.03269400	-0.26930191	0.02141435	-0.02553944	0.03752165	-0.20041143	0.23448715	0.04344364	0.01725859	0.06349004	0.08774529	0.08522040	0.48838417	0.36264279	0.27741599	0.08186851	0.19705644	0.36093203	0.26286401	0.35001948	0.50390191	0.47915633	0.56030027	0.56161967	0.55518681	0.47389257	0.26725341	0.44361503	0.39578670	0.32491021	0.37215720	0.45348598	0.28754654	0.36219948	0.42382908	0.35500209	1.07441840	0.29714404	0.61834540	0.40864149	0.61592645	0.34311679	0.39130620	0.29656649
region26	0.47481652	0.37594586	0.38472408	0.52766511	0.15220734	0.04947444	0.42245565	0.16614080	0.22430323	0.16649324	0.29416556	0.25002883	0.19243443	0.46601684	0.42858664	-0.04473696	0.14003595	0.32503413	0.15776942	0.16224931	0.22781027	0.19186386	0.15533955	0.16779062	0.08454179	0.29443768	0.25014831	0.16560803	0.22206490	0.19899475	0.09484452	0.13760154	0.09813779	0.25047541	0.28770648	0.29747649	-0.17924253	0.31984981	0.43181696	0.30747278	-0.08194504	0.23814492	0.00186786	0.34040806	0.28199085	-0.01869213	0.15980127	0.03971235	0.23561979	0.23488596	0.21608845	0.25716902	-0.03440231	0.01327440	0.01140360	-0.07440947	0.12361902	0.15663967	0.24551710	0.47821757	0.21236960	0.46631563	0.30479145	0.03968630	0.26065934	0.16281846	0.26470770	0.24900828	0.18984870	0.06955986	0.24267794	0.27182909	-0.03482038	-0.09760408	-0.07139693	0.10841729	0.12748326	0.14776754	0.18769893	0.10507721	0.23247587	0.43690293	0.21647100	0.17264214	0.18165527	0.15492289	0.16996501	-0.09955476	0.03145259	0.03615073	0.00137074	0.02803428	0.14648337	0.13207131	0.08640533	0.08425780	0.22498054	0.05640978	0.37886242	0.41374376	0.06881856	0.31784219	-0.01854112	-0.00995524	0.13361785	-0.11022629	0.38671928	0.31033441	-0.12221010	0.24760089	0.03244699	0.03710389	0.48194358	-0.01899934	-0.18428453	-0.01651804	-0.17318201	0.14520034	0.04942699	0.09991327	0.12880251	0.24894654	0.04919494	0.37969748	0.19314153	0.11109400	0.48374502	0.27500367	0.09751486	0.16635647	0.28064296	0.18671175	-0.01303837	0.45208478	0.43193658	0.43810474	0.38145879	0.15799217	0.44608471	0.32863009	0.39025057	0.33096284	0.45457216	-0.10802991	0.16375032	0.21389169	-0.02782545	0.02475869	0.30000283	0.27554149	0.19669726	0.38833495	0.39116127	0.20125917	0.28648491	0.14119504	0.06327711	0.23878003	0.32749691	0.12842364	0.40045340	0.13183600	0.23935955	0.18697593	0.42092589	0.16682082	0.29451357	0.19545501	0.13665555	0.17427102	0.34354163	0.26686468	0.27358262	0.38473950	0.44621162	0.51969270	0.44601433	0.52879887	0.47615161	0.60754432	0.44626383	0.46941300	0.27258221	0.27842912	0.34836717	0.36481497	0.33689357	0.01758706	0.20305597	0.15053081	-0.03995116	0.11686366	0.17174301	0.02986762	0.32284115	0.30744564	0.19559317	0.11643539	0.11293381	0.15050899	0.45518716	0.44921789	0.38758350	0.45623800	0.33942396	0.28117170	0.47112821	0.23012568	0.30918952	0.30660124	0.35417061	0.38388056	0.28226008	0.01723315	0.32702925	0.37151948	0.11611711	0.24471513	0.29697309	0.27878814	0.25884308	0.04896015	0.19455304	0.24792990	0.29090099	0.31474483	0.19576601	-0.08247680	0.28816652	0.15323477	0.22604650	0.23341001	0.16236740	0.16665477	0.15464231	0.20058906	0.11721705	0.10069827	0.19338377	0.00258358	0.33521391	0.28643103	0.39369170	0.27854805	0.28800478	0.08306406	0.12914762	0.15790291	0.19451324	-0.05904364	0.12606559	0.07115308	0.07614606	0.07103461	0.13832278	0.02757265	0.13039420	0.12293249	0.15191513	0.42917799	0.33987515	0.32776803	0.20972542	0.16722906	0.31262537	0.26198602	0.08595764	0.19107666	0.18105739	0.14605596	0.08232671	0.06471857	0.09598739	0.24282004	-0.01371009	0.04137512	0.01273069	0.00045431	0.09842769	0.17156872	0.23558836	0.20420561	0.04876416	0.14659012	-0.00417931	0.07429309	-0.00560437	0.12857455	0.10117652	-0.00791391	0.06070928	-0.13365158	-0.02930875	0.05015810	-0.10858568	0.09136919	0.02384408	-0.04994148	-0.04963584	-0.02166581	0.06962096	0.42437411	0.35489123	-0.01077956	-0.04972501	0.13441107	0.25517369	0.30767121	0.14794036	-0.02938076	0.23383623	0.15236559	0.25379457	0.32251441	0.11930305	-0.08362115	0.13877846	0.12504918	0.02081548	-0.04779121	0.12772097	0.04433343	0.04331994	-0.09308087	0.14188802	-0.05065390	-0.02592923	0.13829760	0.31147060	0.27351548	0.25783701	0.34510713	0.00931964	0.23188368	0.15091621	0.21383840	0.34655068	0.37958870	0.26651544	-0.02703319	-0.09378100	0.15723932	0.28428132	0.29745640	0.52887743	0.25266521	0.07860732	0.09884794	0.33909208	0.20493603	-0.13610817	-0.03865033	0.22318428	0.01386433	-0.00562811	-0.00277798	0.04973450	0.23132736	0.38696442	0.22961131	0.40645049	0.36999330	0.18476671	0.27739546	0.02587397	0.16161955	0.12170552	0.33705676	0.23643503	0.19542939	0.31886860	0.48748420	0.17560860	0.28653278	0.31283093	0.32424858	0.39368906	0.33251812	0.38492271	0.42957366	0.45718525	0.21486432	0.31742631	0.11890318	0.08248622	0.08296950	0.10421937	0.00261238	0.23846239	-0.00277790	-0.02117356	0.02702565	0.18133853	0.35140447	0.14345797	0.08732366	0.05466806	0.06329274	0.36542862	0.15186115	-0.22536240	0.00075789	0.13076520	-0.00434137	0.15235108	-0.14848581	0.11027872	0.08083452	0.24722530	0.19531312	0.01711552	-0.11727297	0.21425259	0.12814765	0.29065625	0.33784806	-0.26786262	0.00875496	0.02033735	0.25958576	0.05505568	-0.11580479	0.15730896	0.08382034	0.17400373	0.02787061	-0.02958571	0.22920241	0.28412066	0.10403227	0.32252857	0.38230189	0.48667899	0.23264153	0.20453174	0.07224054	-0.12100601	0.35182851	0.35041698	0.05398037	0.39513042	0.39679548	0.45655538	0.44785314	0.53198645	0.54613108	0.39722857	0.35499483	0.35498608	0.30540029	0.24421557	-0.21121735	0.01745034	0.26819825	0.27373176	0.11268286	0.29714404	1.18941898	0.63837371	0.67278010	0.53491370	0.62613399	0.49791090	0.44996034
region27	0.62738903	0.58184926	0.44578389	0.64689049	0.18024000	0.12765111	0.48410694	0.28833904	0.37198061	0.32777779	0.39716822	0.32323791	0.39294598	0.55754286	0.63789736	0.07268363	0.17652991	0.45360178	0.15363779	0.24544009	0.29271452	0.24590518	0.27404694	0.22992515	0.17907349	0.25175107	0.28824699	0.27804453	0.30113284	0.20476510	0.18084078	0.12093343	0.26014669	0.33443575	0.39243306	0.45121637	0.06265190	0.43653432	0.54728503	0.32578703	0.21959635	0.41329887	0.24481119	0.33848630	0.24104877	0.10478172	0.04654594	0.03527679	0.08583722	0.20696078	0.14534064	0.21347023	0.04729630	-0.10392225	0.04582019	-0.16847167	0.17374917	0.15913645	0.33059209	0.56597439	0.39471147	0.55769490	0.36073035	0.00329630	0.36842245	0.24280353	0.32854482	0.33383580	0.28584149	0.15099555	0.27473493	0.42729702	-0.14619726	0.08298613	-0.10908708	0.14753602	0.20712784	0.31969970	0.27452651	0.26439895	0.38192207	0.49566446	0.22816188	0.29226604	0.24220362	0.19368025	0.27012305	-0.19727317	-0.14039619	-0.04432781	-0.06217678	0.03080905	0.15903915	0.27200028	0.12488270	0.08708127	0.27288073	0.09080716	0.40533625	0.62647621	-0.15484912	0.28159384	-0.15582237	-0.03323927	0.19680414	-0.06398643	0.14041317	0.34719377	-0.12697208	0.37622444	-0.00243035	0.04114919	0.32924295	-0.02509987	-0.07864831	-0.15685326	-0.15141713	0.05821338	-0.14386055	0.11433021	0.19253310	0.36144227	-0.04345498	0.35838985	0.17244824	0.06172174	0.44986374	0.25352167	-0.10519497	0.07504746	0.37295541	0.20014248	-0.06303599	0.38589512	0.41419135	0.40149746	0.30913971	0.16644442	0.42893549	0.34938678	0.34625518	0.29460282	0.53472159	-0.13986673	0.14522483	0.25128096	-0.08102769	-0.00574944	0.38504775	0.26957049	0.18240583	0.33324944	0.38123368	0.31014800	0.38794300	0.18264788	0.08000281	0.26198109	0.47179751	0.19844966	0.40086106	0.19571759	0.33275890	0.22361739	0.33307561	0.14647442	0.19057312	0.11266351	0.16388884	0.27575041	0.38098778	0.45016666	0.32567756	0.41908745	0.48961467	0.51906934	0.45248282	0.51046939	0.39108209	0.62272701	0.44341029	0.62188516	0.41988997	0.20856355	0.43331898	0.50031069	0.54366091	0.10204636	0.23234077	0.25058592	0.02418211	0.21858495	0.24379627	-0.03722541	0.37613054	0.39090653	0.35999090	0.09933214	0.14302099	0.20314953	0.50401269	0.48130086	0.55120741	0.60737814	0.35675130	0.33379779	0.61688744	0.30659097	0.31372204	0.39249103	0.37789528	0.46373982	0.42252765	0.05654392	0.49583173	0.46439200	0.17504596	0.35975348	0.33625284	0.31447525	0.30525142	0.04367255	0.25660268	0.26691104	0.22521462	0.27787285	0.34413311	0.00390460	0.36722452	0.23299688	0.43027004	0.41539088	0.27187679	0.19322289	0.31902359	0.34610526	0.24436509	0.22516770	0.39640253	0.24788794	0.47293380	0.41377617	0.32066483	0.30673794	0.24670897	0.15963011	0.11979234	0.19055396	0.15203313	0.02135234	0.20069060	0.11035843	0.16441197	0.10468755	0.27223994	0.02834215	0.11863023	0.21265558	0.34433104	0.59034251	0.49709320	0.40036250	0.28190800	0.32480166	0.40541602	0.37565823	0.18845664	0.35759139	0.29721470	0.23588400	0.25682778	0.20812558	0.13825505	0.20664580	0.03762098	0.18380598	0.13014028	0.13579943	0.18059614	0.38016273	0.35249746	0.24286234	0.16019411	0.15431789	-0.03588089	0.09948492	-0.09015510	0.16037129	0.25609081	-0.14269046	0.09959846	-0.22223632	-0.02977735	0.06999310	-0.14768477	0.11957995	0.05997613	-0.02722380	-0.02375789	-0.00676056	0.09664620	0.43034332	0.35427316	-0.16956510	-0.08114256	0.05622771	0.09380473	0.25912914	0.09960130	-0.10730002	0.16669562	0.22989084	0.04889076	0.28151018	0.02124968	0.06919302	0.08315757	0.10675083	0.05556403	0.06047631	0.17401066	0.18693410	-0.01987394	0.11772588	0.29503695	-0.10516526	0.03404110	0.24897678	0.38968618	0.33179006	0.28033079	0.32231967	-0.00016948	0.30365183	0.10441704	0.30801627	0.37892345	0.33518841	0.16398992	-0.18849296	-0.03677662	0.09419918	0.16549924	0.29166752	0.53093737	0.25805191	0.33770085	0.08622338	0.33207108	0.14212665	-0.09826734	-0.05628146	0.36357160	0.08611582	0.08033116	0.08012450	0.06939252	0.32872444	0.33736189	0.22711906	0.45381546	0.47869179	0.32692592	0.39317910	-0.04046514	0.13113681	0.18688078	0.29905444	0.18983148	0.16752020	0.38671652	0.49817264	0.16667483	0.40074571	0.25072252	0.35525672	0.42502950	0.21039896	0.40544790	0.47767171	0.35764075	0.37902874	0.35213367	0.07807869	0.07690420	-0.00066989	0.26093214	0.09186719	0.26078978	0.17746125	0.08404619	0.11881884	0.17987407	0.41944182	0.18105017	-0.02264399	0.10022333	0.01820596	0.39287261	0.00046113	-0.05845178	0.07491370	0.11025106	0.00320513	0.18481840	-0.08616723	0.24830886	0.07983151	0.12992921	0.12509506	0.11048704	0.04405040	0.07829616	0.06967486	0.26661044	0.33168464	-0.04485112	-0.05661930	0.03314492	0.14868745	0.15809250	-0.13892493	0.19973991	0.13892267	0.13587626	-0.07958000	0.21446437	0.20556755	0.17756991	0.19903897	0.31326860	0.31178120	0.64787991	0.37887949	0.35092678	0.25842563	0.13416984	0.51888422	0.41632376	0.41914505	0.55582055	0.58268235	0.64195445	0.61253906	0.70320325	0.68691292	0.52356291	0.57125730	0.55278856	0.50645762	0.48042935	0.29944205	0.32106129	0.54267572	0.44082260	0.38247868	0.61834540	0.63837371	1.08372269	0.67071945	0.74474326	0.61919184	0.60671689	0.53730371
region28	0.61550346	0.47491377	0.45862091	0.61356979	0.18409695	0.17890727	0.57586564	0.23764376	0.38531695	0.33101121	0.31688894	0.21043742	0.17942780	0.34886763	0.52909655	-0.03783745	0.02786852	0.32874697	-0.02612542	0.07876921	0.12581359	0.07945526	0.09308046	0.08635135	0.04366385	0.26177780	0.24805217	0.02718502	0.16983391	0.06007645	-0.00062827	0.02330707	0.04660498	0.09934540	0.19883708	0.30441425	-0.10437677	0.30850676	0.36746098	0.12979201	-0.05116085	0.18471895	-0.02779785	0.44580012	0.32063742	0.10814385	0.18726015	0.01371675	0.22308265	0.26345390	0.18991224	0.14589584	-0.09539843	-0.02528555	0.03856018	-0.11389684	0.20153929	0.02579230	0.29964923	0.35662349	0.18141019	0.51774267	0.36773148	0.05826171	0.19940887	0.18215728	0.12949610	0.15505178	0.12189731	0.00806592	0.12010268	0.22284729	-0.09460673	0.05349072	-0.06890038	0.08264609	0.03870358	0.03234159	0.12709714	0.12345948	0.25764315	0.46938787	0.16878623	0.15787348	0.16200951	0.15422064	0.18231616	-0.15823206	-0.05449443	0.19702431	-0.03510654	0.08588302	0.10693910	0.22678155	-0.04936845	-0.06973311	0.15064110	-0.03846558	0.32105049	0.43529310	-0.15891126	0.13029858	-0.18643667	0.05978349	0.09658478	-0.16714014	0.20821619	0.15754030	-0.14520661	0.16935587	-0.00369070	0.10147638	0.55638349	0.13136640	-0.12936548	0.02552582	-0.02265390	0.24359930	-0.05495294	0.07681874	0.21923476	0.16082706	-0.10087681	0.23800719	0.04782846	0.03787249	0.39823519	0.18485942	-0.06947663	0.11555495	0.29609464	0.11437543	-0.08697311	0.38106388	0.34579401	0.30286703	0.16150459	0.09035299	0.42176809	0.31182004	0.40104286	0.23299384	0.53407407	-0.23878014	0.01187986	0.17362484	-0.26530402	-0.18992013	0.34174491	0.18686085	0.09357744	0.31835724	0.32699879	0.21872478	0.32263832	0.03115865	-0.11426178	0.08431481	0.42746702	0.05189482	0.36852830	0.09513431	0.27435130	0.15588064	0.31231798	0.04817480	0.18978791	0.25642947	0.30272013	0.22378651	0.41334528	0.37230447	0.28034016	0.37557097	0.52438488	0.55987621	0.41930324	0.47026903	0.38729253	0.51379014	0.40562203	0.50915326	0.23309498	0.22582338	0.42625468	0.36103617	0.44110041	0.04935406	0.07944560	0.10319045	-0.09459271	0.07204769	0.29113033	-0.05603235	0.28412789	0.48476524	0.27131203	0.11213100	0.23740662	0.21008160	0.39364829	0.45541352	0.40937742	0.58947138	0.49010688	0.29869501	0.62806034	0.31497929	0.43016510	0.33883020	0.32966939	0.43141260	0.23460042	-0.01215553	0.30818580	0.22122088	-0.00432733	0.13617206	0.23982114	0.18046646	0.17633021	-0.11899482	0.11180075	0.15040952	0.19468525	0.21216860	0.10207505	-0.10351170	0.19836977	0.04546271	0.22711192	0.15199269	0.08106128	0.01886122	0.09002079	0.21514108	-0.00670187	0.08685255	0.28565220	0.01113946	0.32619078	0.23123270	0.23453767	0.16229698	0.18224622	0.05708586	0.22510646	0.17899144	0.13153331	-0.09672130	0.10374930	0.15413788	0.08071837	0.03910349	0.20237535	0.03376742	0.14632449	0.13296027	-0.01561218	0.38537911	0.38870437	0.31552334	0.25048368	0.18773478	0.26528924	0.24456646	0.07304536	0.20780890	0.13072560	0.10107232	0.06322665	0.00668872	0.17764392	0.29469224	0.00949865	0.00131448	0.06824969	-0.06901884	0.00627878	0.12848416	0.25797413	0.15178051	0.09523609	0.08240169	0.03116149	0.09547609	-0.08615730	0.10828293	0.12792727	-0.11789331	0.09577283	-0.10980476	-0.02090470	0.03181535	-0.11058993	0.00465413	-0.02443558	-0.18635202	-0.03507846	-0.05209732	-0.08840677	0.31605315	0.28482354	-0.09218359	-0.04871857	0.08255891	0.14739167	0.18378348	0.03786354	-0.14748452	0.12914228	0.06517631	0.12197473	0.17550171	0.12595009	0.03038726	0.06004053	0.29196723	0.17867844	0.18057069	0.04174693	0.30042294	-0.00606885	0.00924982	0.19158189	-0.11865795	-0.05497673	0.13247005	0.34045041	0.28275278	0.20982298	0.28055763	0.07434439	0.24671936	0.06981988	0.28889223	0.29445514	0.27945029	0.16985036	-0.13548920	-0.04912440	0.08055912	0.16771148	0.21963954	0.47628696	0.19326792	0.18097074	-0.00879409	0.32688614	0.15841435	-0.16139196	-0.14732265	0.29257297	0.00573825	0.01061378	-0.01492653	-0.18229497	0.24589192	0.31625977	0.19231249	0.34441927	0.38118723	0.22912628	0.32235729	-0.12799047	-0.07799872	0.10788248	0.23434302	0.24648591	0.04448038	0.31255653	0.47648103	0.06676640	0.25163947	0.35265883	0.22126961	0.35033802	0.19722441	0.38589592	0.32868495	0.28848507	0.17035550	0.27755331	0.07521975	0.11423565	0.10030953	0.11609499	-0.00162251	0.18883651	0.00393541	0.09429379	0.09699944	0.19981136	0.31739426	0.13510075	0.02829146	0.06514885	0.12340615	0.30914594	0.08898143	-0.00920432	0.06255786	0.13722210	-0.03392880	0.02831600	-0.05772020	0.10442980	-0.06897036	0.21246304	0.04108392	0.02708555	-0.02737872	0.14185913	0.12376595	0.22670171	0.30493655	-0.12470913	-0.05036644	0.13636952	0.12014549	-0.01049361	-0.11515400	0.10259504	0.05531872	0.09072081	-0.04277026	0.02629377	0.11024879	0.25235408	0.11433507	0.30379071	0.26864668	0.45729300	0.20008345	0.10956654	0.19397206	0.00837315	0.30949182	0.15201764	0.22095989	0.46538506	0.49468385	0.50103102	0.51144525	0.62992267	0.65560927	0.62827497	0.57721435	0.36433991	0.30284743	0.19107608	-0.01748579	0.06008440	0.27262639	0.18301904	0.10767446	0.40864149	0.67278010	0.67071945	1.14610899	0.69085695	0.72280624	0.76697581	0.60820766
region29	0.59317941	0.49384074	0.37882860	0.62626551	0.27319215	0.13131977	0.49259546	0.25079126	0.37530641	0.33486560	0.31479831	0.23954691	0.26360861	0.48629050	0.56244553	0.04359116	0.14547695	0.34128064	0.05399949	0.15771799	0.17127168	0.10364525	0.16209614	0.12738638	0.15697644	0.27223131	0.29153660	0.18829076	0.26039374	0.14918067	0.11385592	0.09418419	0.26280969	0.29302293	0.31001053	0.43960323	0.06320345	0.37301601	0.46368313	0.24659040	0.14917079	0.31613966	0.18112649	0.34072677	0.24102455	0.04001905	0.08200380	0.00214270	0.17227908	0.17282529	0.16854431	0.16728010	-0.01396111	-0.05568470	0.04100584	-0.14565531	0.10956901	0.15483817	0.27553411	0.37997602	0.26275635	0.56271768	0.35207454	0.09214279	0.29285843	0.22738659	0.29664051	0.27468158	0.23283143	0.11646301	0.24944026	0.35774989	-0.11556566	0.11102410	-0.03681414	0.16278933	0.20371926	0.24461182	0.20692450	0.19015168	0.34293237	0.54107650	0.21714738	0.25436664	0.13299029	0.17812299	0.25092963	-0.11181186	-0.11449588	-0.02244440	-0.11213502	0.08594093	0.12720194	0.23558382	0.12119043	0.04623725	0.24746244	0.05114154	0.34524183	0.52316581	-0.16800922	0.18526432	-0.16152446	-0.04124860	0.11654153	-0.12858101	0.10293497	0.19384693	-0.08816127	0.25017575	0.04185324	0.12857875	0.36492463	0.10182083	-0.00524574	-0.03672023	-0.07357166	0.02412914	-0.08686482	0.10367366	0.19050935	0.28541003	-0.02788159	0.33680179	0.13130354	0.05365824	0.36425310	0.23451009	-0.12747301	0.08739470	0.29656207	0.04093398	-0.07199015	0.29821139	0.42631764	0.28637034	0.25172638	0.11848721	0.41738310	0.26227667	0.28157200	0.16942195	0.50274839	-0.33035786	0.02691809	0.23660793	-0.15634064	-0.10693394	0.27543233	0.19009407	0.11228690	0.24460608	0.28458946	0.25031659	0.29507136	0.05851843	-0.06348533	0.18529551	0.39467007	0.16577679	0.30696955	0.14007796	0.27129297	0.13686609	0.21423285	0.05318818	0.23963490	0.16509410	0.14433526	0.24562873	0.41955614	0.41829288	0.35914202	0.36843979	0.47115308	0.44549881	0.36608196	0.42986376	0.35047272	0.50748307	0.39869240	0.54633386	0.32706846	0.13321541	0.40061932	0.43562706	0.50848829	0.10131064	0.17648188	0.18919075	0.01894704	0.17068623	0.17330743	-0.06093783	0.33489540	0.41126768	0.36174521	0.20421024	0.27397372	0.28178627	0.41175621	0.42399960	0.43257494	0.57133084	0.34384438	0.26724566	0.54658623	0.33862131	0.35674888	0.38412818	0.33551926	0.40322543	0.29657278	-0.00651474	0.42660756	0.32713746	0.08880483	0.21904235	0.24969369	0.22614561	0.18123700	-0.03816933	0.12965604	0.13563695	0.21000069	0.26001056	0.30835544	-0.00110113	0.34840504	0.21372139	0.35542650	0.31851400	0.22630064	0.12024915	0.27364802	0.28798926	0.13679216	0.11112670	0.30405564	0.13161448	0.38003119	0.33945903	0.27590832	0.30035952	0.21780879	0.06319413	0.11180210	0.15806548	0.08337580	0.01415049	0.13695064	0.05011735	0.14925796	0.06735492	0.23683418	0.08099395	0.09834991	0.19269730	0.19015012	0.46866487	0.43968033	0.34954907	0.23895514	0.26903641	0.34204706	0.33022475	0.15090809	0.33355117	0.27332280	0.18184379	0.22538263	0.15337857	0.14298034	0.12292726	0.04204555	0.19520013	0.12213075	0.08444071	0.15825093	0.28747552	0.29780604	0.24384175	0.14008678	0.13110761	0.00624863	0.08011583	-0.06192857	0.07924635	0.20918315	-0.11735341	0.06184108	-0.16405984	0.01790357	0.09814999	-0.15035717	0.04864764	0.05298460	-0.01981579	-0.06777371	0.01076959	0.09300336	0.35697006	0.27340751	-0.09734895	-0.01378134	0.03597923	0.05774357	0.23880142	0.04371572	-0.17098074	0.09990673	0.10122973	0.07171113	0.26119850	0.05320169	0.00868865	0.10664035	0.14279059	0.06595443	0.11634857	0.15850199	0.22874318	-0.03940699	0.08864650	0.30654007	-0.05821266	-0.03463343	0.21678722	0.27630621	0.25345153	0.15531031	0.24067348	0.03215760	0.22477472	0.03747496	0.27598504	0.35945143	0.21173443	0.12182400	-0.12188528	-0.04491974	0.05985025	0.05729821	0.14770299	0.43429797	0.17908656	0.26136478	0.02641517	0.22658943	0.05318988	-0.12224963	-0.19841237	0.27466294	0.04674915	0.08342792	0.02587778	-0.03382466	0.26298044	0.22754297	0.16697682	0.39301322	0.34508560	0.28674678	0.28956082	-0.13992710	0.06487269	0.08457063	0.22765100	0.14601670	0.06301304	0.31334784	0.41013848	0.12427492	0.37123314	0.24309890	0.28955706	0.33642440	0.14335846	0.33824863	0.34989941	0.27813706	0.26637230	0.26195232	0.04538666	0.04120294	0.03022600	0.25889742	0.09654628	0.22829327	0.20231360	0.13662205	0.10463896	0.18230167	0.39162773	0.14452503	0.00201877	0.05125476	0.01188087	0.31280011	0.00926159	-0.04939517	0.07386661	0.03421397	-0.00375910	0.09788246	-0.13649700	0.24907670	0.03770601	0.21649696	0.08058081	-0.00822756	0.01038832	0.08185271	0.06869716	0.23266538	0.28765657	-0.03663592	-0.05007658	0.08539981	0.12052108	0.12335193	-0.16225215	0.13747397	0.02398730	0.19068875	-0.02538676	0.13127404	0.16841674	0.21229895	0.15555671	0.31809769	0.30608355	0.57770043	0.26779853	0.26243328	0.25196284	0.13970336	0.38510025	0.26303600	0.37616842	0.53004662	0.52750250	0.57008420	0.55121121	0.67096872	0.65432069	0.54093182	0.53464024	0.53337192	0.37679609	0.38844711	0.21323263	0.26813233	0.41684549	0.32961542	0.25501382	0.61592645	0.53491370	0.74474326	0.69085695	1.08085815	0.70315000	0.69681500	0.50895643
region30	0.45115922	0.35890556	0.35732397	0.47191408	0.20120832	0.18986533	0.42972547	0.23537363	0.36831125	0.34709819	0.27011009	0.21628548	0.17018014	0.29932187	0.42546044	-0.07223097	0.03759618	0.27293490	-0.07715679	0.02097958	0.04537001	-0.02595328	0.05609940	-0.02190557	0.08250265	0.16575642	0.22330844	0.01966841	0.17240999	0.05902269	0.05715258	0.11803965	0.17700959	0.22519267	0.24608497	0.33853885	-0.04011028	0.26714406	0.36096073	0.18709211	-0.00596616	0.13692257	0.00362451	0.31404989	0.20969419	-0.02671257	0.08957178	0.02290301	0.26363054	0.18107834	0.14024823	0.11407557	-0.08706033	-0.12413006	0.02536822	-0.13815919	0.13427444	0.11991979	0.24210778	0.28844430	0.19372633	0.50274893	0.31719579	0.14919437	0.26120338	0.20603483	0.16159579	0.16026033	0.13221342	0.10534167	0.10433142	0.18667310	-0.17848782	-0.08134221	-0.10446461	0.07490420	0.14425456	0.11563342	0.09646692	0.04749828	0.17577717	0.52091272	0.16631874	0.19337254	0.15164861	0.14285235	0.28257594	-0.19026579	-0.08800485	0.04469071	-0.03946015	0.11198904	0.07700597	0.18853614	0.03544145	-0.03354985	0.13503718	0.00022076	0.37239035	0.42283763	-0.20673049	0.18579086	-0.21824163	-0.03625217	0.08631147	-0.09979215	0.18689879	0.17487966	-0.14082821	0.15724986	0.06059613	0.12464491	0.56034776	0.20823048	-0.00673302	0.07153657	0.03661105	0.21638722	-0.02260911	0.11239972	0.15607454	0.21286627	-0.12514982	0.19818693	0.08978486	-0.03844559	0.30133107	0.20099290	-0.14900569	0.06709099	0.27512238	0.05829254	-0.05054625	0.29440818	0.32789017	0.22952052	0.14802019	0.03459991	0.42443955	0.22660658	0.33392133	0.20737895	0.63990559	-0.35548410	-0.05569459	0.15586662	-0.22974620	-0.15542408	0.27674575	0.12404307	0.10039684	0.33521280	0.26616389	0.21924665	0.28788363	-0.00095908	-0.09336563	0.14840509	0.40794945	0.12208679	0.33946223	0.09846688	0.30906569	0.23772149	0.22240911	0.12911616	0.29126769	0.35331500	0.26217382	0.27037552	0.40918392	0.42181699	0.43563406	0.48832507	0.57290716	0.59148653	0.52040221	0.49649856	0.37887283	0.53938224	0.52619314	0.54707489	0.29575459	0.14118458	0.49791119	0.50076574	0.54151712	0.06018589	0.03861394	0.09206440	-0.07442039	0.03086728	0.22718719	0.03796994	0.24876488	0.38780857	0.34485250	0.28020320	0.26964237	0.27001461	0.43978858	0.37823269	0.35194981	0.47787280	0.40408020	0.14545831	0.55083700	0.37054893	0.47423676	0.39474545	0.31829644	0.43080354	0.22594802	0.01054778	0.23360571	0.21602313	-0.00505181	0.07546228	0.19089696	0.17454002	0.06258505	-0.14275466	0.06490641	0.16039146	0.20280608	0.19171153	0.17456403	-0.05147508	0.31395767	0.15410878	0.24451003	0.14802116	0.20046704	0.16028624	0.13363228	0.15419503	-0.05180223	0.01682556	0.15654149	0.02391404	0.25592540	0.24000506	0.23299914	0.11196808	0.04946825	-0.00916558	0.11963550	0.10251496	-0.00834660	-0.03583197	-0.00482364	0.02789851	0.09344190	-0.05681804	0.09375786	-0.02479025	0.07772549	0.09898748	-0.01989561	0.33029998	0.39668714	0.32257857	0.19133360	0.21073381	0.29921701	0.30219226	-0.04742683	0.18303827	0.11002619	0.02942110	0.04848125	-0.01687891	0.08581063	0.12933149	-0.06336101	-0.00859800	0.01355272	0.00290059	0.02334055	0.12723661	0.20776632	0.10718982	0.03804252	0.08179977	-0.05420884	-0.00712513	-0.14856553	0.02544351	0.20633388	-0.19597261	0.04092907	-0.17141301	-0.05265698	0.02278853	-0.13884107	-0.01993134	-0.04738626	-0.21733864	-0.15292190	-0.11848832	-0.01412047	0.32750837	0.31707291	-0.11622471	-0.11521574	-0.00886881	0.21278830	0.18640842	0.09133460	-0.17159015	0.17521231	0.06680369	0.04929843	0.15086681	0.15757718	-0.12161748	0.08257468	0.33879133	0.13355405	0.21603899	-0.02888715	0.26097640	-0.08116007	0.05140134	0.11778852	-0.20032759	-0.14877462	0.13721009	0.24980963	0.16939150	0.13571568	0.22693359	-0.01061818	0.24470931	-0.00215345	0.29779209	0.26491813	0.25543115	0.13284420	-0.17356932	-0.16840106	0.01662980	0.11440534	0.12270178	0.39888445	0.08654866	0.11165400	-0.04547784	0.20978318	0.09755226	-0.15955067	-0.29797694	0.22078914	0.01358611	-0.03673352	-0.01525207	-0.21673432	0.23548951	0.26474162	0.09159487	0.36008377	0.29831773	0.20303632	0.25131228	-0.21679146	-0.00421643	0.04216634	0.16801094	0.12698561	0.08805589	0.32011462	0.48127362	0.03080884	0.25796238	0.35963076	0.28035493	0.28462478	0.20685905	0.38379049	0.31680964	0.30488720	0.18642064	0.31969146	0.13593680	0.02721506	0.10879038	0.08460634	0.02127741	0.08561275	0.05318897	0.09097715	0.19794864	0.20169998	0.32266742	0.22639952	0.05102499	0.08444860	0.06931429	0.33152485	0.07585981	-0.01643735	0.05606116	0.12149986	-0.03680565	0.07066368	-0.07929020	0.19362916	0.02136011	0.25162569	0.11624965	0.04285670	0.07839491	0.16214924	0.11459453	0.28096750	0.35392519	-0.08307349	-0.03850891	0.14482114	0.10906726	0.05484789	-0.09966146	0.13020296	0.00798755	0.22251849	0.05827702	0.07262122	0.15123075	0.26491067	0.03598211	0.34520498	0.30311376	0.38648864	0.16409699	0.16972847	0.18468286	-0.04162720	0.25555213	0.13812705	0.23867646	0.39025176	0.39921016	0.41735020	0.42419729	0.58493520	0.65623043	0.64664961	0.44100304	0.38786778	0.28993715	0.20836903	-0.10994291	0.11860422	0.25105974	0.10866029	0.07661138	0.34311679	0.62613399	0.61919184	0.72280624	0.70315000	1.12067269	0.73676409	0.58403291
region31	0.55135126	0.40932983	0.52318305	0.55076080	0.15428668	0.26061444	0.52529369	0.27464180	0.39640896	0.34132216	0.29584935	0.20458639	0.15918935	0.32942053	0.47017157	-0.08118186	-0.02201744	0.28995392	-0.13956689	0.05088056	0.01563611	-0.08794872	0.00334902	-0.04149123	0.02201222	0.13390929	0.25574290	0.04605334	0.17694990	-0.00782022	0.01029088	0.06092837	0.13211548	0.15028095	0.18581094	0.35698548	-0.03699899	0.28681009	0.36156836	0.15329366	-0.00261498	0.08542322	0.06869925	0.39927194	0.23528668	0.03973314	0.14667445	-0.05285780	0.18046471	0.29224158	0.18773304	0.18513797	-0.04378115	-0.03695553	0.09258401	-0.07008278	0.20701082	0.03795608	0.31893514	0.24803390	0.15645925	0.50236927	0.34266820	0.14982844	0.19507617	0.16965139	0.14706677	0.14010433	0.07895608	0.06657250	0.16407238	0.22086556	-0.11329711	0.09760775	-0.05476071	0.10666186	0.10187647	0.03682610	0.15889168	0.03809633	0.20460853	0.42265591	0.11529009	0.14373934	0.14492974	0.11057300	0.20423173	-0.13603687	-0.01004254	0.07980852	-0.04375955	0.10204753	0.08954297	0.22472188	0.10303802	-0.05020463	0.12151402	0.01698601	0.28545949	0.44504093	-0.21416559	0.07763605	-0.23087643	0.05461380	0.10665150	-0.09825043	0.12177245	0.08996430	-0.04180121	0.17343378	0.08698752	0.12891251	0.52963067	0.28386225	0.07290371	0.11843912	0.06022804	0.25911039	-0.05388918	0.01675469	0.26419712	0.15209929	-0.10928414	0.19938855	0.07594460	0.05213633	0.27748606	0.19287505	-0.16162062	0.09743943	0.21966357	0.05782517	-0.05550049	0.27937906	0.31832169	0.22692952	0.10180283	0.06603169	0.32109920	0.24463319	0.32795475	0.13801642	0.52376778	-0.32015913	-0.05692524	0.10601298	-0.29800815	-0.20019963	0.24478699	0.06110378	0.02252439	0.20176164	0.17720917	0.17147135	0.26489962	-0.01032580	-0.16427167	0.08485014	0.39278402	0.06208981	0.28244992	0.03932385	0.24619461	0.11673135	0.22344677	0.00212156	0.18114796	0.28771913	0.32104198	0.20308541	0.41216672	0.36946758	0.31260483	0.32579497	0.47553838	0.49078954	0.35833943	0.34375813	0.27436664	0.44540643	0.33689749	0.45289632	0.20873955	0.13513860	0.42066325	0.40184903	0.44571508	0.07494879	0.00806985	0.05704361	-0.12636665	-0.00946284	0.15991774	-0.05081424	0.19208074	0.43089989	0.27095979	0.17282288	0.26022102	0.19060878	0.38152509	0.42689600	0.37985314	0.63803173	0.49881840	0.31843697	0.67435890	0.37964984	0.51097952	0.39729612	0.33868387	0.45264929	0.22114425	-0.00437526	0.24098530	0.15125883	-0.09092735	0.03885005	0.19339625	0.12929727	0.06325145	-0.10939285	0.01573657	0.16763277	0.13101706	0.10798473	0.12967129	-0.06477410	0.26178144	0.06363633	0.22824600	0.11070190	0.13349636	0.02746623	0.12098473	0.17481847	-0.08491266	-0.02464313	0.19772726	0.05082250	0.28610739	0.21520209	0.16249582	0.13424903	0.08267969	0.03667968	0.14879805	0.11859059	0.10647065	-0.06747107	0.00786997	0.08517315	0.15910497	-0.02402740	0.14682229	-0.01574031	0.16349176	0.12928466	-0.06136461	0.36543888	0.43078081	0.35187494	0.20201257	0.21051201	0.30414573	0.28483976	0.03030560	0.21373961	0.10824552	0.07859609	0.01509493	0.01263250	0.21517122	0.21320984	0.00087734	0.04242158	0.12154359	-0.03539780	-0.02448654	0.08249405	0.19710976	0.05258519	0.11676404	0.11223244	0.01793291	0.05945281	-0.10228121	0.04670823	0.22281589	-0.10152674	0.10997254	-0.14227653	-0.02077056	0.03659661	-0.11775005	-0.01224863	-0.03253208	-0.14074572	-0.08945534	-0.07300852	-0.11019121	0.29810262	0.22041594	-0.09344923	-0.05554059	0.03780290	0.07212529	0.14428673	-0.01366879	-0.16312724	0.02896637	0.05128778	0.13915439	0.17641471	0.15486441	0.05006967	0.13469808	0.33655511	0.25139623	0.32418968	0.05186267	0.36958002	-0.03305412	0.03528103	0.18096121	-0.13530275	-0.02746145	0.17601771	0.23463159	0.19732247	0.08324852	0.17647494	0.00697160	0.11448580	-0.01916121	0.37141610	0.26620952	0.20646976	0.12270235	-0.14856273	-0.08689021	0.01051819	0.07973599	0.12742163	0.35777609	0.06600960	0.19928886	-0.01491149	0.16802396	0.11614391	-0.15428863	-0.21908580	0.21079906	-0.02291987	-0.01651030	-0.01690649	-0.19376160	0.27986227	0.21457245	0.12304925	0.25755996	0.26089151	0.20856254	0.25785478	-0.22628114	-0.10527710	-0.01150767	0.12450431	0.15881248	-0.00983737	0.25368032	0.39970604	0.03552871	0.20978076	0.31571475	0.19253969	0.23193433	0.08796443	0.31296845	0.18596421	0.18497582	0.08506171	0.21697023	0.07362867	0.01470612	0.09076822	0.12065830	-0.03856492	0.05785611	-0.06100130	0.08007053	0.09907153	0.16721144	0.31158552	0.10499151	0.08024711	0.01453556	0.07224807	0.20698012	-0.00439912	0.09760013	0.08004501	0.13780186	0.02472873	0.04672179	-0.03001544	0.16322655	-0.02970015	0.28611543	0.11492733	0.00668391	0.10990966	0.22606708	0.17995965	0.28903329	0.33734275	-0.03873560	-0.10563070	0.13773777	0.08962828	0.06902030	-0.10514027	0.13843522	0.00124134	0.22083132	0.07491040	0.06406061	0.12544415	0.31460773	0.13619422	0.33977642	0.26161412	0.39300729	0.17902797	0.14725480	0.25459514	0.11671317	0.29480929	0.08197356	0.27707878	0.39612455	0.47499909	0.45698221	0.47601558	0.56888061	0.65656729	0.73135195	0.58245011	0.43289902	0.34312063	0.22880838	-0.05886121	0.11758645	0.24247660	0.11625909	0.15737930	0.39130620	0.49791090	0.60671689	0.76697581	0.69681500	0.73676409	1.06831915	0.67051239
region32	0.43341413	0.34517037	0.45183294	0.39297181	0.05843061	0.26476711	0.39540079	0.29588929	0.28429075	0.33466106	0.24557288	0.17784380	0.19462173	0.25888055	0.41668807	-0.03985507	0.00236108	0.31970287	-0.06899350	0.10981887	0.10877996	0.04950443	0.03988915	0.04432049	0.03671699	0.07527960	0.15436842	-0.02122222	0.17656307	0.03178489	0.02535324	0.00940986	0.00682252	-0.01937770	0.07862955	0.25089962	-0.10120137	0.22348321	0.26358552	0.01505161	0.02733503	0.06707399	0.04179554	0.35162162	0.23210678	0.04460856	0.12920843	0.02699017	0.21077319	0.24038301	0.16131596	0.17280842	0.05508042	-0.05071156	0.10872884	-0.01566992	0.19297038	-0.02639536	0.23146759	0.26743408	0.16338777	0.39401114	0.26183579	0.14692134	0.17150600	0.19083077	0.09419590	0.07233525	0.08459426	0.05003270	0.06400403	0.09462443	-0.10382442	0.06019172	-0.07866018	0.00713577	0.00746103	-0.03079547	0.10243891	0.03503855	0.11777612	0.30245153	0.06741221	0.11227312	0.09294518	0.10722861	0.21859463	-0.11916990	0.02627972	0.15536076	-0.01346671	0.03693895	0.04279692	0.10793469	0.04288303	-0.01857467	0.17596368	-0.01631049	0.29766209	0.34852856	-0.17897067	0.11528755	-0.20612292	0.02996339	0.07660651	-0.09833071	0.03476020	0.15078711	-0.04752676	0.20451810	0.10396499	0.12376552	0.54804237	0.27340964	0.06975588	0.10511946	0.10501456	0.32270331	-0.05609697	0.10054142	0.24492137	0.11862453	-0.12480383	0.14411211	0.08578831	-0.04387290	0.28812521	0.13106120	-0.19696246	0.03911426	0.19300197	0.06655965	-0.04893245	0.28166887	0.27517316	0.24565380	0.15610500	0.01725594	0.36027375	0.17064425	0.32443171	0.20433173	0.49362982	-0.10652853	0.07982807	0.13170478	-0.11129461	-0.12811462	0.29726662	0.14298091	0.16803913	0.29030395	0.22239964	0.25373039	0.31666221	0.14341666	0.03611995	0.12467422	0.40892142	0.15212132	0.33650527	0.04908906	0.29553547	0.22453369	0.26817707	0.10426153	0.17936883	0.35065769	0.48342284	0.18379459	0.41439065	0.34042479	0.33069013	0.38133733	0.44881543	0.48888165	0.38842156	0.39017547	0.30857782	0.39494140	0.39697732	0.42573025	0.22766782	0.04099050	0.38600203	0.37141453	0.40685550	0.10620543	0.03841017	0.11222648	-0.07023510	-0.02866558	0.15293664	0.02411528	0.18569840	0.35718163	0.40091149	0.16885455	0.27081542	0.23886526	0.33209760	0.34727607	0.33452615	0.46195001	0.45143108	0.21046485	0.58296593	0.26497460	0.38987468	0.32783388	0.28638860	0.41082286	0.21771918	-0.01864401	0.23757399	0.13782614	-0.05675950	0.13108145	0.18326048	0.12395144	0.15516589	-0.08261106	0.05680921	0.18309125	0.12242384	0.10886064	0.06610475	-0.07266244	0.17054151	-0.01283210	0.17437808	0.07448735	0.07784961	-0.00036058	0.07376338	0.06824664	-0.00982306	0.00081303	0.19086316	0.01544035	0.25155929	0.13523640	0.04889893	0.20027532	0.07849813	0.02246960	0.04969318	0.05055852	0.03738791	-0.08637311	0.05842619	0.06513425	0.13530761	-0.03557493	0.09199939	-0.02822735	0.10019444	0.07516599	0.03934907	0.32101787	0.40661811	0.29497164	0.22455617	0.24027147	0.28138251	0.35328009	0.02016307	0.16568721	0.05716551	0.01847164	-0.03077696	-0.03255221	0.21095363	0.15326369	-0.03063688	0.04398300	0.04216227	-0.06690375	-0.01586577	0.12968091	0.13503964	0.09441925	0.10535424	0.04520234	0.00746924	0.06858448	-0.09788331	0.06288271	0.29393121	-0.11232906	0.17045387	-0.13743480	-0.09392502	-0.01295604	-0.11143484	-0.00136498	-0.02485865	-0.09975778	-0.11559930	-0.04621567	-0.09132134	0.24491516	0.15486811	-0.09664641	-0.09175232	0.02130987	0.13721796	0.14370615	0.04445422	-0.15393651	0.15660875	0.09835319	0.08719676	0.16718792	0.16956237	0.08299455	0.10785698	0.37966894	0.21495609	0.32536424	0.04571943	0.33470903	0.02162048	-0.00646523	0.12742116	-0.13738405	-0.05051169	0.15287563	0.26364327	0.12898955	0.05486688	0.11077842	-0.02544327	0.09635851	-0.01096112	0.27114025	0.24509475	0.27693337	0.14086232	-0.15804848	-0.03360101	0.05645179	0.10720641	0.11100341	0.34691846	0.04086321	0.24917595	-0.00242704	0.20771503	0.13045838	-0.06263603	-0.07998280	0.23565043	0.04511252	0.07129289	0.11644809	-0.05765466	0.34468975	0.23306001	0.14093990	0.26842964	0.25889601	0.21306534	0.27756138	-0.07181349	-0.01101254	0.04751367	0.14380791	0.18236504	0.10275438	0.28195160	0.39738231	-0.01841997	0.21108082	0.29164937	0.22382816	0.20196481	0.19517495	0.26450377	0.19442635	0.18937142	0.15302571	0.21974625	0.07996760	0.04495794	0.09391961	0.06670783	-0.03642881	0.10323055	-0.04320304	0.17313475	0.18444028	0.10034209	0.34403860	0.15067325	-0.00324692	0.09953251	0.09991618	0.23464205	0.02736822	0.12894270	0.11858017	0.12086599	-0.00297727	0.04911543	-0.05853254	0.07174611	-0.07681358	0.19082947	0.08222231	0.01870698	0.07939561	0.14518442	0.08045306	0.19363529	0.23457621	0.02729545	-0.07493814	0.07133225	-0.00338811	0.08118143	-0.10133411	0.09444373	0.01077243	0.19183780	0.03011579	0.15774084	0.18164907	0.17573668	0.05346620	0.24050037	0.15202639	0.38911276	0.17594826	0.10830394	0.32885984	0.23011278	0.28893887	0.11119278	0.33340899	0.33552879	0.48477734	0.40695214	0.39634369	0.44847084	0.58492177	0.66791965	0.55254322	0.36035029	0.30449316	0.17148439	-0.00985124	0.14719973	0.20619009	0.16785322	0.19954243	0.29656649	0.44996034	0.53730371	0.60820766	0.50895643	0.58403291	0.67051239	1.02724984
